Column2,Column3,Column4,lat,long,chla
2014,1,18,36.3594,-0.7448,0.010715
2014,1,20,36.349,-0.3281,0.010715
2014,1,20,36.526,0.3594,0.011885
2014,1,18,36.1302,0.1615,0.012303
2014,1,20,36.2969,-0.2135,0.012303
2014,1,15,36.151,-0.7135,0.012735
2014,1,20,36.2344,-0.224,0.014125
2014,1,18,36.276,0.0469,0.016788
2014,1,20,36.4531,-0.1198,0.017378
2014,1,18,36.1198,-0.026,0.019275
2014,1,20,36.0052,-0.349,0.019275
2014,1,15,36.6615,-0.7135,0.020654
2014,1,20,36.526,0.349,0.020654
2014,1,18,35.9948,-0.401,0.02138
2014,1,18,35.8073,-0.8802,0.022909
2014,1,20,36.1719,-0.6719,0.022909
2014,1,20,36.5365,0.349,0.023714
2014,1,20,36.4844,0.4635,0.02541
2014,1,20,36.151,-0.6406,0.028184
2014,1,20,36.3698,0.026,0.031261
2014,1,20,36.1406,-0.026,0.032359
2014,1,20,36.026,-0.1302,0.033497
2014,1,20,36.4635,0.2552,0.034674
2014,1,8,36.0573,-0.6927,0.035892
2014,1,18,36.2031,0.1615,0.038459
2014,1,18,36.1927,0.1615,0.038459
2014,1,20,36.3594,0.0052,0.038459
2014,1,18,35.8177,-0.5156,0.039811
2014,1,20,36.0469,-0.276,0.039811
2014,1,20,36.0052,-0.2031,0.039811
2014,1,1,36.4323,0.5052,0.04121
2014,1,20,35.849,-0.7031,0.04121
2014,1,20,36.349,-0.3385,0.04121
2014,1,18,35.901,-0.3073,0.042658
2014,1,20,36.9635,0.8906,0.042658
2014,1,20,36.3906,0.2656,0.042658
2014,1,20,36.3594,0.0677,0.042658
2014,1,9,36.401,-0.0781,0.044157
2014,1,20,36.1927,0.151,0.045709
2014,1,20,36.151,-0.1302,0.045709
2014,1,15,35.849,-0.5365,0.047315
2014,1,18,35.8073,-0.8594,0.047315
2014,1,20,36.0885,-0.1198,0.047315
2014,1,20,35.8594,-0.5885,0.048978
2014,1,18,35.9635,-0.224,0.050699
2014,1,20,36.5781,0.9219,0.050699
2014,1,20,36.3177,0.1615,0.050699
2014,1,20,36.276,0.1198,0.050699
2014,1,31,36.0052,-0.5677,0.050699
2014,1,18,36.5156,-0.3906,0.052481
2014,1,30,36.0677,-0.349,0.052481
2014,1,31,36.026,-0.5469,0.052481
2014,1,18,35.7865,-0.8281,0.054325
2014,1,20,36.4948,0.6198,0.054325
2014,1,31,36.3802,-0.8594,0.054325
2014,1,18,35.7865,-0.8906,0.056234
2014,1,18,35.8385,-0.2344,0.056234
2014,1,20,35.9844,-0.7448,0.056234
2014,1,20,36.0677,-0.5365,0.056234
2014,1,23,36.8177,0.8073,0.056234
2014,1,15,36.1927,-0.6302,0.05821
2014,1,20,35.849,-0.8073,0.05821
2014,1,26,36.1719,-0.2344,0.05821
2014,1,9,36.5885,-0.4844,0.060256
2014,1,18,35.8281,-0.8594,0.060256
2014,1,20,36.2969,-0.2031,0.060256
2014,1,20,35.849,-0.5781,0.060256
2014,1,22,36.849,-0.349,0.060256
2014,1,23,36.8177,0.8177,0.060256
2014,1,24,36.7656,0.4844,0.060256
2014,1,30,35.9219,-0.8385,0.060256
2014,1,20,36.2969,-0.4323,0.062373
2014,1,20,36.0677,-0.1094,0.062373
2014,1,23,36.8073,0.7969,0.062373
2014,1,23,36.8073,0.8073,0.062373
2014,1,23,36.8073,0.8177,0.062373
2014,1,23,36.8073,0.8281,0.062373
2014,1,23,36.7969,0.7969,0.062373
2014,1,23,36.7969,0.8281,0.062373
2014,1,8,35.8385,-0.5052,0.064565
2014,1,15,35.849,-0.5469,0.064565
2014,1,20,36.5052,0.5573,0.064565
2014,1,20,36.474,-0.0156,0.064565
2014,1,21,36.6823,-0.6719,0.064565
2014,1,23,36.7969,0.8073,0.064565
2014,1,23,36.7865,0.8073,0.064565
2014,1,30,35.9219,-0.6406,0.064565
2014,1,1,36.901,0.9844,0.066834
2014,1,9,36.3906,-0.0781,0.066834
2014,1,18,35.7448,-0.6927,0.066834
2014,1,20,36.9427,0.9427,0.066834
2014,1,21,36.7031,-0.651,0.066834
2014,1,21,36.6927,-0.651,0.066834
2014,1,21,36.6927,-0.6406,0.066834
2014,1,21,36.6823,-0.6615,0.066834
2014,1,21,36.6823,-0.651,0.066834
2014,1,23,36.7969,0.8177,0.066834
2014,1,15,36.1302,-0.3906,0.069183
2014,1,20,36.1406,-0.0156,0.069183
2014,1,21,36.6823,-0.6927,0.069183
2014,1,21,36.6823,-0.6823,0.069183
2014,1,21,36.6719,-0.7135,0.069183
2014,1,21,36.6719,-0.7031,0.069183
2014,1,21,36.6719,-0.6927,0.069183
2014,1,21,36.7031,-0.6615,0.069183
2014,1,21,36.7031,-0.6406,0.069183
2014,1,21,36.6927,-0.6615,0.069183
2014,1,23,36.7865,0.8177,0.069183
2014,1,8,36.349,-0.3802,0.071614
2014,1,9,36.349,-0.1094,0.071614
2014,1,20,36.151,-0.0156,0.071614
2014,1,21,36.7135,-0.6719,0.071614
2014,1,21,36.6823,-0.7031,0.071614
2014,1,15,35.8177,-0.6302,0.074131
2014,1,18,36.1615,0.1719,0.074131
2014,1,18,36.151,0.1719,0.074131
2014,1,20,35.9844,-0.974,0.074131
2014,1,20,36.2135,-0.1406,0.074131
2014,1,20,35.974,-0.5469,0.074131
2014,1,21,36.7031,-0.7031,0.074131
2014,1,21,36.7031,-0.6927,0.074131
2014,1,21,36.7031,-0.6823,0.074131
2014,1,21,36.7031,-0.6719,0.074131
2014,1,21,36.6927,-0.7448,0.074131
2014,1,21,36.6927,-0.7344,0.074131
2014,1,21,36.6927,-0.724,0.074131
2014,1,21,36.6927,-0.7135,0.074131
2014,1,21,36.6927,-0.7031,0.074131
2014,1,21,36.6927,-0.6927,0.074131
2014,1,21,36.6927,-0.6823,0.074131
2014,1,21,36.6927,-0.6719,0.074131
2014,1,21,36.6823,-0.724,0.074131
2014,1,21,36.6719,-0.724,0.074131
2014,1,23,36.8385,0.7656,0.074131
2014,1,23,36.8281,0.7656,0.074131
2014,1,23,36.8177,0.7552,0.074131
2014,1,23,36.8177,0.7656,0.074131
2014,1,28,36.5365,-0.6823,0.074131
2014,1,30,36.099,-0.0365,0.074131
2014,1,30,36.099,-0.026,0.074131
2014,1,30,35.9323,-0.651,0.074131
2014,1,30,35.9323,-0.6406,0.074131
2014,1,30,35.9323,-0.6302,0.074131
2014,1,31,36.5365,-0.7656,0.074131
2014,1,18,35.8177,-0.8698,0.076736
2014,1,18,35.8177,-0.5052,0.076736
2014,1,20,36.3594,0.0573,0.076736
2014,1,21,36.7135,-0.6823,0.076736
2014,1,21,36.7031,-0.7135,0.076736
2014,1,21,36.6823,-0.7656,0.076736
2014,1,21,36.6823,-0.7552,0.076736
2014,1,21,36.6823,-0.7448,0.076736
2014,1,21,36.6823,-0.7344,0.076736
2014,1,21,36.6823,-0.7135,0.076736
2014,1,21,36.6719,-0.7865,0.076736
2014,1,21,36.6719,-0.7656,0.076736
2014,1,21,36.6719,-0.7448,0.076736
2014,1,21,36.6719,-0.7344,0.076736
2014,1,23,36.849,0.7552,0.076736
2014,1,23,36.8385,0.724,0.076736
2014,1,23,36.8385,0.7448,0.076736
2014,1,23,36.8385,0.7552,0.076736
2014,1,23,36.8281,0.7344,0.076736
2014,1,23,36.8281,0.7448,0.076736
2014,1,23,36.8281,0.7552,0.076736
2014,1,23,36.8177,0.7344,0.076736
2014,1,23,36.8177,0.7448,0.076736
2014,1,30,36.1094,-0.0365,0.076736
2014,1,30,36.0885,-0.026,0.076736
2014,1,30,35.9219,-0.651,0.076736
2014,1,30,35.9115,-0.6302,0.076736
2014,1,1,36.5365,-0.8281,0.079433
2014,1,15,35.9844,-0.4635,0.079433
2014,1,18,35.8385,-0.8385,0.079433
2014,1,18,36.526,-0.3698,0.079433
2014,1,20,35.9635,-0.9427,0.079433
2014,1,20,36.9531,0.2031,0.079433
2014,1,20,36.0156,-0.3177,0.079433
2014,1,20,35.7448,-0.6302,0.079433
2014,1,21,36.6719,-0.776,0.079433
2014,1,23,36.849,0.7344,0.079433
2014,1,23,36.849,0.7448,0.079433
2014,1,23,36.8281,0.724,0.079433
2014,1,23,36.8177,0.724,0.079433
2014,1,28,36.526,-0.6823,0.079433
2014,1,28,36.5156,-0.6719,0.079433
2014,1,28,36.5052,-0.6719,0.079433
2014,1,28,36.5052,-0.6615,0.079433
2014,1,28,36.3073,-0.276,0.079433
2014,1,28,36.2969,-0.276,0.079433
2014,1,30,35.9115,-0.6615,0.079433
2014,1,1,36.3073,-0.4323,0.082224
2014,1,18,36.0885,-0.3802,0.082224
2014,1,20,36.0573,-0.974,0.082224
2014,1,20,35.9323,-0.6719,0.082224
2014,1,20,36.5885,0.9219,0.082224
2014,1,20,36.0781,-0.6302,0.082224
2014,1,20,35.974,-0.6302,0.082224
2014,1,21,36.6719,-0.7552,0.082224
2014,1,23,36.8594,0.7135,0.082224
2014,1,23,36.8594,0.724,0.082224
2014,1,23,36.8594,0.7344,0.082224
2014,1,23,36.8594,0.7448,0.082224
2014,1,23,36.849,0.724,0.082224
2014,1,23,36.8385,0.7344,0.082224
2014,1,28,36.5469,-0.724,0.082224
2014,1,28,36.5469,-0.7135,0.082224
2014,1,28,36.5365,-0.7031,0.082224
2014,1,28,36.5365,-0.6927,0.082224
2014,1,28,36.526,-0.7135,0.082224
2014,1,28,36.526,-0.7031,0.082224
2014,1,28,36.526,-0.6927,0.082224
2014,1,28,36.5156,-0.6927,0.082224
2014,1,28,36.5156,-0.6823,0.082224
2014,1,28,36.4948,-0.6719,0.082224
2014,1,28,36.4844,-0.6719,0.082224
2014,1,28,36.4948,-0.6615,0.082224
2014,1,28,36.3073,-0.2656,0.082224
2014,1,28,36.2969,-0.3073,0.082224
2014,1,30,35.9219,-0.6615,0.082224
2014,1,20,35.9844,-0.9635,0.085114
2014,1,20,36.0365,-0.5781,0.085114
2014,1,21,36.7135,-0.6927,0.085114
2014,1,23,36.8698,0.7135,0.085114
2014,1,23,36.8698,0.7344,0.085114
2014,1,23,36.849,0.7135,0.085114
2014,1,23,36.8385,0.7135,0.085114
2014,1,23,36.8281,0.7135,0.085114
2014,1,24,36.776,0.4948,0.085114
2014,1,28,36.5365,-0.7135,0.085114
2014,1,28,36.526,-0.6719,0.085114
2014,1,28,36.5052,-0.6927,0.085114
2014,1,28,36.5052,-0.6823,0.085114
2014,1,28,36.4948,-0.6927,0.085114
2014,1,28,36.4948,-0.6823,0.085114
2014,1,28,36.4844,-0.6823,0.085114
2014,1,28,36.474,-0.6823,0.085114
2014,1,30,35.9219,-0.6302,0.085114
2014,1,30,35.9115,-0.6406,0.085114
2014,1,15,36.1927,-0.651,0.088105
2014,1,18,35.7969,-0.8281,0.088105
2014,1,18,35.8281,-0.5052,0.088105
2014,1,18,35.7656,-0.6302,0.088105
2014,1,20,35.9948,-0.724,0.088105
2014,1,20,36.4323,0.2135,0.088105
2014,1,20,36.3698,0.0156,0.088105
2014,1,20,35.974,-0.3073,0.088105
2014,1,23,36.5573,-0.6927,0.088105
2014,1,23,36.8802,0.7135,0.088105
2014,1,23,36.8802,0.724,0.088105
2014,1,23,36.8698,0.6719,0.088105
2014,1,23,36.8698,0.7031,0.088105
2014,1,23,36.8177,0.7135,0.088105
2014,1,28,36.5365,-0.724,0.088105
2014,1,28,36.5156,-0.7135,0.088105
2014,1,28,36.5156,-0.7031,0.088105
2014,1,28,36.4948,-0.7031,0.088105
2014,1,28,36.4844,-0.6927,0.088105
2014,1,28,36.2969,-0.2656,0.088105
2014,1,28,36.2969,-0.2448,0.088105
2014,1,28,36.2969,-0.2344,0.088105
2014,1,30,36.1198,-0.099,0.088105
2014,1,30,36.099,-0.0469,0.088105
2014,1,30,36.0885,-0.0365,0.088105
2014,1,30,35.9219,-0.6198,0.088105
2014,1,31,36.0052,-0.5885,0.088105
2014,1,1,36.9115,0.7031,0.091201
2014,1,1,36.2656,-0.4531,0.091201
2014,1,18,35.8594,-0.8594,0.091201
2014,1,20,36.1406,-0.0052,0.091201
2014,1,23,36.8802,0.7031,0.091201
2014,1,23,36.8698,0.724,0.091201
2014,1,23,36.8594,0.6823,0.091201
2014,1,23,36.8594,0.7031,0.091201
2014,1,28,36.5365,-0.7344,0.091201
2014,1,28,36.526,-0.724,0.091201
2014,1,28,36.5052,-0.7135,0.091201
2014,1,28,36.5052,-0.7031,0.091201
2014,1,28,36.4948,-0.7135,0.091201
2014,1,28,36.4844,-0.7135,0.091201
2014,1,28,36.4844,-0.7031,0.091201
2014,1,28,36.2969,-0.2969,0.091201
2014,1,28,36.2969,-0.2865,0.091201
2014,1,28,36.2969,-0.2552,0.091201
2014,1,28,36.2865,-0.2552,0.091201
2014,1,30,35.9115,-0.8906,0.091201
2014,1,30,36.1094,-0.026,0.091201
2014,1,30,35.901,-0.6615,0.091201
2014,1,31,36.6094,-0.724,0.091201
2014,1,18,36.3906,-0.6927,0.094406
2014,1,18,35.7969,-0.8698,0.094406
2014,1,18,35.8281,-0.5156,0.094406
2014,1,20,36.2656,-0.1406,0.094406
2014,1,20,36.0469,-0.2865,0.094406
2014,1,20,36.026,-0.6094,0.094406
2014,1,20,35.974,-0.3698,0.094406
2014,1,23,36.8906,0.651,0.094406
2014,1,23,36.8906,0.6615,0.094406
2014,1,23,36.8906,0.6719,0.094406
2014,1,23,36.8802,0.651,0.094406
2014,1,23,36.8802,0.6615,0.094406
2014,1,23,36.8802,0.6719,0.094406
2014,1,23,36.8802,0.6823,0.094406
2014,1,23,36.8802,0.6927,0.094406
2014,1,23,36.8698,0.651,0.094406
2014,1,23,36.8698,0.6823,0.094406
2014,1,23,36.8698,0.6927,0.094406
2014,1,23,36.8594,0.6615,0.094406
2014,1,23,36.8594,0.6927,0.094406
2014,1,23,36.849,0.7031,0.094406
2014,1,23,36.8385,0.7031,0.094406
2014,1,28,36.5469,-0.7344,0.094406
2014,1,28,36.526,-0.7344,0.094406
2014,1,28,36.5156,-0.724,0.094406
2014,1,28,36.5052,-0.724,0.094406
2014,1,28,36.4948,-0.724,0.094406
2014,1,28,36.776,0.9948,0.094406
2014,1,28,36.2865,-0.3177,0.094406
2014,1,28,36.2865,-0.2969,0.094406
2014,1,28,36.2865,-0.2865,0.094406
2014,1,30,35.9115,-0.6719,0.094406
2014,1,30,36.1094,-0.0677,0.094406
2014,1,30,36.099,-0.0156,0.094406
2014,1,30,36.0885,-0.0573,0.094406
2014,1,30,36.0781,-0.026,0.094406
2014,1,30,36.0781,-0.0156,0.094406
2014,1,1,36.9635,0.6406,0.097724
2014,1,18,35.8073,-0.8698,0.097724
2014,1,18,36.2031,0.1719,0.097724
2014,1,18,36.1719,0.0156,0.097724
2014,1,18,35.8385,-0.5156,0.097724
2014,1,20,36.9635,0.8177,0.097724
2014,1,20,36.474,0.2656,0.097724
2014,1,20,36.349,0.0677,0.097724
2014,1,20,36.1198,-0.4531,0.097724
2014,1,20,35.9427,-0.5156,0.097724
2014,1,23,36.8906,0.7135,0.097724
2014,1,23,36.8698,0.6615,0.097724
2014,1,23,36.8594,0.651,0.097724
2014,1,23,36.849,0.6615,0.097724
2014,1,23,36.849,0.6719,0.097724
2014,1,23,36.849,0.6823,0.097724
2014,1,23,36.849,0.6927,0.097724
2014,1,23,36.8385,0.6719,0.097724
2014,1,23,36.8385,0.6927,0.097724
2014,1,23,36.8281,0.6927,0.097724
2014,1,23,36.8281,0.7031,0.097724
2014,1,23,36.8073,0.6927,0.097724
2014,1,23,36.8073,0.7031,0.097724
2014,1,28,36.5573,-0.7448,0.097724
2014,1,28,36.5469,-0.7448,0.097724
2014,1,28,36.5365,-0.7448,0.097724
2014,1,28,36.5156,-0.7344,0.097724
2014,1,28,36.4844,-0.724,0.097724
2014,1,28,36.2865,-0.276,0.097724
2014,1,28,36.2865,-0.2656,0.097724
2014,1,28,36.276,-0.2865,0.097724
2014,1,28,36.276,-0.2552,0.097724
2014,1,30,36.0052,-0.6927,0.097724
2014,1,30,36.1094,-0.0573,0.097724
2014,1,30,36.1094,-0.0469,0.097724
2014,1,30,36.0885,-0.0469,0.097724
2014,1,30,36.0885,-0.0156,0.097724
2014,1,30,36.0781,-0.0469,0.097724
2014,1,30,36.0677,-0.0469,0.097724
2014,1,4,35.901,-0.9219,0.101158
2014,1,9,36.3177,-0.1302,0.101158
2014,1,15,36.2344,-0.7656,0.101158
2014,1,15,35.9844,-0.4531,0.101158
2014,1,18,35.8802,-0.8698,0.101158
2014,1,18,35.776,-0.8906,0.101158
2014,1,18,36.6719,-0.276,0.101158
2014,1,18,36.6094,-0.1302,0.101158
2014,1,18,36.151,0.1615,0.101158
2014,1,18,36.1406,0.1615,0.101158
2014,1,20,36.0677,-0.9948,0.101158
2014,1,20,35.8177,-0.9323,0.101158
2014,1,20,36.526,0.526,0.101158
2014,1,20,36.3906,0.2552,0.101158
2014,1,20,36.3698,0.0052,0.101158
2014,1,20,36.2344,0.0677,0.101158
2014,1,20,36.0573,0.0052,0.101158
2014,1,20,35.9323,-0.6615,0.101158
2014,1,23,36.8802,0.6198,0.101158
2014,1,23,36.8802,0.6406,0.101158
2014,1,23,36.8698,0.6406,0.101158
2014,1,23,36.8594,0.6719,0.101158
2014,1,23,36.8385,0.6615,0.101158
2014,1,23,36.8177,0.6823,0.101158
2014,1,23,36.8177,0.6927,0.101158
2014,1,23,36.8177,0.7031,0.101158
2014,1,28,36.5573,-0.7552,0.101158
2014,1,28,36.5469,-0.7552,0.101158
2014,1,28,36.2865,-0.2448,0.101158
2014,1,28,36.2865,-0.2344,0.101158
2014,1,28,36.276,-0.3073,0.101158
2014,1,28,36.276,-0.276,0.101158
2014,1,30,35.901,-0.6719,0.101158
2014,1,30,35.8906,-0.6823,0.101158
2014,1,30,36.1198,-0.0365,0.101158
2014,1,30,36.0781,-0.0365,0.101158
2014,1,30,35.9115,-0.651,0.101158
2014,1,9,36.5573,-0.7135,0.104713
2014,1,9,36.3906,-0.0885,0.104713
2014,1,9,36.3594,-0.099,0.104713
2014,1,15,36.4323,-0.724,0.104713
2014,1,15,36.276,-0.7552,0.104713
2014,1,18,36.1927,0.1719,0.104713
2014,1,18,36.1823,0.0365,0.104713
2014,1,18,36.0781,-0.401,0.104713
2014,1,18,35.8177,-0.526,0.104713
2014,1,20,35.9427,-0.8177,0.104713
2014,1,20,35.8906,-0.8698,0.104713
2014,1,20,35.8802,-0.6719,0.104713
2014,1,20,37.0469,0.9219,0.104713
2014,1,20,36.3073,-0.3073,0.104713
2014,1,20,36.099,-0.0885,0.104713
2014,1,20,35.9427,-0.4219,0.104713
2014,1,20,35.9219,-0.5052,0.104713
2014,1,23,36.8698,0.6302,0.104713
2014,1,23,36.849,0.651,0.104713
2014,1,23,36.8385,0.6823,0.104713
2014,1,23,36.8281,0.6719,0.104713
2014,1,23,36.8177,0.6719,0.104713
2014,1,26,36.1927,-0.2135,0.104713
2014,1,28,36.5677,-0.7552,0.104713
2014,1,28,36.5365,-0.7552,0.104713
2014,1,28,36.526,-0.7552,0.104713
2014,1,28,36.526,-0.7448,0.104713
2014,1,28,36.5156,-0.7448,0.104713
2014,1,28,36.5052,-0.7448,0.104713
2014,1,28,36.5052,-0.7344,0.104713
2014,1,28,36.4948,-0.7448,0.104713
2014,1,28,36.4948,-0.7344,0.104713
2014,1,28,36.2865,-0.3073,0.104713
2014,1,28,36.276,-0.2969,0.104713
2014,1,28,36.276,-0.2448,0.104713
2014,1,28,36.2656,-0.2865,0.104713
2014,1,30,36.1094,-0.0156,0.104713
2014,1,30,36.099,-0.2656,0.104713
2014,1,30,36.099,-0.0677,0.104713
2014,1,30,36.0677,-0.0365,0.104713
2014,1,30,35.8906,-0.6615,0.104713
2014,1,31,36.3906,-0.8594,0.104713
2014,1,31,36.2552,-0.901,0.104713
2014,1,31,36.0052,-0.5781,0.104713
2014,1,31,35.9948,-0.6094,0.104713
2014,1,1,36.5052,-0.8594,0.108393
2014,1,1,36.4427,-0.776,0.108393
2014,1,1,37.0156,0.5052,0.108393
2014,1,8,36.4323,-0.1823,0.108393
2014,1,8,35.8281,-0.5052,0.108393
2014,1,15,36.2656,-0.7656,0.108393
2014,1,15,36.7448,-0.4948,0.108393
2014,1,18,35.8281,-0.8385,0.108393
2014,1,18,36.526,-0.3802,0.108393
2014,1,18,36.4219,-0.526,0.108393
2014,1,18,36.2344,0.1823,0.108393
2014,1,18,36.1823,0.1615,0.108393
2014,1,18,35.8281,-0.526,0.108393
2014,1,18,35.8073,-0.5156,0.108393
2014,1,20,37.0052,0.4635,0.108393
2014,1,20,36.3594,-0.3177,0.108393
2014,1,20,36.3177,-0.3385,0.108393
2014,1,20,36.276,0.1302,0.108393
2014,1,20,35.974,-0.1927,0.108393
2014,1,22,36.8906,-0.2344,0.108393
2014,1,23,36.8698,0.6094,0.108393
2014,1,23,36.8698,0.6198,0.108393
2014,1,23,36.8594,0.6406,0.108393
2014,1,23,36.8281,0.6823,0.108393
2014,1,23,36.8073,0.6719,0.108393
2014,1,24,36.7552,0.474,0.108393
2014,1,26,35.9323,-0.9427,0.108393
2014,1,28,36.5573,-0.7656,0.108393
2014,1,28,36.5469,-0.7656,0.108393
2014,1,28,36.5365,-0.7656,0.108393
2014,1,28,36.526,-0.7656,0.108393
2014,1,28,36.5156,-0.7656,0.108393
2014,1,28,36.5156,-0.7552,0.108393
2014,1,28,36.5052,-0.7552,0.108393
2014,1,28,36.4844,-0.7552,0.108393
2014,1,28,36.6302,0.8385,0.108393
2014,1,28,36.2865,-0.224,0.108393
2014,1,30,35.901,-0.6927,0.108393
2014,1,30,35.901,-0.6823,0.108393
2014,1,30,35.8906,-0.6927,0.108393
2014,1,30,35.8906,-0.6719,0.108393
2014,1,30,36.1094,-0.1094,0.108393
2014,1,30,36.0781,-0.0573,0.108393
2014,1,30,36.0365,-0.526,0.108393
2014,1,1,36.224,-0.7031,0.112202
2014,1,1,36.9323,0.6823,0.112202
2014,1,17,36.724,-0.4844,0.112202
2014,1,18,36.6406,-0.1198,0.112202
2014,1,18,36.276,-0.2135,0.112202
2014,1,18,36.1615,0.1615,0.112202
2014,1,20,36.0469,-0.6719,0.112202
2014,1,20,37.0052,0.6198,0.112202
2014,1,20,36.5365,0.3698,0.112202
2014,1,20,36.401,0.2656,0.112202
2014,1,20,36.1823,0.0885,0.112202
2014,1,20,36.1719,0.0885,0.112202
2014,1,20,35.9531,-0.5677,0.112202
2014,1,20,35.9219,-0.651,0.112202
2014,1,23,36.8802,0.6094,0.112202
2014,1,23,36.8594,0.599,0.112202
2014,1,23,36.8594,0.6094,0.112202
2014,1,23,36.8594,0.6302,0.112202
2014,1,23,36.8385,0.6302,0.112202
2014,1,23,36.8385,0.651,0.112202
2014,1,23,36.8281,0.6615,0.112202
2014,1,28,36.5677,-0.7656,0.112202
2014,1,28,36.5573,-0.7969,0.112202
2014,1,28,36.5573,-0.776,0.112202
2014,1,28,36.5469,-0.776,0.112202
2014,1,28,36.5365,-0.776,0.112202
2014,1,28,36.526,-0.776,0.112202
2014,1,28,36.4948,-0.7656,0.112202
2014,1,28,36.4948,-0.7552,0.112202
2014,1,28,36.276,-0.2344,0.112202
2014,1,28,36.276,-0.224,0.112202
2014,1,28,36.2656,-0.276,0.112202
2014,1,30,35.8802,-0.7031,0.112202
2014,1,30,36.1302,-0.099,0.112202
2014,1,30,36.1198,-0.026,0.112202
2014,1,1,36.4948,-0.776,0.116145
2014,1,1,36.474,-0.7865,0.116145
2014,1,1,37.2448,0.9531,0.116145
2014,1,1,36.9844,0.5781,0.116145
2014,1,8,36.776,0.0885,0.116145
2014,1,8,36.4115,-0.2031,0.116145
2014,1,15,36.151,-0.724,0.116145
2014,1,18,36.474,-0.7344,0.116145
2014,1,18,35.8177,-0.849,0.116145
2014,1,18,36.0885,-0.3906,0.116145
2014,1,18,35.9531,-0.2344,0.116145
2014,1,18,35.7656,-0.6406,0.116145
2014,1,20,35.849,-0.8802,0.116145
2014,1,20,36.3177,0.1823,0.116145
2014,1,20,36.3073,0.2135,0.116145
2014,1,20,36.1615,0.0365,0.116145
2014,1,20,36.151,0.0052,0.116145
2014,1,20,36.1406,-0.5365,0.116145
2014,1,20,36.099,-0.099,0.116145
2014,1,20,36.0573,-0.0573,0.116145
2014,1,23,36.0365,-0.8698,0.116145
2014,1,23,36.849,0.6406,0.116145
2014,1,23,36.8281,0.6406,0.116145
2014,1,23,36.8177,0.6615,0.116145
2014,1,23,36.8073,0.6615,0.116145
2014,1,26,36.1406,-0.2656,0.116145
2014,1,28,36.5573,-0.7865,0.116145
2014,1,28,36.5365,-0.7865,0.116145
2014,1,28,36.526,-0.7865,0.116145
2014,1,28,36.5156,-0.7865,0.116145
2014,1,28,36.5156,-0.776,0.116145
2014,1,28,36.5052,-0.7865,0.116145
2014,1,28,36.5052,-0.776,0.116145
2014,1,28,36.5052,-0.7656,0.116145
2014,1,28,36.4948,-0.7865,0.116145
2014,1,28,36.4844,-0.776,0.116145
2014,1,28,36.651,0.8594,0.116145
2014,1,28,36.6302,0.224,0.116145
2014,1,28,36.2865,-0.2135,0.116145
2014,1,28,36.2656,-0.2656,0.116145
2014,1,28,36.2656,-0.2552,0.116145
2014,1,30,35.849,-0.7865,0.116145
2014,1,30,36.1094,-0.099,0.116145
2014,1,30,36.099,-0.0573,0.116145
2014,1,30,36.0885,-0.0052,0.116145
2014,1,30,36.0781,-0.0052,0.116145
2014,1,30,36.0677,-0.0156,0.116145
2014,1,30,36.0365,-0.4427,0.116145
2014,1,31,36.224,-0.901,0.116145
2014,1,31,36.026,-0.5573,0.116145
2014,1,31,36.0156,-0.5781,0.116145
2014,1,31,36.0052,-0.5573,0.116145
2014,1,31,36.0052,-0.3281,0.116145
2014,1,1,36.2344,-0.6823,0.120226
2014,1,1,36.6927,-0.1719,0.120226
2014,1,8,36.3802,-0.2865,0.120226
2014,1,8,36.1719,-0.5677,0.120226
2014,1,15,36.276,-0.5365,0.120226
2014,1,18,35.8281,-0.849,0.120226
2014,1,18,35.776,-0.901,0.120226
2014,1,18,35.7552,-0.901,0.120226
2014,1,18,36.6094,-0.6094,0.120226
2014,1,18,36.2552,0.1719,0.120226
2014,1,18,36.1094,0.1615,0.120226
2014,1,18,35.9844,-0.401,0.120226
2014,1,20,35.9115,-0.7135,0.120226
2014,1,20,36.5781,0.1927,0.120226
2014,1,20,36.526,0.3906,0.120226
2014,1,20,36.4323,0.1823,0.120226
2014,1,20,36.3698,-0.0156,0.120226
2014,1,20,36.2969,-0.4219,0.120226
2014,1,20,36.1927,-0.1719,0.120226
2014,1,21,36.0677,-0.849,0.120226
2014,1,23,36.5573,-0.6823,0.120226
2014,1,23,36.8594,0.6198,0.120226
2014,1,23,36.849,0.599,0.120226
2014,1,23,36.849,0.6094,0.120226
2014,1,23,36.849,0.6198,0.120226
2014,1,23,36.849,0.6302,0.120226
2014,1,23,36.8385,0.6094,0.120226
2014,1,23,36.8385,0.6406,0.120226
2014,1,23,36.8281,0.6198,0.120226
2014,1,23,36.8281,0.651,0.120226
2014,1,23,36.8177,0.6302,0.120226
2014,1,23,36.8177,0.6406,0.120226
2014,1,23,36.8177,0.651,0.120226
2014,1,23,36.7969,0.651,0.120226
2014,1,28,36.5469,-0.8073,0.120226
2014,1,28,36.5365,-0.7969,0.120226
2014,1,28,36.5156,-0.7969,0.120226
2014,1,28,36.5052,-0.7969,0.120226
2014,1,28,36.4948,-0.8073,0.120226
2014,1,28,36.4948,-0.7969,0.120226
2014,1,28,36.4948,-0.776,0.120226
2014,1,28,36.4844,-0.7656,0.120226
2014,1,28,36.276,-0.2656,0.120226
2014,1,28,36.2656,-0.2969,0.120226
2014,1,28,36.2656,-0.2448,0.120226
2014,1,28,36.2552,-0.276,0.120226
2014,1,28,36.2552,-0.2656,0.120226
2014,1,28,36.224,0.0469,0.120226
2014,1,30,35.8906,-0.7031,0.120226
2014,1,30,35.8802,-0.6823,0.120226
2014,1,30,36.1302,-0.0573,0.120226
2014,1,30,36.1198,-0.0573,0.120226
2014,1,30,35.901,-0.651,0.120226
2014,1,31,36.2865,0.099,0.120226
2014,1,31,36.0156,-0.5573,0.120226
2014,1,1,36.9948,0.5365,0.124451
2014,1,1,36.974,0.6094,0.124451
2014,1,1,36.8385,-0.151,0.124451
2014,1,1,36.6927,-0.5677,0.124451
2014,1,1,36.6823,0.9323,0.124451
2014,1,1,36.3281,-0.3698,0.124451
2014,1,8,36.1823,-0.5573,0.124451
2014,1,15,36.4635,-0.6719,0.124451
2014,1,15,36.1927,-0.5885,0.124451
2014,1,18,35.8177,-0.8594,0.124451
2014,1,18,36.724,0.026,0.124451
2014,1,18,36.1406,-0.0885,0.124451
2014,1,18,35.9427,-0.2448,0.124451
2014,1,18,35.8177,-0.5365,0.124451
2014,1,20,36.526,0.4323,0.124451
2014,1,20,36.3281,-0.3073,0.124451
2014,1,20,36.3177,0.1719,0.124451
2014,1,20,36.2656,0.1406,0.124451
2014,1,20,36.1406,-0.0365,0.124451
2014,1,20,36.0885,-0.5365,0.124451
2014,1,20,36.0469,-0.2656,0.124451
2014,1,20,36.026,-0.1615,0.124451
2014,1,20,35.9635,-0.3802,0.124451
2014,1,20,35.9427,-0.6094,0.124451
2014,1,20,35.9427,-0.599,0.124451
2014,1,20,35.9427,-0.4115,0.124451
2014,1,23,36.8385,0.6198,0.124451
2014,1,23,36.8281,0.6094,0.124451
2014,1,23,36.8177,0.6198,0.124451
2014,1,23,36.8073,0.6302,0.124451
2014,1,23,36.8073,0.651,0.124451
2014,1,23,36.7969,0.6302,0.124451
2014,1,23,36.7969,0.6406,0.124451
2014,1,23,36.7865,0.6302,0.124451
2014,1,23,36.776,0.6302,0.124451
2014,1,26,36.5365,-0.9219,0.124451
2014,1,28,36.5573,-0.8073,0.124451
2014,1,28,36.5469,-0.7865,0.124451
2014,1,28,36.5365,-0.8073,0.124451
2014,1,28,36.526,-0.8073,0.124451
2014,1,28,36.526,-0.7969,0.124451
2014,1,28,36.5156,-0.8073,0.124451
2014,1,28,36.5052,-0.8177,0.124451
2014,1,28,36.5052,-0.8073,0.124451
2014,1,28,36.4948,-0.8177,0.124451
2014,1,28,36.6406,0.8385,0.124451
2014,1,28,36.6406,0.849,0.124451
2014,1,28,36.6302,0.8281,0.124451
2014,1,28,36.276,-0.2135,0.124451
2014,1,28,36.2552,-0.2448,0.124451
2014,1,28,36.2448,-0.0573,0.124451
2014,1,28,36.2344,0.0156,0.124451
2014,1,28,36.2344,0.026,0.124451
2014,1,28,36.2344,0.0365,0.124451
2014,1,28,36.2344,0.0469,0.124451
2014,1,28,36.224,0.0156,0.124451
2014,1,28,36.224,0.026,0.124451
2014,1,28,36.224,0.0365,0.124451
2014,1,30,36.1198,-0.0781,0.124451
2014,1,30,36.1198,-0.0156,0.124451
2014,1,30,36.099,-0.0052,0.124451
2014,1,30,35.9115,-0.6198,0.124451
2014,1,31,36.0573,-0.099,0.124451
2014,1,1,36.5573,-0.8177,0.128825
2014,1,1,36.5052,-0.7656,0.128825
2014,1,1,36.0885,-0.8802,0.128825
2014,1,1,37.0573,0.4531,0.128825
2014,1,1,36.849,0.8177,0.128825
2014,1,1,36.8385,-0.1615,0.128825
2014,1,1,36.4323,0.1302,0.128825
2014,1,6,36.8698,-0.1094,0.128825
2014,1,7,36.599,0.5469,0.128825
2014,1,9,36.6302,-0.4844,0.128825
2014,1,18,35.8698,-0.8698,0.128825
2014,1,18,36.401,-0.6302,0.128825
2014,1,18,36.276,0.151,0.128825
2014,1,18,36.2448,0.1719,0.128825
2014,1,18,36.1823,0.1719,0.128825
2014,1,18,36.1302,0.1719,0.128825
2014,1,20,36.5781,0.9531,0.128825
2014,1,20,36.5156,0.5469,0.128825
2014,1,20,36.4323,0.1719,0.128825
2014,1,20,36.3906,0.1823,0.128825
2014,1,20,36.3906,0.2448,0.128825
2014,1,20,36.151,-0.1615,0.128825
2014,1,20,36.099,-0.1302,0.128825
2014,1,20,36.0573,-0.1094,0.128825
2014,1,20,36.0156,-0.349,0.128825
2014,1,20,35.9635,-0.5573,0.128825
2014,1,23,36.1615,-0.7865,0.128825
2014,1,23,36.0781,-0.8802,0.128825
2014,1,23,36.0677,-0.8906,0.128825
2014,1,23,36.0677,-0.7344,0.128825
2014,1,23,36.0052,-0.6823,0.128825
2014,1,23,36.8385,0.599,0.128825
2014,1,23,36.8281,0.5781,0.128825
2014,1,23,36.8281,0.6302,0.128825
2014,1,23,36.8177,0.5885,0.128825
2014,1,23,36.8177,0.6094,0.128825
2014,1,23,36.8073,0.6198,0.128825
2014,1,23,36.7969,0.6198,0.128825
2014,1,23,36.7865,0.6198,0.128825
2014,1,23,36.776,0.6094,0.128825
2014,1,23,36.776,0.6198,0.128825
2014,1,23,36.7656,0.5885,0.128825
2014,1,23,36.7656,0.599,0.128825
2014,1,23,36.7656,0.6094,0.128825
2014,1,23,36.7656,0.6198,0.128825
2014,1,23,36.0052,-0.651,0.128825
2014,1,28,36.5677,-0.8177,0.128825
2014,1,28,36.5469,-0.7969,0.128825
2014,1,28,36.5365,-0.8177,0.128825
2014,1,28,36.526,-0.8177,0.128825
2014,1,28,36.5156,-0.8281,0.128825
2014,1,28,36.5156,-0.8177,0.128825
2014,1,28,36.5052,-0.8281,0.128825
2014,1,28,36.4948,-0.8385,0.128825
2014,1,28,36.4948,-0.8281,0.128825
2014,1,28,36.6615,0.849,0.128825
2014,1,28,36.651,0.8385,0.128825
2014,1,28,36.6406,0.7135,0.128825
2014,1,28,36.6302,0.849,0.128825
2014,1,28,36.2656,-0.2344,0.128825
2014,1,28,36.2656,-0.224,0.128825
2014,1,28,36.2552,-0.2552,0.128825
2014,1,28,36.2552,-0.2344,0.128825
2014,1,28,36.2448,-0.2552,0.128825
2014,1,28,36.2135,0.026,0.128825
2014,1,30,36.1406,-0.0469,0.128825
2014,1,30,36.1198,-0.1094,0.128825
2014,1,30,36.1198,-0.0885,0.128825
2014,1,30,36.1198,-0.0677,0.128825
2014,1,30,36.0573,-0.3385,0.128825
2014,1,31,36.4635,-0.7448,0.128825
2014,1,31,36.026,-0.5781,0.128825
2014,1,1,36.5156,-0.8594,0.133352
2014,1,1,36.1094,-0.8594,0.133352
2014,1,1,36.9427,0.6615,0.133352
2014,1,1,36.8594,0.7969,0.133352
2014,1,1,36.8385,-0.1719,0.133352
2014,1,1,36.8281,-0.1719,0.133352
2014,1,1,36.724,-0.1406,0.133352
2014,1,1,36.724,-0.1302,0.133352
2014,1,1,36.7135,-0.151,0.133352
2014,1,1,36.4531,0.1198,0.133352
2014,1,7,36.5677,0.4948,0.133352
2014,1,15,35.901,-0.0677,0.133352
2014,1,18,36.4635,-0.724,0.133352
2014,1,18,35.8385,-0.849,0.133352
2014,1,18,35.7969,-0.8385,0.133352
2014,1,18,36.0677,-0.1094,0.133352
2014,1,18,36.0573,-0.1198,0.133352
2014,1,18,35.9323,-0.3802,0.133352
2014,1,18,35.8385,-0.2552,0.133352
2014,1,20,36.1927,-0.8698,0.133352
2014,1,20,35.901,-0.7344,0.133352
2014,1,20,35.8594,-0.7031,0.133352
2014,1,20,35.8594,-0.6927,0.133352
2014,1,20,37.0573,0.7448,0.133352
2014,1,20,36.4844,0.0885,0.133352
2014,1,20,36.099,-0.0677,0.133352
2014,1,20,36.0156,-0.3594,0.133352
2014,1,20,35.9323,-0.651,0.133352
2014,1,23,36.526,-0.8177,0.133352
2014,1,23,36.0885,-0.7031,0.133352
2014,1,23,36.0781,-0.724,0.133352
2014,1,23,36.0573,-0.8802,0.133352
2014,1,23,36.0469,-0.8802,0.133352
2014,1,23,36.0469,-0.849,0.133352
2014,1,23,36.0365,-0.8594,0.133352
2014,1,23,36.0365,-0.849,0.133352
2014,1,23,36.026,-0.8594,0.133352
2014,1,23,36.026,-0.849,0.133352
2014,1,23,36.8281,0.599,0.133352
2014,1,23,36.8177,0.599,0.133352
2014,1,23,36.8073,0.599,0.133352
2014,1,23,36.8073,0.6094,0.133352
2014,1,23,36.8073,0.6406,0.133352
2014,1,23,36.7969,0.5781,0.133352
2014,1,23,36.7969,0.599,0.133352
2014,1,23,36.7969,0.6094,0.133352
2014,1,23,36.7865,0.5677,0.133352
2014,1,23,36.7865,0.5781,0.133352
2014,1,23,36.7865,0.5885,0.133352
2014,1,23,36.7865,0.599,0.133352
2014,1,23,36.7865,0.6094,0.133352
2014,1,23,36.776,0.5781,0.133352
2014,1,23,36.776,0.5885,0.133352
2014,1,23,36.776,0.599,0.133352
2014,1,26,36.2031,-0.1823,0.133352
2014,1,28,36.5677,-0.8281,0.133352
2014,1,28,36.5573,-0.8177,0.133352
2014,1,28,36.5469,-0.8281,0.133352
2014,1,28,36.5469,-0.8177,0.133352
2014,1,28,36.526,-0.8281,0.133352
2014,1,28,36.4948,-0.849,0.133352
2014,1,28,36.6927,0.8906,0.133352
2014,1,28,36.6615,0.8594,0.133352
2014,1,28,36.651,0.849,0.133352
2014,1,28,36.6406,0.8281,0.133352
2014,1,28,36.2656,-0.2135,0.133352
2014,1,28,36.2656,-0.0885,0.133352
2014,1,28,36.2552,-0.224,0.133352
2014,1,28,36.2552,-0.1302,0.133352
2014,1,28,36.2448,-0.2448,0.133352
2014,1,28,36.2448,-0.2344,0.133352
2014,1,28,36.2448,-0.224,0.133352
2014,1,28,36.2448,-0.0677,0.133352
2014,1,28,36.2448,-0.0469,0.133352
2014,1,28,36.2344,-0.0469,0.133352
2014,1,28,36.2344,-0.0156,0.133352
2014,1,28,36.2344,-0.0052,0.133352
2014,1,28,36.2344,0.0052,0.133352
2014,1,28,36.224,-0.0052,0.133352
2014,1,28,36.224,0.0052,0.133352
2014,1,30,36.1302,-0.1094,0.133352
2014,1,30,36.1094,-0.0052,0.133352
2014,1,30,36.0781,-0.3594,0.133352
2014,1,30,36.0781,-0.349,0.133352
2014,1,30,36.0677,-0.3594,0.133352
2014,1,31,36.026,-0.5365,0.133352
2014,1,31,36.0052,-0.6198,0.133352
2014,1,31,36.0052,-0.6094,0.133352
2014,1,1,37.1823,0.9531,0.138038
2014,1,1,36.901,0.7135,0.138038
2014,1,1,36.8281,-0.1823,0.138038
2014,1,1,36.8281,-0.1615,0.138038
2014,1,1,36.8281,-0.151,0.138038
2014,1,1,36.724,-0.1927,0.138038
2014,1,10,37.1823,0.651,0.138038
2014,1,15,36.1927,-0.6406,0.138038
2014,1,18,35.849,-0.8281,0.138038
2014,1,18,35.7865,-0.8385,0.138038
2014,1,18,36.2135,0.1719,0.138038
2014,1,18,36.099,-0.3802,0.138038
2014,1,18,35.974,-0.4115,0.138038
2014,1,18,35.9219,-0.401,0.138038
2014,1,18,35.901,-0.2969,0.138038
2014,1,20,36.901,0.6198,0.138038
2014,1,20,36.5469,0.4844,0.138038
2014,1,20,36.526,0.3802,0.138038
2014,1,20,36.5052,0.6094,0.138038
2014,1,20,36.4948,0.099,0.138038
2014,1,20,36.4948,0.599,0.138038
2014,1,20,36.474,-0.026,0.138038
2014,1,20,36.3281,0.1719,0.138038
2014,1,20,36.3073,-0.224,0.138038
2014,1,20,36.2135,-0.3802,0.138038
2014,1,20,36.2031,0.099,0.138038
2014,1,20,36.1823,-0.2344,0.138038
2014,1,20,36.1719,0.1302,0.138038
2014,1,20,36.151,-0.0052,0.138038
2014,1,20,36.0885,-0.151,0.138038
2014,1,20,36.0885,-0.1302,0.138038
2014,1,20,36.0573,-0.2865,0.138038
2014,1,20,36.0573,-0.1198,0.138038
2014,1,20,36.0469,-0.0156,0.138038
2014,1,20,36.0365,-0.4115,0.138038
2014,1,20,35.8594,-0.599,0.138038
2014,1,22,36.8906,-0.224,0.138038
2014,1,22,36.8802,-0.224,0.138038
2014,1,23,36.1198,-0.7135,0.138038
2014,1,23,36.0885,-0.7344,0.138038
2014,1,23,36.0885,-0.724,0.138038
2014,1,23,36.0781,-0.8698,0.138038
2014,1,23,36.0781,-0.7448,0.138038
2014,1,23,36.0781,-0.7344,0.138038
2014,1,23,36.0677,-0.8698,0.138038
2014,1,23,36.0677,-0.8594,0.138038
2014,1,23,36.0573,-0.8594,0.138038
2014,1,23,36.0573,-0.849,0.138038
2014,1,23,36.0469,-0.8698,0.138038
2014,1,23,36.0469,-0.8594,0.138038
2014,1,23,36.8385,0.5781,0.138038
2014,1,23,36.8385,0.5885,0.138038
2014,1,23,36.8281,0.5885,0.138038
2014,1,23,36.8177,0.5677,0.138038
2014,1,23,36.8073,0.5677,0.138038
2014,1,23,36.8073,0.5781,0.138038
2014,1,23,36.8073,0.5885,0.138038
2014,1,23,36.7969,0.5677,0.138038
2014,1,23,35.9948,-0.6615,0.138038
2014,1,23,35.9948,-0.651,0.138038
2014,1,23,35.9948,-0.6406,0.138038
2014,1,23,35.9844,-0.6615,0.138038
2014,1,28,36.5573,-0.8385,0.138038
2014,1,28,36.5573,-0.8281,0.138038
2014,1,28,36.5365,-0.8385,0.138038
2014,1,28,36.526,-0.8385,0.138038
2014,1,28,36.5156,-0.8385,0.138038
2014,1,28,36.5052,-0.849,0.138038
2014,1,28,36.5052,-0.8385,0.138038
2014,1,28,36.4948,-0.8594,0.138038
2014,1,28,36.6719,0.849,0.138038
2014,1,28,36.6719,0.8594,0.138038
2014,1,28,36.6615,0.8385,0.138038
2014,1,28,36.276,-0.2031,0.138038
2014,1,28,36.2552,-0.2135,0.138038
2014,1,28,36.2552,-0.1198,0.138038
2014,1,28,36.2552,-0.099,0.138038
2014,1,28,36.2552,-0.0781,0.138038
2014,1,28,36.2448,-0.2135,0.138038
2014,1,28,36.2448,-0.0781,0.138038
2014,1,28,36.2344,-0.224,0.138038
2014,1,28,36.2344,-0.0781,0.138038
2014,1,28,36.2344,-0.0365,0.138038
2014,1,28,36.2344,-0.026,0.138038
2014,1,28,36.224,-0.0781,0.138038
2014,1,28,36.224,-0.0365,0.138038
2014,1,28,36.224,-0.026,0.138038
2014,1,28,36.2135,-0.0052,0.138038
2014,1,28,36.2135,0.1198,0.138038
2014,1,30,36.6927,0.9115,0.138038
2014,1,30,36.6406,0.974,0.138038
2014,1,30,36.151,-0.1406,0.138038
2014,1,31,36.3802,-0.849,0.138038
2014,1,31,36.0156,-0.526,0.138038
2014,1,31,35.8802,-0.651,0.138038
2014,1,1,36.599,-0.7656,0.142889
2014,1,1,36.4427,-0.8177,0.142889
2014,1,1,37.0052,0.526,0.142889
2014,1,1,36.9844,0.5885,0.142889
2014,1,1,36.8802,0.7448,0.142889
2014,1,1,36.8177,-0.1719,0.142889
2014,1,1,36.8177,-0.1615,0.142889
2014,1,1,36.7656,-0.151,0.142889
2014,1,1,36.5156,0.0781,0.142889
2014,1,1,36.5052,0.0677,0.142889
2014,1,6,36.8802,-0.099,0.142889
2014,1,9,36.401,-0.0677,0.142889
2014,1,15,36.8073,-0.224,0.142889
2014,1,15,36.2969,-0.6406,0.142889
2014,1,18,36.6406,-0.599,0.142889
2014,1,18,36.6198,-0.2969,0.142889
2014,1,18,36.5573,-0.3177,0.142889
2014,1,18,36.5156,-0.3802,0.142889
2014,1,18,36.4115,-0.6615,0.142889
2014,1,18,36.1094,-0.3698,0.142889
2014,1,18,36.0052,-0.3906,0.142889
2014,1,20,36.526,0.3698,0.142889
2014,1,20,36.4948,0.6406,0.142889
2014,1,20,36.3698,-0.0052,0.142889
2014,1,20,36.2344,-0.2135,0.142889
2014,1,20,36.2344,-0.2031,0.142889
2014,1,20,36.151,-0.0365,0.142889
2014,1,20,36.099,-0.526,0.142889
2014,1,20,36.099,-0.0781,0.142889
2014,1,20,36.0885,-0.0885,0.142889
2014,1,20,36.0573,-0.6406,0.142889
2014,1,20,36.0052,-0.3594,0.142889
2014,1,20,35.9531,-0.5781,0.142889
2014,1,20,35.9219,-0.6406,0.142889
2014,1,20,35.7344,-0.6302,0.142889
2014,1,21,36.0677,-0.8594,0.142889
2014,1,22,36.8802,-0.2135,0.142889
2014,1,23,36.2448,-0.8385,0.142889
2014,1,23,36.224,-0.8594,0.142889
2014,1,23,36.2135,-0.9323,0.142889
2014,1,23,36.1094,-0.7135,0.142889
2014,1,23,36.099,-0.724,0.142889
2014,1,23,36.099,-0.7135,0.142889
2014,1,23,36.099,-0.7031,0.142889
2014,1,23,36.0885,-0.7135,0.142889
2014,1,23,36.0677,-0.7448,0.142889
2014,1,23,36.0573,-0.8385,0.142889
2014,1,23,36.0469,-0.8385,0.142889
2014,1,23,36.0469,-0.8281,0.142889
2014,1,23,36.0365,-0.8385,0.142889
2014,1,23,36.0156,-0.7031,0.142889
2014,1,23,36.0156,-0.6927,0.142889
2014,1,23,36.0052,-0.7031,0.142889
2014,1,23,36.0052,-0.6927,0.142889
2014,1,23,35.9948,-0.7031,0.142889
2014,1,23,35.9948,-0.6927,0.142889
2014,1,23,36.5156,0.026,0.142889
2014,1,23,36.4427,-0.4948,0.142889
2014,1,23,36.0052,-0.6615,0.142889
2014,1,23,36.0052,-0.6406,0.142889
2014,1,23,36.0052,-0.6302,0.142889
2014,1,23,35.9948,-0.6302,0.142889
2014,1,23,35.9844,-0.651,0.142889
2014,1,23,35.9844,-0.6406,0.142889
2014,1,24,36.7552,0.4427,0.142889
2014,1,27,35.9948,-0.5469,0.142889
2014,1,28,36.5677,-0.8385,0.142889
2014,1,28,36.5156,-0.849,0.142889
2014,1,28,36.5052,-0.8802,0.142889
2014,1,28,36.5052,-0.8594,0.142889
2014,1,28,36.4948,-0.8802,0.142889
2014,1,28,36.6823,0.8594,0.142889
2014,1,28,36.6823,0.8802,0.142889
2014,1,28,36.6719,0.8385,0.142889
2014,1,28,36.6719,0.8698,0.142889
2014,1,28,36.6615,0.8698,0.142889
2014,1,28,36.651,0.8281,0.142889
2014,1,28,36.651,0.8698,0.142889
2014,1,28,36.6406,0.8177,0.142889
2014,1,28,36.6406,0.8698,0.142889
2014,1,28,36.6302,0.8177,0.142889
2014,1,28,36.276,-0.1927,0.142889
2014,1,28,36.2656,-0.2031,0.142889
2014,1,28,36.2552,-0.2031,0.142889
2014,1,28,36.2448,-0.2031,0.142889
2014,1,28,36.2448,-0.1094,0.142889
2014,1,28,36.2448,-0.099,0.142889
2014,1,28,36.2448,-0.0885,0.142889
2014,1,28,36.2344,-0.0677,0.142889
2014,1,28,36.2344,-0.0573,0.142889
2014,1,28,36.224,-0.0677,0.142889
2014,1,28,36.224,-0.0573,0.142889
2014,1,28,36.224,-0.0156,0.142889
2014,1,30,35.901,-0.8802,0.142889
2014,1,30,35.8802,-0.7344,0.142889
2014,1,30,35.8802,-0.6927,0.142889
2014,1,30,36.1302,-0.0469,0.142889
2014,1,30,36.1198,-0.0052,0.142889
2014,1,30,36.1094,0.0156,0.142889
2014,1,30,36.0677,-0.0573,0.142889
2014,1,30,35.901,-0.6302,0.142889
2014,1,31,36.4635,-0.7344,0.142889
2014,1,31,36.4531,-0.7448,0.142889
2014,1,31,36.2865,-0.8594,0.142889
2014,1,31,36.4635,-0.526,0.142889
2014,1,31,36.2656,0.1406,0.142889
2014,1,31,36.0156,-0.5469,0.142889
2014,1,31,36.0156,-0.5365,0.142889
2014,1,31,36.0052,-0.3802,0.142889
2014,1,1,37.0365,0.474,0.147911
2014,1,1,36.9844,0.5573,0.147911
2014,1,1,36.9531,0.1823,0.147911
2014,1,1,36.8802,-0.2344,0.147911
2014,1,1,36.7865,-0.1615,0.147911
2014,1,1,36.7448,-0.1302,0.147911
2014,1,1,36.7135,-0.1615,0.147911
2014,1,1,36.7135,-0.1406,0.147911
2014,1,1,36.6823,-0.1719,0.147911
2014,1,1,36.5365,-0.526,0.147911
2014,1,1,36.526,0.099,0.147911
2014,1,1,36.4948,0.0781,0.147911
2014,1,1,36.401,-0.151,0.147911
2014,1,1,36.3906,-0.151,0.147911
2014,1,9,36.599,-0.2969,0.147911
2014,1,9,36.3906,-0.0677,0.147911
2014,1,15,36.1406,-0.8385,0.147911
2014,1,15,36.099,-0.3906,0.147911
2014,1,18,35.8698,-0.8594,0.147911
2014,1,18,35.8073,-0.8281,0.147911
2014,1,18,36.2344,0.1719,0.147911
2014,1,18,36.1302,-0.0365,0.147911
2014,1,18,36.0885,0.1406,0.147911
2014,1,18,35.9635,-0.2552,0.147911
2014,1,18,35.9531,-0.224,0.147911
2014,1,18,35.9219,-0.3698,0.147911
2014,1,18,35.9115,-0.3177,0.147911
2014,1,18,35.8281,-0.5365,0.147911
2014,1,18,35.8177,-0.5469,0.147911
2014,1,20,35.8594,-0.6823,0.147911
2014,1,20,36.5052,0.599,0.147911
2014,1,20,36.3594,0.0156,0.147911
2014,1,20,36.3594,0.0365,0.147911
2014,1,20,36.2135,-0.2865,0.147911
2014,1,20,36.2135,-0.0573,0.147911
2014,1,20,36.1719,0.0365,0.147911
2014,1,20,36.1198,-0.2448,0.147911
2014,1,20,36.0677,-0.0781,0.147911
2014,1,20,36.0365,-0.3698,0.147911
2014,1,20,35.974,-0.6406,0.147911
2014,1,20,35.9635,-0.474,0.147911
2014,1,20,35.8594,-0.5781,0.147911
2014,1,21,36.0781,-0.8698,0.147911
2014,1,21,37.1094,0.9323,0.147911
2014,1,21,37.1094,0.9635,0.147911
2014,1,21,37.099,0.9635,0.147911
2014,1,21,37.0781,0.599,0.147911
2014,1,21,36.599,-0.651,0.147911
2014,1,22,36.901,-0.224,0.147911
2014,1,23,36.276,-0.8802,0.147911
2014,1,23,36.224,-0.9323,0.147911
2014,1,23,36.1094,-0.724,0.147911
2014,1,23,36.099,-0.7344,0.147911
2014,1,23,36.0885,-0.7448,0.147911
2014,1,23,36.0677,-0.8802,0.147911
2014,1,23,36.0573,-0.8698,0.147911
2014,1,23,36.8281,0.5677,0.147911
2014,1,23,36.8177,0.5781,0.147911
2014,1,23,36.7969,0.5885,0.147911
2014,1,23,36.6927,-0.2656,0.147911
2014,1,23,35.9844,-0.6302,0.147911
2014,1,27,36.2135,0.151,0.147911
2014,1,27,35.9948,-0.5573,0.147911
2014,1,28,36.5677,-0.849,0.147911
2014,1,28,36.5573,-0.849,0.147911
2014,1,28,36.5469,-0.849,0.147911
2014,1,28,36.5469,-0.8385,0.147911
2014,1,28,36.5365,-0.8594,0.147911
2014,1,28,36.5365,-0.849,0.147911
2014,1,28,36.5365,-0.8281,0.147911
2014,1,28,36.526,-0.849,0.147911
2014,1,28,36.5156,-0.8594,0.147911
2014,1,28,36.5052,-0.8698,0.147911
2014,1,28,36.4948,-0.8698,0.147911
2014,1,28,36.4844,-0.901,0.147911
2014,1,28,36.4844,-0.8906,0.147911
2014,1,28,36.4844,-0.8802,0.147911
2014,1,28,36.474,-0.9427,0.147911
2014,1,28,36.6927,0.8594,0.147911
2014,1,28,36.6823,0.8698,0.147911
2014,1,28,36.6615,0.8802,0.147911
2014,1,28,36.651,0.8177,0.147911
2014,1,28,36.6406,0.8073,0.147911
2014,1,28,36.6302,0.7969,0.147911
2014,1,28,36.6302,0.8073,0.147911
2014,1,28,36.276,-0.1823,0.147911
2014,1,28,36.2656,-0.1927,0.147911
2014,1,28,36.2656,-0.1823,0.147911
2014,1,28,36.2552,-0.1927,0.147911
2014,1,28,36.2552,-0.1615,0.147911
2014,1,28,36.2552,-0.0885,0.147911
2014,1,28,36.2448,-0.1927,0.147911
2014,1,28,36.2344,-0.2135,0.147911
2014,1,28,36.2344,-0.099,0.147911
2014,1,28,36.2344,-0.0885,0.147911
2014,1,28,36.224,-0.099,0.147911
2014,1,28,36.224,-0.0469,0.147911
2014,1,28,36.2135,-0.099,0.147911
2014,1,28,36.2031,0.1198,0.147911
2014,1,30,36.1302,-0.0885,0.147911
2014,1,30,36.1094,-0.1198,0.147911
2014,1,30,36.0677,-0.0052,0.147911
2014,1,31,36.4844,-0.849,0.147911
2014,1,31,35.9219,-0.7865,0.147911
2014,1,31,35.9115,-0.776,0.147911
2014,1,31,35.901,-0.7344,0.147911
2014,1,31,36.0156,-0.6094,0.147911
2014,1,31,35.9844,-0.4844,0.147911
2014,1,31,35.974,-0.4844,0.147911
2014,1,1,36.4427,-0.7865,0.153109
2014,1,1,36.9219,0.6927,0.153109
2014,1,1,36.849,-0.276,0.153109
2014,1,1,36.8281,-0.1927,0.153109
2014,1,1,36.8177,-0.1823,0.153109
2014,1,1,36.7656,-0.2135,0.153109
2014,1,1,36.7448,-0.1927,0.153109
2014,1,1,36.7344,-0.1823,0.153109
2014,1,1,36.724,-0.1823,0.153109
2014,1,1,36.724,-0.1615,0.153109
2014,1,1,36.7031,-0.1615,0.153109
2014,1,1,36.526,0.2552,0.153109
2014,1,1,36.5156,0.2552,0.153109
2014,1,1,36.3802,-0.1823,0.153109
2014,1,1,36.3802,-0.0781,0.153109
2014,1,1,36.3177,-0.4219,0.153109
2014,1,1,36.2031,-0.6198,0.153109
2014,1,8,36.8698,0.1406,0.153109
2014,1,8,36.5885,-0.0365,0.153109
2014,1,8,36.4323,-0.1615,0.153109
2014,1,9,36.6406,-0.4635,0.153109
2014,1,9,36.3385,-0.1094,0.153109
2014,1,15,36.2135,-0.7448,0.153109
2014,1,15,36.2344,-0.4635,0.153109
2014,1,15,35.8281,-0.6198,0.153109
2014,1,17,36.8802,-0.2448,0.153109
2014,1,18,35.776,-0.8802,0.153109
2014,1,18,36.4948,-0.401,0.153109
2014,1,18,36.2552,0.1615,0.153109
2014,1,18,36.1615,0.1823,0.153109
2014,1,18,36.151,0.1823,0.153109
2014,1,18,36.1198,-0.0365,0.153109
2014,1,18,36.0781,-0.3906,0.153109
2014,1,18,35.9948,-0.3906,0.153109
2014,1,18,35.9219,-0.3594,0.153109
2014,1,18,35.9115,-0.3802 *,0.153109
2014,1,18,35.7656,-0.6615,0.153109
2014,1,20,35.8281,-0.9427,0.153109
2014,1,20,36.5885,0.9323,0.153109
2014,1,20,36.526,0.724,0.153109
2014,1,20,36.5052,0.4531,0.153109
2014,1,20,36.5052,0.5885,0.153109
2014,1,20,36.5052,0.6198,0.153109
2014,1,20,36.4427,0.1927,0.153109
2014,1,20,36.4219,0.5573,0.153109
2014,1,20,36.3073,0.2031,0.153109
2014,1,20,36.2344,0.0573,0.153109
2014,1,20,36.2135,0.0052,0.153109
2014,1,20,36.1927,0.0156,0.153109
2014,1,20,36.1406,0.0052,0.153109
2014,1,20,36.0781,-0.1406,0.153109
2014,1,20,36.0573,-0.2344,0.153109
2014,1,20,36.0469,-0.3802,0.153109
2014,1,20,36.0156,-0.5781,0.153109
2014,1,20,36.0156,-0.3281,0.153109
2014,1,20,35.9531,-0.4635,0.153109
2014,1,20,35.9219,-0.6615,0.153109
2014,1,21,37.1094,0.9427,0.153109
2014,1,21,37.1094,0.9531,0.153109
2014,1,21,37.099,0.9531,0.153109
2014,1,21,37.0885,0.599,0.153109
2014,1,21,37.0885,0.9531,0.153109
2014,1,21,37.0885,0.9635,0.153109
2014,1,23,36.1198,-0.724,0.153109
2014,1,23,36.1094,-0.7344,0.153109
2014,1,23,36.1094,-0.7031,0.153109
2014,1,23,36.5365,-0.0052,0.153109
2014,1,26,36.5156,0.7969,0.153109
2014,1,27,36.0156,-0.276,0.153109
2014,1,28,36.5677,-0.8594,0.153109
2014,1,28,36.5573,-0.8594,0.153109
2014,1,28,36.5469,-0.8594,0.153109
2014,1,28,36.5156,-0.8698,0.153109
2014,1,28,36.5052,-0.8906,0.153109
2014,1,28,36.4948,-0.8906,0.153109
2014,1,28,36.4844,-0.9115,0.153109
2014,1,28,36.474,-0.9115,0.153109
2014,1,28,36.7031,0.8802,0.153109
2014,1,28,36.7031,0.8906,0.153109
2014,1,28,36.7031,0.901,0.153109
2014,1,28,36.6927,0.8698,0.153109
2014,1,28,36.6927,0.8802,0.153109
2014,1,28,36.6823,0.8385,0.153109
2014,1,28,36.6823,0.849,0.153109
2014,1,28,36.6719,0.8802,0.153109
2014,1,28,36.6615,0.8281,0.153109
2014,1,28,36.651,0.8802,0.153109
2014,1,28,36.6198,0.7969,0.153109
2014,1,28,36.2656,-0.1719,0.153109
2014,1,28,36.2552,-0.1823,0.153109
2014,1,28,36.2552,-0.1719,0.153109
2014,1,28,36.2552,-0.1406,0.153109
2014,1,28,36.2448,-0.1406,0.153109
2014,1,28,36.2448,-0.1302,0.153109
2014,1,28,36.224,-0.1094,0.153109
2014,1,28,36.224,-0.0885,0.153109
2014,1,28,36.2135,-0.0885,0.153109
2014,1,28,36.2135,-0.0781,0.153109
2014,1,28,36.2135,-0.0573,0.153109
2014,1,30,35.9219,-0.8802,0.153109
2014,1,30,35.8698,-0.7031,0.153109
2014,1,30,36.1406,-0.026,0.153109
2014,1,30,36.1302,-0.0365,0.153109
2014,1,30,36.1198,-0.0469,0.153109
2014,1,30,36.1198,0.0052,0.153109
2014,1,30,36.099,0.026,0.153109
2014,1,30,35.901,-0.6406,0.153109
2014,1,31,36.5365,-0.776,0.153109
2014,1,31,36.474,-0.724,0.153109
2014,1,31,36.0885,-0.526,0.153109
2014,1,31,36.026,-0.3594,0.153109
2014,1,31,35.8698,-0.6615,0.153109
2014,1,1,36.5677,-0.7656,0.158489
2014,1,1,36.5156,-0.849,0.158489
2014,1,1,36.4531,-0.776,0.158489
2014,1,1,36.9323,0.1823,0.158489
2014,1,1,36.9323,0.6719,0.158489
2014,1,1,36.7656,-0.2552,0.158489
2014,1,1,36.7344,-0.2031,0.158489
2014,1,1,36.7344,-0.151,0.158489
2014,1,1,36.7344,-0.1406,0.158489
2014,1,1,36.6198,0.1719,0.158489
2014,1,1,36.6094,-0.4323,0.158489
2014,1,1,36.5469,0.0781,0.158489
2014,1,1,36.401,-0.1406,0.158489
2014,1,1,36.3906,-0.1615,0.158489
2014,1,1,36.3594,0.224,0.158489
2014,1,1,36.3385,0.0677,0.158489
2014,1,1,36.2344,-0.651,0.158489
2014,1,8,36.349,-0.3698,0.158489
2014,1,8,36.3177,-0.5677,0.158489
2014,1,15,35.9948,-0.4635,0.158489
2014,1,18,35.9531,-0.901,0.158489
2014,1,18,35.776,-0.8385,0.158489
2014,1,18,36.7031,-0.3906,0.158489
2014,1,18,36.1719,0.0052,0.158489
2014,1,18,36.0781,-0.3802,0.158489
2014,1,18,35.9427,-0.2344,0.158489
2014,1,18,35.8594,-0.5052,0.158489
2014,1,18,35.849,-0.5156,0.158489
2014,1,18,35.8281,-0.5469,0.158489
2014,1,20,36.0677,-0.9844,0.158489
2014,1,20,35.8385,-0.901,0.158489
2014,1,20,36.5573,0.4427,0.158489
2014,1,20,36.526,0.4219,0.158489
2014,1,20,36.5156,0.4635,0.158489
2014,1,20,36.5052,0.5677,0.158489
2014,1,20,36.4219,0.5365,0.158489
2014,1,20,36.401,0.1823,0.158489
2014,1,20,36.3594,-0.349,0.158489
2014,1,20,36.349,0.0781,0.158489
2014,1,20,36.3073,-0.3594,0.158489
2014,1,20,36.2969,0.2031,0.158489
2014,1,20,36.2448,0.0781,0.158489
2014,1,20,36.1719,-0.3073,0.158489
2014,1,20,36.1719,0.099,0.158489
2014,1,20,36.1406,-0.1302,0.158489
2014,1,20,36.1302,-0.0573,0.158489
2014,1,20,36.1198,-0.2031,0.158489
2014,1,20,36.0677,-0.1823,0.158489
2014,1,20,36.0573,-0.276,0.158489
2014,1,20,35.9531,-0.5052,0.158489
2014,1,20,35.9323,-0.5052,0.158489
2014,1,20,35.9219,-0.5365,0.158489
2014,1,20,35.9115,-0.5469,0.158489
2014,1,20,35.849,-0.6198,0.158489
2014,1,21,36.5469,-0.6927,0.158489
2014,1,21,37.1094,0.901,0.158489
2014,1,21,37.099,0.9427,0.158489
2014,1,21,37.0885,0.6302,0.158489
2014,1,21,37.0781,0.9531,0.158489
2014,1,21,37.0469,0.849,0.158489
2014,1,21,36.599,-0.6615,0.158489
2014,1,23,36.474,-0.7969,0.158489
2014,1,23,36.4115,-0.7969,0.158489
2014,1,23,36.3073,-0.7865,0.158489
2014,1,23,36.224,-0.9427,0.158489
2014,1,23,36.151,-0.7552,0.158489
2014,1,23,36.1302,-0.776,0.158489
2014,1,23,36.1302,-0.7656,0.158489
2014,1,23,36.1198,-0.7656,0.158489
2014,1,23,36.1198,-0.7552,0.158489
2014,1,23,36.1198,-0.7344,0.158489
2014,1,24,36.7031,0.3906,0.158489
2014,1,27,36.4844,0.6198,0.158489
2014,1,27,36.0052,-0.2656,0.158489
2014,1,27,36.0052,-0.2135,0.158489
2014,1,28,36.5885,-0.8698,0.158489
2014,1,28,36.5885,-0.8594,0.158489
2014,1,28,36.5781,-0.8594,0.158489
2014,1,28,36.5677,-0.8698,0.158489
2014,1,28,36.5469,-0.8698,0.158489
2014,1,28,36.526,-0.8698,0.158489
2014,1,28,36.5156,-0.8802,0.158489
2014,1,28,36.4948,-0.901,0.158489
2014,1,28,36.4844,-0.9219,0.158489
2014,1,28,36.474,-0.9323,0.158489
2014,1,28,36.474,-0.9219,0.158489
2014,1,28,36.724,0.901,0.158489
2014,1,28,36.7135,0.9115,0.158489
2014,1,28,36.6719,0.8281,0.158489
2014,1,28,36.651,0.7969,0.158489
2014,1,28,36.651,0.8073,0.158489
2014,1,28,36.6406,0.7865,0.158489
2014,1,28,36.6302,0.776,0.158489
2014,1,28,36.6302,0.7865,0.158489
2014,1,28,36.6198,0.7865,0.158489
2014,1,28,36.5781,0.4844,0.158489
2014,1,28,36.2448,-0.1719,0.158489
2014,1,28,36.2448,-0.1615,0.158489
2014,1,28,36.2448,-0.151,0.158489
2014,1,28,36.2344,-0.1406,0.158489
2014,1,28,36.2344,-0.1302,0.158489
2014,1,28,36.2344,-0.1094,0.158489
2014,1,28,36.2135,-0.0469,0.158489
2014,1,28,36.2135,0.1302,0.158489
2014,1,30,35.8802,-0.724,0.158489
2014,1,30,36.1406,-0.0885,0.158489
2014,1,30,36.1406,-0.0365,0.158489
2014,1,30,36.1406,-0.0052,0.158489
2014,1,30,36.1406,0.0469,0.158489
2014,1,30,36.1302,-0.0677,0.158489
2014,1,30,36.1302,-0.026,0.158489
2014,1,30,36.1302,0.0156,0.158489
2014,1,30,36.1302,0.026,0.158489
2014,1,30,36.1198,-0.1198,0.158489
2014,1,30,36.1198,0.0156,0.158489
2014,1,30,36.1198,0.026,0.158489
2014,1,30,36.1094,0.026,0.158489
2014,1,30,36.0677,-0.3698,0.158489
2014,1,31,36.474,-0.8802,0.158489
2014,1,31,35.9427,-0.7865,0.158489
2014,1,31,36.0365,-0.349,0.158489
2014,1,31,36.026,-0.5677,0.158489
2014,1,31,36.0156,-0.3698,0.158489
2014,1,31,36.0052,-0.599,0.158489
2014,1,1,36.4531,-0.7865,0.164059
2014,1,1,36.1719,-0.7656,0.164059
2014,1,1,36.151,-0.776,0.164059
2014,1,1,36.9844,0.5677,0.164059
2014,1,1,36.9427,0.1823,0.164059
2014,1,1,36.8802,-0.2448,0.164059
2014,1,1,36.849,0.8073,0.164059
2014,1,1,36.8177,-0.224,0.164059
2014,1,1,36.7865,-0.151,0.164059
2014,1,1,36.776,-0.1615,0.164059
2014,1,1,36.7552,-0.1927,0.164059
2014,1,1,36.7552,-0.1406,0.164059
2014,1,1,36.7448,-0.5052,0.164059
2014,1,1,36.7448,-0.2031,0.164059
2014,1,1,36.7448,-0.151,0.164059
2014,1,1,36.7344,-0.1927,0.164059
2014,1,1,36.7344,-0.1719,0.164059
2014,1,1,36.7344,-0.1615,0.164059
2014,1,1,36.724,-0.151,0.164059
2014,1,1,36.6406,-0.6198,0.164059
2014,1,1,36.6198,0.151,0.164059
2014,1,1,36.6198,0.1615,0.164059
2014,1,1,36.6198,0.1927,0.164059
2014,1,1,36.6094,-0.4531,0.164059
2014,1,1,36.6094,0.1406,0.164059
2014,1,1,36.599,-0.4427,0.164059
2014,1,1,36.5573,0.6615,0.164059
2014,1,1,36.5052,0.0781,0.164059
2014,1,1,36.3906,-0.1406,0.164059
2014,1,1,36.3802,-0.099,0.164059
2014,1,1,36.3594,-0.3281,0.164059
2014,1,4,36.0052,-0.8385,0.164059
2014,1,8,36.8177,0.1198,0.164059
2014,1,8,36.349,-0.3594,0.164059
2014,1,15,36.1406,-0.7031,0.164059
2014,1,15,35.8281,-0.6094,0.164059
2014,1,18,36.4635,-0.7344,0.164059
2014,1,18,36.349,-0.7448,0.164059
2014,1,18,36.3281,-0.7969,0.164059
2014,1,18,36.6198,-0.2656,0.164059
2014,1,18,36.2656,0.1615,0.164059
2014,1,18,36.2135,0.1823,0.164059
2014,1,18,36.2135,0.276,0.164059
2014,1,18,36.1406,-0.0677,0.164059
2014,1,18,35.9531,-0.2656,0.164059
2014,1,18,35.9323,-0.4427,0.164059
2014,1,18,35.9323,-0.4323,0.164059
2014,1,18,35.9219,-0.3906,0.164059
2014,1,18,35.9219,-0.349,0.164059
2014,1,18,35.9115,-0.2969,0.164059
2014,1,18,35.849,-0.5052,0.164059
2014,1,18,35.8385,-0.526,0.164059
2014,1,18,35.776,-0.6302,0.164059
2014,1,18,35.776,-0.6198,0.164059
2014,1,20,35.901,-0.9323,0.164059
2014,1,20,35.849,-0.7344,0.164059
2014,1,20,35.8385,-0.9219,0.164059
2014,1,20,37.0677,0.8281,0.164059
2014,1,20,36.9635,0.8385,0.164059
2014,1,20,36.5365,0.8698,0.164059
2014,1,20,36.526,0.099,0.164059
2014,1,20,36.5052,0.6302,0.164059
2014,1,20,36.4219,0.1823,0.164059
2014,1,20,36.3698,-0.2448,0.164059
2014,1,20,36.3073,-0.3177,0.164059
2014,1,20,36.2656,0.1302,0.164059
2014,1,20,36.224,-0.2344,0.164059
2014,1,20,36.224,0.0365,0.164059
2014,1,20,36.224,0.0677,0.164059
2014,1,20,36.2031,-0.1823,0.164059
2014,1,20,36.1927,-0.151,0.164059
2014,1,20,36.1927,0.099,0.164059
2014,1,20,36.0885,-0.1094,0.164059
2014,1,20,36.0885,-0.099,0.164059
2014,1,20,36.0781,-0.0885,0.164059
2014,1,20,36.0677,-0.1198,0.164059
2014,1,20,36.026,-0.5781,0.164059
2014,1,20,36.0156,-0.3385,0.164059
2014,1,20,36.0052,-0.1927,0.164059
2014,1,20,35.9844,-0.6615,0.164059
2014,1,20,35.9635,-0.3698,0.164059
2014,1,20,35.8594,-0.6094,0.164059
2014,1,21,37.1927,0.7969,0.164059
2014,1,21,37.1927,0.8073,0.164059
2014,1,21,37.1094,0.9115,0.164059
2014,1,21,37.1094,0.9219,0.164059
2014,1,21,37.099,0.9115,0.164059
2014,1,21,37.099,0.9219,0.164059
2014,1,21,37.099,0.9323,0.164059
2014,1,21,37.0885,0.6094,0.164059
2014,1,22,36.901,-0.2135,0.164059
2014,1,23,36.2344,-0.9427,0.164059
2014,1,23,36.2135,-0.9219,0.164059
2014,1,23,36.151,-0.776,0.164059
2014,1,23,36.1406,-0.776,0.164059
2014,1,23,36.1406,-0.7656,0.164059
2014,1,23,36.1302,-0.7344,0.164059
2014,1,23,36.1094,-0.7448,0.164059
2014,1,23,36.5677,0.0573,0.164059
2014,1,26,36.3802,0.599,0.164059
2014,1,26,36.3385,0.1927,0.164059
2014,1,28,36.5781,-0.8802,0.164059
2014,1,28,36.5781,-0.8698,0.164059
2014,1,28,36.5781,-0.8385,0.164059
2014,1,28,36.5573,-0.8802,0.164059
2014,1,28,36.5573,-0.8698,0.164059
2014,1,28,36.5469,-0.8802,0.164059
2014,1,28,36.5365,-0.8698,0.164059
2014,1,28,36.526,-0.8802,0.164059
2014,1,28,36.526,-0.8594,0.164059
2014,1,28,36.5156,-0.901,0.164059
2014,1,28,36.5052,-0.901,0.164059
2014,1,28,36.4948,-0.9219,0.164059
2014,1,28,36.4948,-0.9115,0.164059
2014,1,28,36.4844,-0.9323,0.164059
2014,1,28,36.7135,0.8802,0.164059
2014,1,28,36.7135,0.8906,0.164059
2014,1,28,36.7135,0.901,0.164059
2014,1,28,36.7031,0.8698,0.164059
2014,1,28,36.6927,0.849,0.164059
2014,1,28,36.6823,0.8281,0.164059
2014,1,28,36.6615,0.8073,0.164059
2014,1,28,36.6615,0.8177,0.164059
2014,1,28,36.6406,0.7969,0.164059
2014,1,28,36.6198,0.776,0.164059
2014,1,28,36.5781,0.5156,0.164059
2014,1,28,36.5677,0.4844,0.164059
2014,1,28,36.2344,-0.1615,0.164059
2014,1,28,36.224,0.1406,0.164059
2014,1,30,36.0156,-0.6927,0.164059
2014,1,30,36.0052,-0.6823,0.164059
2014,1,30,35.8698,-0.8385,0.164059
2014,1,30,35.8698,-0.7448,0.164059
2014,1,30,36.1406,-0.0677,0.164059
2014,1,30,36.1406,-0.0156,0.164059
2014,1,30,36.1406,0.026,0.164059
2014,1,30,36.1302,-0.1198,0.164059
2014,1,30,36.1302,-0.0781,0.164059
2014,1,30,36.1302,-0.0156,0.164059
2014,1,30,36.1302,0.0052,0.164059
2014,1,30,36.1094,0.0052,0.164059
2014,1,30,36.0885,0.0052,0.164059
2014,1,30,36.0781,-0.3698,0.164059
2014,1,30,36.0156,-0.6302,0.164059
2014,1,30,35.9115,-0.6094,0.164059
2014,1,30,35.901,-0.6198,0.164059
2014,1,31,36.6094,-0.7135,0.164059
2014,1,31,36.526,-0.7656,0.164059
2014,1,31,36.4635,-0.724,0.164059
2014,1,31,36.276,-0.8594,0.164059
2014,1,31,35.9531,-0.776,0.164059
2014,1,31,35.9323,-0.7865,0.164059
2014,1,31,36.0781,-0.5365,0.164059
2014,1,31,36.0781,-0.526,0.164059
2014,1,31,36.0156,-0.5677,0.164059
2014,1,1,36.526,-0.8385,0.169824
2014,1,1,36.4427,-0.7969,0.169824
2014,1,1,36.1823,-0.7552,0.169824
2014,1,1,36.1302,-0.8073,0.169824
2014,1,1,36.1094,-0.8385,0.169824
2014,1,1,36.0365,-0.9219,0.169824
2014,1,1,37.0885,0.3385,0.169824
2014,1,1,37.0573,0.2344,0.169824
2014,1,1,37.0156,0.0469,0.169824
2014,1,1,37.0156,0.4948,0.169824
2014,1,1,36.974,0.599,0.169824
2014,1,1,36.8594,0.8594,0.169824
2014,1,1,36.8385,-0.276,0.169824
2014,1,1,36.8281,-0.2031,0.169824
2014,1,1,36.8177,-0.1927,0.169824
2014,1,1,36.8073,-0.1719,0.169824
2014,1,1,36.7969,-0.1927,0.169824
2014,1,1,36.7865,-0.1719,0.169824
2014,1,1,36.7656,-0.2031,0.169824
2014,1,1,36.7448,-0.1823,0.169824
2014,1,1,36.7448,-0.1719,0.169824
2014,1,1,36.7448,-0.1615,0.169824
2014,1,1,36.7448,-0.1406,0.169824
2014,1,1,36.7344,-0.1198,0.169824
2014,1,1,36.6198,0.1823,0.169824
2014,1,1,36.6094,-0.4427,0.169824
2014,1,1,36.6094,0.1615,0.169824
2014,1,1,36.599,-0.4531,0.169824
2014,1,1,36.5885,0.224,0.169824
2014,1,1,36.5781,0.224,0.169824
2014,1,1,36.5677,0.099,0.169824
2014,1,1,36.4844,-0.599,0.169824
2014,1,1,36.4531,0.224,0.169824
2014,1,1,36.3906,-0.2448,0.169824
2014,1,1,36.3802,-0.1615,0.169824
2014,1,7,36.5885,0.5365,0.169824
2014,1,7,36.5781,0.5052,0.169824
2014,1,8,36.4844,-0.1302,0.169824
2014,1,15,36.1927,-0.974,0.169824
2014,1,15,36.1406,-0.8281,0.169824
2014,1,15,36.7656,-0.5052,0.169824
2014,1,15,36.7448,-0.5156,0.169824
2014,1,15,36.4948,-0.651,0.169824
2014,1,15,36.3281,-0.6302,0.169824
2014,1,15,35.901,-0.3177,0.169824
2014,1,15,35.8281,-0.5885,0.169824
2014,1,17,36.2344,-0.974,0.169824
2014,1,18,36.349,-0.8594,0.169824
2014,1,18,35.849,-0.8385,0.169824
2014,1,18,35.7969,-0.849,0.169824
2014,1,18,35.7865,-0.849,0.169824
2014,1,18,35.776,-0.8698,0.169824
2014,1,18,35.7656,-0.901,0.169824
2014,1,18,35.7552,-0.6927,0.169824
2014,1,18,36.599,-0.599,0.169824
2014,1,18,36.5885,-0.1094,0.169824
2014,1,18,36.526,0.151,0.169824
2014,1,18,36.4323,-0.5156,0.169824
2014,1,18,36.276,0.0573,0.169824
2014,1,18,36.2656,-0.2031,0.169824
2014,1,18,36.2448,0.1823,0.169824
2014,1,18,36.224,0.1719,0.169824
2014,1,18,36.1719,0.1615,0.169824
2014,1,18,36.1198,0.1719,0.169824
2014,1,18,36.1198,0.1823,0.169824
2014,1,18,35.9323,-0.3698,0.169824
2014,1,18,35.9115,-0.3906 *,0.169824
2014,1,18,35.8177,-0.6198,0.169824
2014,1,18,35.8177,-0.5677,0.169824
2014,1,20,36.026,-0.7135,0.169824
2014,1,20,35.8698,-0.974,0.169824
2014,1,20,35.8177,-0.9531,0.169824
2014,1,20,36.599,0.9531,0.169824
2014,1,20,36.5156,0.5365,0.169824
2014,1,20,36.4323,0.1927,0.169824
2014,1,20,36.349,0.099,0.169824
2014,1,20,36.3073,-0.2344,0.169824
2014,1,20,36.3073,-0.2135,0.169824
2014,1,20,36.2969,0.2135,0.169824
2014,1,20,36.2344,-0.099,0.169824
2014,1,20,36.2135,-0.0469,0.169824
2014,1,20,36.2135,0.0469,0.169824
2014,1,20,36.2031,-0.4531,0.169824
2014,1,20,36.2031,-0.2865,0.169824
2014,1,20,36.2031,0.0365,0.169824
2014,1,20,36.1927,-0.1927,0.169824
2014,1,20,36.0885,-0.1406,0.169824
2014,1,20,36.0677,-0.099,0.169824
2014,1,20,36.0573,-0.0781,0.169824
2014,1,20,36.0573,-0.0677,0.169824
2014,1,20,36.0156,-0.5677,0.169824
2014,1,20,35.9948,-0.224,0.169824
2014,1,20,35.9635,-0.6615,0.169824
2014,1,20,35.9219,-0.5156,0.169824
2014,1,21,36.5469,-0.7031,0.169824
2014,1,21,36.474,-0.6823,0.169824
2014,1,21,36.0573,-0.901,0.169824
2014,1,21,37.1198,0.9219,0.169824
2014,1,21,37.099,0.599,0.169824
2014,1,21,37.099,0.6094,0.169824
2014,1,21,37.099,0.8906,0.169824
2014,1,21,37.099,0.901,0.169824
2014,1,21,37.0885,0.6198,0.169824
2014,1,23,36.5469,-0.7031,0.169824
2014,1,23,36.4635,-0.7969,0.169824
2014,1,23,36.401,-0.7969,0.169824
2014,1,23,36.2344,-0.9323,0.169824
2014,1,23,36.224,-0.9219,0.169824
2014,1,23,36.2135,-0.9115,0.169824
2014,1,23,36.1406,-0.7344,0.169824
2014,1,23,36.1406,-0.724,0.169824
2014,1,23,36.1302,-0.7552,0.169824
2014,1,23,36.1302,-0.7448,0.169824
2014,1,23,36.1198,-0.7031,0.169824
2014,1,23,37.0885,0.2552,0.169824
2014,1,23,36.7031,-0.276,0.169824
2014,1,26,36.2344,-0.0469,0.169824
2014,1,26,36.224,-0.0677,0.169824
2014,1,26,36.1719,-0.224,0.169824
2014,1,26,36.1615,-0.2344,0.169824
2014,1,28,36.5677,-0.901,0.169824
2014,1,28,36.5469,-0.8906,0.169824
2014,1,28,36.5365,-0.8906,0.169824
2014,1,28,36.5365,-0.8802,0.169824
2014,1,28,36.526,-0.8906,0.169824
2014,1,28,36.4844,-0.9844,0.169824
2014,1,28,36.474,-0.9635,0.169824
2014,1,28,36.474,-0.9531,0.169824
2014,1,28,36.7448,0.9219,0.169824
2014,1,28,36.7135,0.8698,0.169824
2014,1,28,36.7031,0.8594,0.169824
2014,1,28,36.6927,0.8281,0.169824
2014,1,28,36.6823,0.8177,0.169824
2014,1,28,36.6719,0.8073,0.169824
2014,1,28,36.651,0.7865,0.169824
2014,1,28,36.6302,0.7552,0.169824
2014,1,28,36.6302,0.7656,0.169824
2014,1,28,36.6198,0.7656,0.169824
2014,1,28,36.5677,0.4948,0.169824
2014,1,28,36.2552,-0.151,0.169824
2014,1,28,36.2448,-0.1823,0.169824
2014,1,28,36.224,-0.1302,0.169824
2014,1,28,36.224,-0.1198,0.169824
2014,1,28,36.224,0.1302,0.169824
2014,1,28,36.2135,-0.1302,0.169824
2014,1,28,36.2135,-0.1198,0.169824
2014,1,28,36.2135,-0.1094,0.169824
2014,1,30,35.9948,-0.6719,0.169824
2014,1,30,35.9219,-0.8906,0.169824
2014,1,30,35.8802,-0.7135,0.169824
2014,1,30,35.8698,-0.7135,0.169824
2014,1,30,35.8594,-0.7969,0.169824
2014,1,30,35.849,-0.7448,0.169824
2014,1,30,36.151,-0.0365,0.169824
2014,1,30,36.151,-0.026,0.169824
2014,1,30,36.1406,-0.1719,0.169824
2014,1,30,36.1406,0.0052,0.169824
2014,1,30,36.1406,0.0156,0.169824
2014,1,30,36.1198,-0.1823,0.169824
2014,1,30,36.099,0.0052,0.169824
2014,1,30,36.099,0.0156,0.169824
2014,1,30,36.0677,-0.3906,0.169824
2014,1,30,36.0677,-0.026,0.169824
2014,1,30,36.026,-0.6302,0.169824
2014,1,30,36.026,-0.526,0.169824
2014,1,31,35.8802,-0.7552,0.169824
2014,1,31,35.7344,-0.6823,0.169824
2014,1,31,36.0365,-0.3385,0.169824
2014,1,31,36.026,-0.349,0.169824
2014,1,31,36.0156,-0.3177,0.169824
2014,1,31,35.9844,-0.4635,0.169824
2014,1,1,36.4531,-0.8281,0.175792
2014,1,1,36.4531,-0.8073,0.175792
2014,1,1,36.4427,-0.8073,0.175792
2014,1,1,36.2135,-0.7031,0.175792
2014,1,1,37.0885,0.4635,0.175792
2014,1,1,36.9948,0.5469,0.175792
2014,1,1,36.9635,0.6302,0.175792
2014,1,1,36.849,-0.2865,0.175792
2014,1,1,36.849,0.8385,0.175792
2014,1,1,36.8177,-0.2031,0.175792
2014,1,1,36.8073,-0.1927,0.175792
2014,1,1,36.8073,-0.1823,0.175792
2014,1,1,36.776,-0.2865,0.175792
2014,1,1,36.776,-0.276,0.175792
2014,1,1,36.776,-0.151,0.175792
2014,1,1,36.7656,-0.224,0.175792
2014,1,1,36.7656,-0.1927,0.175792
2014,1,1,36.7656,-0.1823,0.175792
2014,1,1,36.7656,-0.1615,0.175792
2014,1,1,36.7656,-0.1406,0.175792
2014,1,1,36.7552,-0.1823,0.175792
2014,1,1,36.7552,-0.1719,0.175792
2014,1,1,36.7552,-0.1615,0.175792
2014,1,1,36.7552,-0.1302,0.175792
2014,1,1,36.7448,-0.2135,0.175792
2014,1,1,36.7344,-0.2135,0.175792
2014,1,1,36.6094,0.151,0.175792
2014,1,1,36.6094,0.1719,0.175792
2014,1,1,36.599,0.1927,0.175792
2014,1,1,36.599,0.2135,0.175792
2014,1,1,36.5885,0.2031,0.175792
2014,1,1,36.5885,0.2135,0.175792
2014,1,1,36.5781,0.1198,0.175792
2014,1,1,36.5156,0.0885,0.175792
2014,1,1,36.5156,0.2448,0.175792
2014,1,1,36.5052,0.099,0.175792
2014,1,1,36.4948,-0.5469,0.175792
2014,1,1,36.401,-0.2865,0.175792
2014,1,1,36.401,-0.1302,0.175792
2014,1,1,36.3906,-0.1302,0.175792
2014,1,1,36.349,0.2135,0.175792
2014,1,1,36.3073,-0.4219,0.175792
2014,1,1,36.2969,-0.4323,0.175792
2014,1,1,36.2135,-0.0677,0.175792
2014,1,8,36.3385,-0.3802,0.175792
2014,1,9,36.4115,-0.0677,0.175792
2014,1,15,36.2656,-0.7552,0.175792
2014,1,15,36.651,-0.5573,0.175792
2014,1,17,36.7344,-0.4531,0.175792
2014,1,18,36.3594,-0.849,0.175792
2014,1,18,35.7865,-0.8698,0.175792
2014,1,18,36.776,-0.3281,0.175792
2014,1,18,36.474,0.1615,0.175792
2014,1,18,36.224,0.1823,0.175792
2014,1,18,36.2135,0.0469,0.175792
2014,1,18,36.1719,0.1719,0.175792
2014,1,18,35.9844,-0.4115,0.175792
2014,1,18,35.974,-0.224,0.175792
2014,1,18,35.9427,-0.3802,0.175792
2014,1,18,35.9323,-0.3906,0.175792
2014,1,18,35.8594,-0.5156,0.175792
2014,1,18,35.849,-0.526,0.175792
2014,1,20,35.8906,-0.8594,0.175792
2014,1,20,35.8906,-0.6823,0.175792
2014,1,20,35.8802,-0.974,0.175792
2014,1,20,35.8802,-0.9427,0.175792
2014,1,20,37.0469,0.9323,0.175792
2014,1,20,36.9531,0.9323,0.175792
2014,1,20,36.4948,0.0885,0.175792
2014,1,20,36.4219,0.5469,0.175792
2014,1,20,36.4115,-0.099,0.175792
2014,1,20,36.4115,0.5469,0.175792
2014,1,20,36.3906,-0.2344,0.175792
2014,1,20,36.3594,-0.0156,0.175792
2014,1,20,36.3385,0.0885,0.175792
2014,1,20,36.224,0.0573,0.175792
2014,1,20,36.224,0.0781,0.175792
2014,1,20,36.2135,-0.1302,0.175792
2014,1,20,36.2135,-0.0365,0.175792
2014,1,20,36.2135,0.0365,0.175792
2014,1,20,36.1927,0.1094,0.175792
2014,1,20,36.1823,-0.1302,0.175792
2014,1,20,36.1823,0.0469,0.175792
2014,1,20,36.1823,0.099,0.175792
2014,1,20,36.1823,0.1406,0.175792
2014,1,20,36.1719,0.1198,0.175792
2014,1,20,36.1406,0.0156,0.175792
2014,1,20,36.099,-0.2656,0.175792
2014,1,20,36.0781,-0.1302,0.175792
2014,1,20,36.0469,-0.6094,0.175792
2014,1,20,36.0469,-0.349,0.175792
2014,1,20,36.0469,-0.2552,0.175792
2014,1,20,36.0469,-0.2344,0.175792
2014,1,20,36.0469,-0.151,0.175792
2014,1,20,36.026,-0.151,0.175792
2014,1,20,36.026,-0.1406,0.175792
2014,1,20,36.0156,-0.5469,0.175792
2014,1,20,36.0052,-0.2135,0.175792
2014,1,20,35.9844,-0.276,0.175792
2014,1,20,35.9635,-0.5365,0.175792
2014,1,20,35.9219,-0.4948,0.175792
2014,1,21,36.1198,-0.9115,0.175792
2014,1,21,37.151,0.7031,0.175792
2014,1,21,37.099,0.6198,0.175792
2014,1,21,37.0885,0.9115,0.175792
2014,1,21,37.0885,0.9219,0.175792
2014,1,21,37.0885,0.9323,0.175792
2014,1,21,37.0885,0.9427,0.175792
2014,1,21,37.0781,0.9427,0.175792
2014,1,21,37.0677,0.9323,0.175792
2014,1,21,37.0573,0.849,0.175792
2014,1,21,37.0469,0.8385,0.175792
2014,1,21,37.0469,0.8594,0.175792
2014,1,22,36.8906,-0.2135,0.175792
2014,1,23,36.5469,-0.6927,0.175792
2014,1,23,36.2552,-0.9427,0.175792
2014,1,23,36.2448,-0.9427,0.175792
2014,1,23,36.2448,-0.9323,0.175792
2014,1,23,36.2344,-0.9219,0.175792
2014,1,23,36.2344,-0.8385,0.175792
2014,1,23,36.224,-0.9115,0.175792
2014,1,23,36.224,-0.849,0.175792
2014,1,23,36.1615,-0.776,0.175792
2014,1,23,36.151,-0.7656,0.175792
2014,1,23,36.1406,-0.7552,0.175792
2014,1,23,36.1406,-0.7448,0.175792
2014,1,23,36.1302,-0.724,0.175792
2014,1,23,36.1198,-0.7448,0.175792
2014,1,23,37.099,0.2552,0.175792
2014,1,23,36.6927,-0.2552,0.175792
2014,1,23,36.5885,0.0156,0.175792
2014,1,23,36.5677,-0.0469,0.175792
2014,1,23,36.5469,-0.0052,0.175792
2014,1,26,36.5469,0.8385,0.175792
2014,1,26,36.4948,0.7656,0.175792
2014,1,27,36.3698,0.5781,0.175792
2014,1,27,36.2031,0.1094,0.175792
2014,1,27,36.2031,0.1406,0.175792
2014,1,27,36.1719,0.0781,0.175792
2014,1,27,35.974,-0.0885,0.175792
2014,1,28,36.5781,-0.8906,0.175792
2014,1,28,36.5781,-0.849,0.175792
2014,1,28,36.5677,-0.8906,0.175792
2014,1,28,36.5677,-0.8802,0.175792
2014,1,28,36.5573,-0.8906,0.175792
2014,1,28,36.526,-0.901,0.175792
2014,1,28,36.4948,-0.9323,0.175792
2014,1,28,36.7656,0.9844,0.175792
2014,1,28,36.7344,0.9323,0.175792
2014,1,28,36.724,0.8802,0.175792
2014,1,28,36.724,0.8906,0.175792
2014,1,28,36.724,0.9219,0.175792
2014,1,28,36.7031,0.849,0.175792
2014,1,28,36.6719,0.8177,0.175792
2014,1,28,36.6615,0.7865,0.175792
2014,1,28,36.224,-0.151,0.175792
2014,1,28,36.224,-0.1406,0.175792
2014,1,28,36.2031,-0.1302,0.175792
2014,1,30,36.6406,0.8906,0.175792
2014,1,30,36.151,-0.0156,0.175792
2014,1,30,36.151,0.0052,0.175792
2014,1,30,36.151,0.0156,0.175792
2014,1,30,36.151,0.026,0.175792
2014,1,30,36.151,0.0469,0.175792
2014,1,30,36.151,0.0573,0.175792
2014,1,30,36.1406,-0.0781,0.175792
2014,1,30,36.1406,0.0365,0.175792
2014,1,30,36.1198,0.0365,0.175792
2014,1,30,35.8906,-0.651,0.175792
2014,1,31,36.5469,-0.776,0.175792
2014,1,31,36.401,-0.8594,0.175792
2014,1,31,36.3906,-0.8385,0.175792
2014,1,31,36.3802,-0.8385,0.175792
2014,1,31,35.901,-0.7656,0.175792
2014,1,31,35.8698,-0.7552,0.175792
2014,1,31,36.4531,-0.3698,0.175792
2014,1,31,36.0469,-0.6198,0.175792
2014,1,31,36.0469,-0.3281,0.175792
2014,1,31,36.0365,-0.3281,0.175792
2014,1,31,36.026,-0.5156,0.175792
2014,1,31,36.0052,-0.3177,0.175792
2014,1,31,35.9948,-0.5885,0.175792
2014,1,31,35.9844,-0.474,0.175792
2014,1,1,36.1094,-0.8802,0.18197
2014,1,1,36.099,-0.8802,0.18197
2014,1,1,36.0573,-0.9115,0.18197
2014,1,1,37.2031,0.6198,0.18197
2014,1,1,37.0885,0.3802,0.18197
2014,1,1,37.0052,0.5156,0.18197
2014,1,1,36.8906,0.7344,0.18197
2014,1,1,36.8802,-0.2656,0.18197
2014,1,1,36.8698,0.7969,0.18197
2014,1,1,36.8594,-0.2865,0.18197
2014,1,1,36.8594,-0.2344,0.18197
2014,1,1,36.8385,-0.2865,0.18197
2014,1,1,36.8177,-0.2135,0.18197
2014,1,1,36.7969,-0.1823,0.18197
2014,1,1,36.7865,-0.2656,0.18197
2014,1,1,36.776,-0.2135,0.18197
2014,1,1,36.776,-0.1927,0.18197
2014,1,1,36.776,-0.1823,0.18197
2014,1,1,36.7656,-0.1302,0.18197
2014,1,1,36.7552,-0.151,0.18197
2014,1,1,36.6094,0.1823,0.18197
2014,1,1,36.6094,0.1927,0.18197
2014,1,1,36.599,0.1406,0.18197
2014,1,1,36.599,0.2031,0.18197
2014,1,1,36.5885,-0.4635,0.18197
2014,1,1,36.5677,0.224,0.18197
2014,1,1,36.5677,0.2344,0.18197
2014,1,1,36.5365,-0.5365,0.18197
2014,1,1,36.526,-0.5156,0.18197
2014,1,1,36.526,0.2448,0.18197
2014,1,1,36.5156,-0.5052,0.18197
2014,1,1,36.3906,-0.2865,0.18197
2014,1,1,36.3906,-0.1198,0.18197
2014,1,1,36.3906,-0.1094,0.18197
2014,1,1,36.3802,-0.1719,0.18197
2014,1,1,36.3802,-0.151,0.18197
2014,1,1,36.3802,-0.1406,0.18197
2014,1,1,36.3281,-0.3802,0.18197
2014,1,1,36.3177,-0.4115,0.18197
2014,1,1,36.2344,-0.5365,0.18197
2014,1,1,36.2135,-0.0573,0.18197
2014,1,4,35.8698,-0.9635,0.18197
2014,1,4,37.0052,0.4635,0.18197
2014,1,7,36.6094,0.5781,0.18197
2014,1,8,36.4635,-0.1302,0.18197
2014,1,8,36.4323,-0.1719,0.18197
2014,1,9,36.5469,-0.7344,0.18197
2014,1,9,36.7135,-0.2344,0.18197
2014,1,10,37.151,0.6823,0.18197
2014,1,15,36.2865,-0.7656,0.18197
2014,1,15,36.224,-0.7552,0.18197
2014,1,15,36.1615,-0.6719,0.18197
2014,1,15,36.2031,-0.599,0.18197
2014,1,15,35.974,-0.2969,0.18197
2014,1,15,35.8698,-0.5573,0.18197
2014,1,15,35.8594,-0.5469,0.18197
2014,1,18,36.3594,-0.8594,0.18197
2014,1,18,35.9115,-0.8594,0.18197
2014,1,18,35.8177,-0.8281,0.18197
2014,1,18,35.7865,-0.8802,0.18197
2014,1,18,36.7135,-0.2656,0.18197
2014,1,18,36.6406,-0.2865,0.18197
2014,1,18,36.4531,-0.4844,0.18197
2014,1,18,36.4531,-0.4427,0.18197
2014,1,18,36.2656,-0.2135,0.18197
2014,1,18,35.9531,-0.3802,0.18197
2014,1,18,35.9427,-0.3906,0.18197
2014,1,18,35.9323,-0.401,0.18197
2014,1,18,35.9219,-0.3802,0.18197
2014,1,18,35.8698,-0.5469,0.18197
2014,1,18,35.849,-0.5781,0.18197
2014,1,18,35.849,-0.5365,0.18197
2014,1,18,35.8385,-0.599,0.18197
2014,1,18,35.8385,-0.5052,0.18197
2014,1,18,35.8177,-0.5781,0.18197
2014,1,18,35.776,-0.6094,0.18197
2014,1,18,35.7552,-0.651,0.18197
2014,1,20,35.9427,-0.8073,0.18197
2014,1,20,35.8802,-0.9844,0.18197
2014,1,20,35.849,-0.7552,0.18197
2014,1,20,35.8385,-0.8906,0.18197
2014,1,20,36.5885,0.8802,0.18197
2014,1,20,36.5781,0.9323,0.18197
2014,1,20,36.5677,0.776,0.18197
2014,1,20,36.5365,0.6719,0.18197
2014,1,20,36.5365,0.8594,0.18197
2014,1,20,36.526,0.401,0.18197
2014,1,20,36.5156,0.5573,0.18197
2014,1,20,36.5156,0.6198,0.18197
2014,1,20,36.474,0.2552,0.18197
2014,1,20,36.4531,0.2135,0.18197
2014,1,20,36.4427,0.2135,0.18197
2014,1,20,36.4115,-0.3073,0.18197
2014,1,20,36.4115,0.5573,0.18197
2014,1,20,36.3698,0.0469,0.18197
2014,1,20,36.3594,0.0885,0.18197
2014,1,20,36.3177,-0.5469,0.18197
2014,1,20,36.3177,0.2031,0.18197
2014,1,20,36.2344,-0.2344,0.18197
2014,1,20,36.2135,-0.5365,0.18197
2014,1,20,36.2135,-0.2448,0.18197
2014,1,20,36.2135,-0.2344,0.18197
2014,1,20,36.2135,0.026,0.18197
2014,1,20,36.2031,-0.2135,0.18197
2014,1,20,36.2031,-0.1719,0.18197
2014,1,20,36.2031,0.026,0.18197
2014,1,20,36.1927,-0.2031,0.18197
2014,1,20,36.1927,0.026,0.18197
2014,1,20,36.1823,0.1094,0.18197
2014,1,20,36.1823,0.1198,0.18197
2014,1,20,36.1406,-0.1615,0.18197
2014,1,20,36.1406,-0.0573,0.18197
2014,1,20,36.1198,-0.1927,0.18197
2014,1,20,36.1094,-0.2656,0.18197
2014,1,20,36.0885,-0.5781,0.18197
2014,1,20,36.0781,-0.1198,0.18197
2014,1,20,36.0677,-0.6302,0.18197
2014,1,20,36.0469,-0.6302,0.18197
2014,1,20,36.0469,-0.2448,0.18197
2014,1,20,35.9635,-0.526,0.18197
2014,1,20,35.9531,-0.4948,0.18197
2014,1,20,35.9531,-0.3385,0.18197
2014,1,21,36.5573,-0.7135,0.18197
2014,1,21,36.5573,-0.7031,0.18197
2014,1,21,36.5573,-0.6927,0.18197
2014,1,21,36.5573,-0.6823,0.18197
2014,1,21,36.0781,-0.901,0.18197
2014,1,21,36.0677,-0.8698,0.18197
2014,1,21,36.0573,-0.8906,0.18197
2014,1,21,36.0573,-0.8802,0.18197
2014,1,21,37.1615,0.7135,0.18197
2014,1,21,37.1094,0.599,0.18197
2014,1,21,37.1094,0.6094,0.18197
2014,1,21,37.0885,0.901,0.18197
2014,1,21,37.0781,0.9219,0.18197
2014,1,21,37.0781,0.9323,0.18197
2014,1,21,37.0573,0.8698,0.18197
2014,1,21,37.0573,0.8906,0.18197
2014,1,21,37.0469,0.8698,0.18197
2014,1,23,36.2552,-0.9219,0.18197
2014,1,23,36.2448,-0.9219,0.18197
2014,1,23,36.2448,-0.9115,0.18197
2014,1,23,36.2344,-0.9115,0.18197
2014,1,23,36.224,-0.8698,0.18197
2014,1,23,36.1719,-0.776,0.18197
2014,1,23,36.151,-0.724,0.18197
2014,1,23,36.5677,-0.0156,0.18197
2014,1,23,36.5573,-0.0052,0.18197
2014,1,23,36.5469,-0.026,0.18197
2014,1,23,36.5469,0.026,0.18197
2014,1,23,36.5365,0.026,0.18197
2014,1,23,36.5365,0.0365,0.18197
2014,1,26,36.5781,-0.8073,0.18197
2014,1,26,36.2135,-0.1615,0.18197
2014,1,27,36.2344,0.1823,0.18197
2014,1,27,35.9531,-0.3177,0.18197
2014,1,28,36.5573,-0.9323,0.18197
2014,1,28,36.5573,-0.901,0.18197
2014,1,28,36.5469,-0.9115,0.18197
2014,1,28,36.5365,-0.901,0.18197
2014,1,28,36.526,-0.9219,0.18197
2014,1,28,36.5156,-0.9115,0.18197
2014,1,28,36.5156,-0.8906,0.18197
2014,1,28,36.5052,-0.9219,0.18197
2014,1,28,36.5052,-0.9115,0.18197
2014,1,28,36.4948,-0.9427,0.18197
2014,1,28,36.4844,-0.9531,0.18197
2014,1,28,36.4844,-0.9427,0.18197
2014,1,28,36.474,-1.0052,0.18197
2014,1,28,36.474,-0.9948,0.18197
2014,1,28,36.474,-0.974,0.18197
2014,1,28,36.7656,0.974,0.18197
2014,1,28,36.7448,0.9531,0.18197
2014,1,28,36.7344,0.901,0.18197
2014,1,28,36.724,0.9115,0.18197
2014,1,28,36.7031,0.8385,0.18197
2014,1,28,36.6823,0.8073,0.18197
2014,1,28,36.6719,0.7969,0.18197
2014,1,28,36.6615,0.776,0.18197
2014,1,28,36.6615,0.7969,0.18197
2014,1,28,36.6406,0.7656,0.18197
2014,1,28,36.6406,0.776,0.18197
2014,1,28,36.6406,0.8594,0.18197
2014,1,28,36.6198,0.7448,0.18197
2014,1,28,36.6198,0.7552,0.18197
2014,1,28,36.5781,0.474,0.18197
2014,1,28,36.5781,0.4948,0.18197
2014,1,28,36.5781,0.5365,0.18197
2014,1,28,36.5677,0.5365,0.18197
2014,1,28,36.5677,0.5469,0.18197
2014,1,30,35.9115,-0.8802,0.18197
2014,1,30,35.901,-0.8698,0.18197
2014,1,30,35.8698,-0.7344,0.18197
2014,1,30,35.8698,-0.724,0.18197
2014,1,30,36.1615,0.026,0.18197
2014,1,30,36.1615,0.0469,0.18197
2014,1,30,36.1615,0.0573,0.18197
2014,1,30,36.151,0.0365,0.18197
2014,1,30,36.1406,-0.1615,0.18197
2014,1,30,36.1406,0.0573,0.18197
2014,1,30,36.1302,-0.1719,0.18197
2014,1,30,36.1302,-0.151,0.18197
2014,1,30,36.1302,0.0365,0.18197
2014,1,30,36.1302,0.0469,0.18197
2014,1,30,36.1198,-0.2031,0.18197
2014,1,30,36.1094,0.0365,0.18197
2014,1,30,36.0885,-0.3698,0.18197
2014,1,30,36.0885,0.0156,0.18197
2014,1,30,36.026,-0.5156,0.18197
2014,1,30,36.0156,-0.5365,0.18197
2014,1,31,36.3906,-0.849,0.18197
2014,1,31,36.2865,-0.849,0.18197
2014,1,31,35.9427,-0.776,0.18197
2014,1,31,35.8698,-0.7448,0.18197
2014,1,31,35.8594,-0.7448,0.18197
2014,1,31,36.0781,-0.5156,0.18197
2014,1,31,36.0365,-0.5156,0.18197
2014,1,31,36.026,-0.3385,0.18197
2014,1,31,36.026,-0.3281,0.18197
2014,1,31,36.0156,-0.3281,0.18197
2014,1,31,36.0052,-0.3698,0.18197
2014,1,31,35.974,-0.474,0.18197
2014,1,31,35.9635,-0.4844,0.18197
2014,1,1,36.4635,-0.8281,0.188365
2014,1,1,36.4635,-0.7969,0.188365
2014,1,1,36.4635,-0.6719,0.188365
2014,1,1,36.4531,-0.6823,0.188365
2014,1,1,36.224,-0.6927,0.188365
2014,1,1,37.0677,0.4531,0.188365
2014,1,1,37.026,0.4844,0.188365
2014,1,1,36.9531,0.651,0.188365
2014,1,1,36.8698,-0.2865,0.188365
2014,1,1,36.8073,-0.224,0.188365
2014,1,1,36.8073,-0.2135,0.188365
2014,1,1,36.7865,-0.2448,0.188365
2014,1,1,36.7865,-0.1823,0.188365
2014,1,1,36.776,-0.526,0.188365
2014,1,1,36.776,-0.2344,0.188365
2014,1,1,36.7656,-0.2448,0.188365
2014,1,1,36.7656,-0.1719,0.188365
2014,1,1,36.7552,-0.5156,0.188365
2014,1,1,36.7552,-0.5052,0.188365
2014,1,1,36.7448,-0.1198,0.188365
2014,1,1,36.599,0.151,0.188365
2014,1,1,36.599,0.1719,0.188365
2014,1,1,36.599,0.1823,0.188365
2014,1,1,36.5885,-0.526,0.188365
2014,1,1,36.5885,0.1302,0.188365
2014,1,1,36.5885,0.1406,0.188365
2014,1,1,36.5885,0.1927,0.188365
2014,1,1,36.5781,0.2135,0.188365
2014,1,1,36.5677,0.2135,0.188365
2014,1,1,36.5573,0.224,0.188365
2014,1,1,36.5469,0.2135,0.188365
2014,1,1,36.526,-0.5573,0.188365
2014,1,1,36.526,-0.5365,0.188365
2014,1,1,36.4844,-0.6094,0.188365
2014,1,1,36.3906,-0.2135,0.188365
2014,1,1,36.3802,-0.2448,0.188365
2014,1,1,36.3802,-0.1927,0.188365
2014,1,1,36.3802,-0.1302,0.188365
2014,1,1,36.3802,-0.1094,0.188365
2014,1,1,36.3802,-0.0885,0.188365
2014,1,8,36.3594,-0.3594,0.188365
2014,1,9,36.3802,-0.0885,0.188365
2014,1,10,37.1615,0.6823,0.188365
2014,1,15,36.2552,-0.7656,0.188365
2014,1,15,36.2135,-0.7135,0.188365
2014,1,15,36.1719,-0.7656,0.188365
2014,1,15,36.1406,-0.849,0.188365
2014,1,15,36.7552,-0.4844,0.188365
2014,1,15,36.2552,-0.5052,0.188365
2014,1,15,36.1823,-0.6094,0.188365
2014,1,15,35.9115,-0.2344,0.188365
2014,1,17,37.2656,0.651,0.188365
2014,1,17,36.7344,-0.474,0.188365
2014,1,17,36.724,-0.4948,0.188365
2014,1,17,36.6927,-0.5573,0.188365
2014,1,18,35.8385,-0.8281,0.188365
2014,1,18,35.8073,-0.8385,0.188365
2014,1,18,35.7865,-0.8177,0.188365
2014,1,18,35.7552,-0.9115,0.188365
2014,1,18,36.724,-0.3802,0.188365
2014,1,18,36.526,-0.3594,0.188365
2014,1,18,36.5156,0.0052,0.188365
2014,1,18,36.0781,-0.1198,0.188365
2014,1,18,35.974,-0.401,0.188365
2014,1,18,35.9427,-0.2552,0.188365
2014,1,18,35.9323,-0.349,0.188365
2014,1,18,35.901,-0.4635,0.188365
2014,1,18,35.8698,-0.5156,0.188365
2014,1,18,35.8594,-0.5365,0.188365
2014,1,18,35.8594,-0.526,0.188365
2014,1,18,35.8385,-0.5469,0.188365
2014,1,18,35.8281,-0.6406,0.188365
2014,1,18,35.8281,-0.6302,0.188365
2014,1,18,35.8281,-0.599,0.188365
2014,1,18,35.8281,-0.5781,0.188365
2014,1,18,35.8177,-0.6302,0.188365
2014,1,18,35.8177,-0.5573,0.188365
2014,1,18,35.8073,-0.6302,0.188365
2014,1,18,35.7865,-0.6198,0.188365
2014,1,18,35.776,-0.651,0.188365
2014,1,20,36.0885,-0.8073,0.188365
2014,1,20,35.901,-0.8594,0.188365
2014,1,20,37.1094,0.8385,0.188365
2014,1,20,37.0365,0.9948,0.188365
2014,1,20,36.5365,0.3594,0.188365
2014,1,20,36.401,-0.276,0.188365
2014,1,20,36.401,0.2552,0.188365
2014,1,20,36.3698,0.0885,0.188365
2014,1,20,36.3594,0.099,0.188365
2014,1,20,36.2344,0.0885,0.188365
2014,1,20,36.2031,-0.3281,0.188365
2014,1,20,36.2031,-0.2969,0.188365
2014,1,20,36.2031,-0.2552,0.188365
2014,1,20,36.2031,-0.1927,0.188365
2014,1,20,36.2031,-0.0365,0.188365
2014,1,20,36.1823,0.026,0.188365
2014,1,20,36.1823,0.0365,0.188365
2014,1,20,36.1719,-0.2969,0.188365
2014,1,20,36.151,-0.3594,0.188365
2014,1,20,36.151,-0.1406,0.188365
2014,1,20,36.151,-0.1198,0.188365
2014,1,20,36.099,-0.5156,0.188365
2014,1,20,36.099,-0.2031,0.188365
2014,1,20,36.099,-0.1927,0.188365
2014,1,20,36.0781,-0.1823,0.188365
2014,1,20,36.0781,-0.1615,0.188365
2014,1,20,36.0573,-0.2656,0.188365
2014,1,20,36.0573,-0.1302,0.188365
2014,1,20,36.0573,-0.0156,0.188365
2014,1,20,35.9948,-0.2448,0.188365
2014,1,20,35.9115,-0.526,0.188365
2014,1,20,35.849,-0.5885,0.188365
2014,1,21,36.5677,-0.6823,0.188365
2014,1,21,36.5365,-0.7031,0.188365
2014,1,21,36.474,-0.6927,0.188365
2014,1,21,36.4219,-0.7344,0.188365
2014,1,21,36.3698,-0.6719,0.188365
2014,1,21,36.0677,-0.8802,0.188365
2014,1,21,37.1823,0.7969,0.188365
2014,1,21,37.1615,0.724,0.188365
2014,1,21,37.1615,0.7344,0.188365
2014,1,21,37.151,0.6719,0.188365
2014,1,21,37.151,0.7135,0.188365
2014,1,21,37.151,0.7344,0.188365
2014,1,21,37.1406,0.6302,0.188365
2014,1,21,37.1406,0.7135,0.188365
2014,1,21,37.0885,0.6406,0.188365
2014,1,21,37.0885,0.6615,0.188365
2014,1,21,37.0885,0.8906,0.188365
2014,1,21,37.0781,0.8385,0.188365
2014,1,21,37.0781,0.849,0.188365
2014,1,21,37.0781,0.9115,0.188365
2014,1,21,37.0677,0.8385,0.188365
2014,1,21,37.0677,0.8594,0.188365
2014,1,21,37.0677,0.8698,0.188365
2014,1,21,37.0573,0.8281,0.188365
2014,1,21,37.0573,0.8385,0.188365
2014,1,21,37.0573,0.8594,0.188365
2014,1,21,37.0573,0.901,0.188365
2014,1,21,36.4219,-0.6302,0.188365
2014,1,23,36.5469,-0.6823,0.188365
2014,1,23,36.5365,-0.7135,0.188365
2014,1,23,36.2656,-0.8906,0.188365
2014,1,23,36.2344,-0.8281,0.188365
2014,1,23,36.2135,-0.901,0.188365
2014,1,23,36.151,-0.7344,0.188365
2014,1,23,36.9323,-0.099,0.188365
2014,1,23,36.5885,-0.0052,0.188365
2014,1,23,36.5677,-0.0052,0.188365
2014,1,23,36.5677,0.0365,0.188365
2014,1,23,36.5677,0.0677,0.188365
2014,1,23,36.5573,-0.026,0.188365
2014,1,23,36.5573,0.0052,0.188365
2014,1,23,36.5573,0.0156,0.188365
2014,1,23,36.5573,0.0573,0.188365
2014,1,23,36.5469,0.0365,0.188365
2014,1,23,36.526,-0.1719,0.188365
2014,1,23,36.526,0.0469,0.188365
2014,1,23,36.526,0.0781,0.188365
2014,1,23,36.5156,0.0365,0.188365
2014,1,24,36.8177,0.5469,0.188365
2014,1,24,36.7552,0.4531,0.188365
2014,1,26,36.4427,0.6927,0.188365
2014,1,27,36.1823,0.1094,0.188365
2014,1,27,36.1719,0.0885,0.188365
2014,1,27,36.0052,-0.2552,0.188365
2014,1,27,36.0052,-0.224,0.188365
2014,1,28,36.5781,-0.901,0.188365
2014,1,28,36.5677,-0.9115,0.188365
2014,1,28,36.5573,-0.9219,0.188365
2014,1,28,36.5573,-0.9115,0.188365
2014,1,28,36.5469,-0.9219,0.188365
2014,1,28,36.5469,-0.901,0.188365
2014,1,28,36.5365,-0.9323,0.188365
2014,1,28,36.5365,-0.9115,0.188365
2014,1,28,36.526,-0.9115,0.188365
2014,1,28,36.5052,-0.9323,0.188365
2014,1,28,36.4844,-0.9635,0.188365
2014,1,28,36.776,0.9844,0.188365
2014,1,28,36.7344,0.8906,0.188365
2014,1,28,36.7344,0.9427,0.188365
2014,1,28,36.6927,0.8177,0.188365
2014,1,28,36.6927,0.8385,0.188365
2014,1,28,36.651,0.7031,0.188365
2014,1,28,36.651,0.7344,0.188365
2014,1,28,36.651,0.776,0.188365
2014,1,28,36.6406,0.724,0.188365
2014,1,28,36.6406,0.7344,0.188365
2014,1,28,36.6406,0.7552,0.188365
2014,1,28,36.6302,0.7344,0.188365
2014,1,28,36.5885,0.4219,0.188365
2014,1,28,36.5781,0.5052,0.188365
2014,1,28,36.5781,0.526,0.188365
2014,1,28,36.5677,0.5781,0.188365
2014,1,28,36.2448,0.2344,0.188365
2014,1,28,36.2135,-0.1406,0.188365
2014,1,30,36.0156,-0.7031,0.188365
2014,1,30,36.0156,-0.6823,0.188365
2014,1,30,35.9219,-0.8594,0.188365
2014,1,30,35.9115,-0.8698,0.188365
2014,1,30,35.901,-0.8906,0.188365
2014,1,30,36.1615,0.0156,0.188365
2014,1,30,36.1615,0.0677,0.188365
2014,1,30,36.151,-0.0677,0.188365
2014,1,30,36.151,-0.0573,0.188365
2014,1,30,36.151,-0.0052,0.188365
2014,1,30,36.151,0.0677,0.188365
2014,1,30,36.1406,-0.151,0.188365
2014,1,30,36.1302,-0.0052,0.188365
2014,1,30,36.1094,-0.1823,0.188365
2014,1,30,36.0885,-0.349,0.188365
2014,1,30,36.0885,0.026,0.188365
2014,1,30,36.0677,-0.3385,0.188365
2014,1,30,36.0573,-0.0469,0.188365
2014,1,31,36.6094,-0.8073,0.188365
2014,1,31,36.5365,-0.7969,0.188365
2014,1,31,36.5365,-0.7552,0.188365
2014,1,31,35.8906,-0.7552,0.188365
2014,1,31,35.8594,-0.7344,0.188365
2014,1,31,36.2969,0.099,0.188365
2014,1,31,36.2656,0.0365,0.188365
2014,1,31,36.2552,0.1406,0.188365
2014,1,31,36.0156,-0.5885,0.188365
2014,1,31,35.9844,-0.4427,0.188365
2014,1,1,36.5052,-0.849,0.194984
2014,1,1,36.4635,-0.776,0.194984
2014,1,1,36.4531,-0.8177,0.194984
2014,1,1,36.224,-0.6719,0.194984
2014,1,1,36.2031,-0.7448,0.194984
2014,1,1,36.1615,-0.776,0.194984
2014,1,1,36.151,-0.7865,0.194984
2014,1,1,36.0573,-0.9635,0.194984
2014,1,1,37.0052,0.5365,0.194984
2014,1,1,36.9948,0.5781,0.194984
2014,1,1,36.9323,0.1927,0.194984
2014,1,1,36.8802,-0.276,0.194984
2014,1,1,36.8802,-0.2552,0.194984
2014,1,1,36.8594,-0.2969,0.194984
2014,1,1,36.849,-0.2656,0.194984
2014,1,1,36.849,-0.2448,0.194984
2014,1,1,36.849,0.849,0.194984
2014,1,1,36.7969,-0.2031,0.194984
2014,1,1,36.7865,-0.2552,0.194984
2014,1,1,36.7865,-0.2031,0.194984
2014,1,1,36.776,-0.5365,0.194984
2014,1,1,36.776,-0.5156,0.194984
2014,1,1,36.776,-0.224,0.194984
2014,1,1,36.776,-0.2031,0.194984
2014,1,1,36.776,-0.1719,0.194984
2014,1,1,36.7656,-0.5156,0.194984
2014,1,1,36.5885,0.1823,0.194984
2014,1,1,36.5781,-0.4948,0.194984
2014,1,1,36.5781,0.1927,0.194984
2014,1,1,36.5781,0.2031,0.194984
2014,1,1,36.5677,0.2031,0.194984
2014,1,1,36.5573,0.2031,0.194984
2014,1,1,36.5573,0.2135,0.194984
2014,1,1,36.5365,0.2448,0.194984
2014,1,1,36.526,-0.5052,0.194984
2014,1,1,36.5156,-0.5156,0.194984
2014,1,1,36.474,-0.6302,0.194984
2014,1,1,36.4635,-0.6615,0.194984
2014,1,1,36.4531,0.2344,0.194984
2014,1,1,36.401,-0.276,0.194984
2014,1,1,36.3906,-0.224,0.194984
2014,1,1,36.3802,-0.2344,0.194984
2014,1,1,36.3698,-0.1927,0.194984
2014,1,1,36.3698,-0.1406,0.194984
2014,1,1,36.2552,-0.474,0.194984
2014,1,1,36.224,-0.5677,0.194984
2014,1,4,35.9427,-0.9219,0.194984
2014,1,8,36.901,0.1302,0.194984
2014,1,8,36.2135,-0.5365,0.194984
2014,1,8,35.8385,-0.5156,0.194984
2014,1,9,36.6927,-0.2031,0.194984
2014,1,15,36.4531,-0.6823,0.194984
2014,1,15,36.1302,-0.849,0.194984
2014,1,15,36.8177,-0.2135,0.194984
2014,1,15,36.2969,-0.599,0.194984
2014,1,15,36.2552,-0.6406,0.194984
2014,1,15,36.2344,-0.6094,0.194984
2014,1,15,36.2135,-0.4427,0.194984
2014,1,15,36.1823,-0.6198,0.194984
2014,1,15,36.1823,-0.4115,0.194984
2014,1,17,36.224,-0.974,0.194984
2014,1,17,37.276,0.6823,0.194984
2014,1,17,37.2135,0.5885,0.194984
2014,1,17,36.724,-0.474,0.194984
2014,1,18,36.3594,-0.776,0.194984
2014,1,18,35.9427,-0.9115,0.194984
2014,1,18,35.849,-0.8177,0.194984
2014,1,18,35.8385,-0.8177,0.194984
2014,1,18,35.8385,-0.6823,0.194984
2014,1,18,35.8073,-0.8177,0.194984
2014,1,18,36.9219,-0.1198,0.194984
2014,1,18,36.6302,-0.2969,0.194984
2014,1,18,36.6094,-0.2969,0.194984
2014,1,18,36.599,-0.2969,0.194984
2014,1,18,36.5781,-0.3073,0.194984
2014,1,18,36.2656,-0.224,0.194984
2014,1,18,36.1927,0.1927,0.194984
2014,1,18,36.1823,0.026,0.194984
2014,1,18,36.1406,0.1823,0.194984
2014,1,18,36.0885,-0.1302,0.194984
2014,1,18,36.0781,-0.3698,0.194984
2014,1,18,36.0677,-0.3906,0.194984
2014,1,18,35.9635,-0.401,0.194984
2014,1,18,35.9531,-0.3906,0.194984
2014,1,18,35.9531,-0.349,0.194984
2014,1,18,35.9531,-0.3177,0.194984
2014,1,18,35.9531,-0.2552,0.194984
2014,1,18,35.9427,-0.3385,0.194984
2014,1,18,35.9323,-0.4219,0.194984
2014,1,18,35.9323,-0.3594,0.194984
2014,1,18,35.9219,-0.3385,0.194984
2014,1,18,35.9115,-0.4635,0.194984
2014,1,18,35.8594,-0.6094,0.194984
2014,1,18,35.849,-0.6198,0.194984
2014,1,18,35.849,-0.5885,0.194984
2014,1,18,35.849,-0.5573,0.194984
2014,1,18,35.8385,-0.6094,0.194984
2014,1,18,35.8385,-0.5365,0.194984
2014,1,18,35.8281,-0.5885,0.194984
2014,1,18,35.8281,-0.5677,0.194984
2014,1,18,35.8177,-0.6406,0.194984
2014,1,18,35.8177,-0.5885,0.194984
2014,1,18,35.8073,-0.6094,0.194984
2014,1,18,35.8073,-0.5365,0.194984
2014,1,18,35.8073,-0.526,0.194984
2014,1,18,35.7969,-0.6302,0.194984
2014,1,18,35.7969,-0.6198,0.194984
2014,1,18,35.7865,-0.6302,0.194984
2014,1,18,35.7656,-0.651,0.194984
2014,1,18,35.7656,-0.6094,0.194984
2014,1,20,35.974,-0.7552,0.194984
2014,1,20,35.9323,-0.6823,0.194984
2014,1,20,35.901,-0.724,0.194984
2014,1,20,35.8802,-0.6823,0.194984
2014,1,20,35.8385,-0.9323,0.194984
2014,1,20,36.9948,0.4531,0.194984
2014,1,20,36.9635,0.9635,0.194984
2014,1,20,36.599,0.8802,0.194984
2014,1,20,36.5677,0.901,0.194984
2014,1,20,36.5469,0.8281,0.194984
2014,1,20,36.5365,0.526,0.194984
2014,1,20,36.5052,0.6406,0.194984
2014,1,20,36.4948,0.1302,0.194984
2014,1,20,36.4219,-0.3385,0.194984
2014,1,20,36.4115,-0.0781,0.194984
2014,1,20,36.3906,-0.1823,0.194984
2014,1,20,36.3177,-0.2344,0.194984
2014,1,20,36.2656,-0.151,0.194984
2014,1,20,36.2344,0.0781,0.194984
2014,1,20,36.224,-0.2448,0.194984
2014,1,20,36.224,0.0469,0.194984
2014,1,20,36.2135,-0.5469,0.194984
2014,1,20,36.2135,0.0156,0.194984
2014,1,20,36.2031,-0.3177,0.194984
2014,1,20,36.2031,-0.2656,0.194984
2014,1,20,36.2031,0.0156,0.194984
2014,1,20,36.2031,0.0469,0.194984
2014,1,20,36.1823,0.1302,0.194984
2014,1,20,36.1719,-0.3594,0.194984
2014,1,20,36.1406,-0.0469,0.194984
2014,1,20,36.1094,-0.2865,0.194984
2014,1,20,36.1094,-0.1823,0.194984
2014,1,20,36.0781,-0.1719,0.194984
2014,1,20,36.0677,-0.526,0.194984
2014,1,20,36.0677,-0.1302,0.194984
2014,1,20,36.0573,-0.099,0.194984
2014,1,20,36.0573,-0.0052,0.194984
2014,1,20,36.0469,-0.3281,0.194984
2014,1,20,36.0469,-0.224,0.194984
2014,1,20,36.0365,-0.3594,0.194984
2014,1,20,36.0365,-0.224,0.194984
2014,1,20,36.026,-0.526,0.194984
2014,1,20,36.026,-0.349,0.194984
2014,1,20,36.026,-0.1719,0.194984
2014,1,20,35.9844,-0.599,0.194984
2014,1,20,35.9323,-0.6406,0.194984
2014,1,20,35.9219,-0.4844,0.194984
2014,1,20,35.9115,-0.5365,0.194984
2014,1,21,36.6094,-0.6719,0.194984
2014,1,21,36.599,-0.6719,0.194984
2014,1,21,36.5885,-0.6719,0.194984
2014,1,21,36.5781,-0.6719,0.194984
2014,1,21,36.5573,-0.6719,0.194984
2014,1,21,36.5469,-0.724,0.194984
2014,1,21,36.5469,-0.7135,0.194984
2014,1,21,36.5469,-0.6823,0.194984
2014,1,21,36.0677,-0.9115,0.194984
2014,1,21,36.0677,-0.901,0.194984
2014,1,21,36.0677,-0.8906,0.194984
2014,1,21,36.0573,-0.9115,0.194984
2014,1,21,37.151,0.6823,0.194984
2014,1,21,37.151,0.6927,0.194984
2014,1,21,37.151,0.724,0.194984
2014,1,21,37.1406,0.6406,0.194984
2014,1,21,37.1406,0.724,0.194984
2014,1,21,37.099,0.6302,0.194984
2014,1,21,37.099,0.6406,0.194984
2014,1,21,37.0885,0.8802,0.194984
2014,1,21,37.0781,0.8594,0.194984
2014,1,21,37.0781,0.8698,0.194984
2014,1,21,37.0781,0.8802,0.194984
2014,1,21,37.0781,0.8906,0.194984
2014,1,21,37.0781,0.901,0.194984
2014,1,21,37.0677,0.8073,0.194984
2014,1,21,37.0677,0.8281,0.194984
2014,1,21,37.0677,0.849,0.194984
2014,1,21,37.0677,0.8906,0.194984
2014,1,21,37.0677,0.901,0.194984
2014,1,21,37.0573,0.8802,0.194984
2014,1,21,37.0469,0.8281,0.194984
2014,1,21,36.6094,-0.6615,0.194984
2014,1,21,36.6094,-0.651,0.194984
2014,1,21,36.6094,-0.6406,0.194984
2014,1,21,36.599,-0.6406,0.194984
2014,1,21,36.5885,-0.6406,0.194984
2014,1,21,36.5781,-0.6615,0.194984
2014,1,21,36.5781,-0.651,0.194984
2014,1,21,36.5781,-0.6406,0.194984
2014,1,21,36.5469,-0.6406,0.194984
2014,1,23,36.474,-0.7656,0.194984
2014,1,23,36.4635,-0.7865,0.194984
2014,1,23,36.401,-0.7865,0.194984
2014,1,23,36.2656,-0.8802,0.194984
2014,1,23,36.2656,-0.8698,0.194984
2014,1,23,36.2552,-0.9323,0.194984
2014,1,23,36.2552,-0.9115,0.194984
2014,1,23,36.2552,-0.8906,0.194984
2014,1,23,36.2448,-0.8802,0.194984
2014,1,23,36.2344,-0.8698,0.194984
2014,1,23,36.2344,-0.8594,0.194984
2014,1,23,36.2344,-0.849,0.194984
2014,1,23,36.224,-0.8802,0.194984
2014,1,23,36.2135,-0.8906,0.194984
2014,1,23,36.1615,-0.7656,0.194984
2014,1,23,36.151,-0.7448,0.194984
2014,1,23,36.7031,-0.2656,0.194984
2014,1,23,36.599,-0.0052,0.194984
2014,1,23,36.599,0.0156,0.194984
2014,1,23,36.5885,-0.026,0.194984
2014,1,23,36.5885,-0.0156,0.194984
2014,1,23,36.5781,-0.026,0.194984
2014,1,23,36.5781,-0.0052,0.194984
2014,1,23,36.5781,0.0365,0.194984
2014,1,23,36.5677,-0.026,0.194984
2014,1,23,36.5677,0.0052,0.194984
2014,1,23,36.5677,0.0156,0.194984
2014,1,23,36.5677,0.026,0.194984
2014,1,23,36.5677,0.0469,0.194984
2014,1,23,36.5573,0.0365,0.194984
2014,1,23,36.5573,0.0469,0.194984
2014,1,23,36.5469,-0.0365,0.194984
2014,1,23,36.5469,0.0469,0.194984
2014,1,23,36.5469,0.0573,0.194984
2014,1,23,36.5469,0.0677,0.194984
2014,1,23,36.5365,0.0052,0.194984
2014,1,23,36.5365,0.0469,0.194984
2014,1,23,36.526,-0.1927,0.194984
2014,1,23,36.1615,-0.6615,0.194984
2014,1,24,36.7656,0.474,0.194984
2014,1,24,36.7656,0.4948,0.194984
2014,1,24,36.7344,0.401,0.194984
2014,1,26,36.5365,0.8281,0.194984
2014,1,26,36.2031,-0.1927,0.194984
2014,1,27,36.1927,0.099,0.194984
2014,1,27,36.1927,0.1094,0.194984
2014,1,27,36.1823,0.0781,0.194984
2014,1,27,36.1719,0.099,0.194984
2014,1,27,36.0052,-0.276,0.194984
2014,1,27,35.9844,-0.5781,0.194984
2014,1,27,35.9531,-0.5052,0.194984
2014,1,28,36.5885,-0.901,0.194984
2014,1,28,36.5781,-0.9219,0.194984
2014,1,28,36.5677,-0.9219,0.194984
2014,1,28,36.5469,-0.9427,0.194984
2014,1,28,36.5469,-0.9323,0.194984
2014,1,28,36.5365,-0.9219,0.194984
2014,1,28,36.5156,-0.9323,0.194984
2014,1,28,36.5156,-0.9219,0.194984
2014,1,28,36.5052,-0.9531,0.194984
2014,1,28,36.4948,-0.9844,0.194984
2014,1,28,36.4948,-0.9635,0.194984
2014,1,28,36.4948,-0.9531,0.194984
2014,1,28,36.4844,-1.0052,0.194984
2014,1,28,36.7656,0.9427,0.194984
2014,1,28,36.7552,0.9219,0.194984
2014,1,28,36.7448,0.9115,0.194984
2014,1,28,36.7448,0.9323,0.194984
2014,1,28,36.7344,0.9115,0.194984
2014,1,28,36.7344,0.9219,0.194984
2014,1,28,36.7031,0.8281,0.194984
2014,1,28,36.651,0.7552,0.194984
2014,1,28,36.651,0.7656,0.194984
2014,1,28,36.6406,0.7448,0.194984
2014,1,28,36.6198,0.7344,0.194984
2014,1,28,36.5885,0.4844,0.194984
2014,1,28,36.5885,0.4948,0.194984
2014,1,28,36.5885,0.5156,0.194984
2014,1,28,36.5885,0.526,0.194984
2014,1,28,36.5885,0.5677,0.194984
2014,1,28,36.5781,0.5469,0.194984
2014,1,28,36.5781,0.5573,0.194984
2014,1,28,36.5677,0.5573,0.194984
2014,1,28,36.2135,-0.0677,0.194984
2014,1,28,36.2031,0.1302,0.194984
2014,1,30,35.9219,-0.8698,0.194984
2014,1,30,35.9219,-0.849,0.194984
2014,1,30,35.901,-0.901,0.194984
2014,1,30,35.8906,-0.901,0.194984
2014,1,30,35.8906,-0.8698,0.194984
2014,1,30,36.1823,0.0469,0.194984
2014,1,30,36.1823,0.0885,0.194984
2014,1,30,36.1719,0.0573,0.194984
2014,1,30,36.1615,-0.1406,0.194984
2014,1,30,36.1615,0.0365,0.194984
2014,1,30,36.151,-0.1823,0.194984
2014,1,30,36.151,-0.1719,0.194984
2014,1,30,36.151,-0.1615,0.194984
2014,1,30,36.151,-0.0885,0.194984
2014,1,30,36.151,-0.0781,0.194984
2014,1,30,36.151,-0.0469,0.194984
2014,1,30,36.1406,-0.0573,0.194984
2014,1,30,36.1406,0.0677,0.194984
2014,1,30,36.1302,-0.1823,0.194984
2014,1,30,36.1198,0.0573,0.194984
2014,1,30,36.099,0.0365,0.194984
2014,1,30,36.0781,-0.3385,0.194984
2014,1,30,36.0573,-0.0365,0.194984
2014,1,30,36.0469,-0.4323,0.194984
2014,1,30,36.0365,-0.5885,0.194984
2014,1,30,36.026,-0.5365,0.194984
2014,1,30,36.0156,-0.5469,0.194984
2014,1,31,36.3594,-0.901,0.194984
2014,1,31,35.9323,-0.776,0.194984
2014,1,31,35.9219,-0.776,0.194984
2014,1,31,35.9219,-0.7656,0.194984
2014,1,31,35.9115,-0.7656,0.194984
2014,1,31,35.901,-0.7448,0.194984
2014,1,31,35.8906,-0.7344,0.194984
2014,1,31,35.8802,-0.7448,0.194984
2014,1,31,35.8594,-0.724,0.194984
2014,1,31,35.7656,-0.7344,0.194984
2014,1,31,35.7344,-0.6719,0.194984
2014,1,31,36.4427,-0.4948,0.194984
2014,1,31,36.276,0.151,0.194984
2014,1,31,36.0885,-0.5156,0.194984
2014,1,31,36.0573,-0.1198,0.194984
2014,1,31,36.026,-0.526,0.194984
2014,1,31,36.0156,-0.599,0.194984
2014,1,31,36.0156,-0.3594,0.194984
2014,1,31,35.9844,-0.4531,0.194984
2014,1,31,35.974,-0.4531,0.194984
2014,1,31,35.9635,-0.474,0.194984
2014,1,1,36.526,-0.8177,0.201837
2014,1,1,36.474,-0.7031,0.201837
2014,1,1,36.474,-0.6823,0.201837
2014,1,1,36.4635,-0.8177,0.201837
2014,1,1,36.4531,-0.7969,0.201837
2014,1,1,36.1406,-0.7865,0.201837
2014,1,1,36.1198,-0.8385,0.201837
2014,1,1,36.0885,-0.8698,0.201837
2014,1,1,36.0469,-0.9844,0.201837
2014,1,1,37.0781,0.4635,0.201837
2014,1,1,37.0573,0.4635,0.201837
2014,1,1,37.026,0.4948,0.201837
2014,1,1,36.9948,0.5573,0.201837
2014,1,1,36.974,0.6302,0.201837
2014,1,1,36.9115,0.7135,0.201837
2014,1,1,36.901,0.724,0.201837
2014,1,1,36.8594,0.8177,0.201837
2014,1,1,36.849,0.8281,0.201837
2014,1,1,36.8385,-0.2552,0.201837
2014,1,1,36.8385,-0.2448,0.201837
2014,1,1,36.8073,-0.2031,0.201837
2014,1,1,36.7969,-0.224,0.201837
2014,1,1,36.7865,-0.2344,0.201837
2014,1,1,36.7865,-0.224,0.201837
2014,1,1,36.7865,-0.1927,0.201837
2014,1,1,36.776,-0.2552,0.201837
2014,1,1,36.599,0.1615,0.201837
2014,1,1,36.5885,-0.474,0.201837
2014,1,1,36.5885,0.151,0.201837
2014,1,1,36.5885,0.1615,0.201837
2014,1,1,36.5677,0.1823,0.201837
2014,1,1,36.5677,0.1927,0.201837
2014,1,1,36.5573,0.1927,0.201837
2014,1,1,36.5573,0.2344,0.201837
2014,1,1,36.5469,0.1927,0.201837
2014,1,1,36.5469,0.2031,0.201837
2014,1,1,36.5469,0.224,0.201837
2014,1,1,36.5469,0.2344,0.201837
2014,1,1,36.5365,0.1927,0.201837
2014,1,1,36.526,-0.5469,0.201837
2014,1,1,36.5156,-0.526,0.201837
2014,1,1,36.5156,0.1094,0.201837
2014,1,1,36.5052,0.1823,0.201837
2014,1,1,36.4948,-0.5677,0.201837
2014,1,1,36.4948,-0.5573,0.201837
2014,1,1,36.474,0.1823,0.201837
2014,1,1,36.4635,0.224,0.201837
2014,1,1,36.4427,0.1198,0.201837
2014,1,1,36.4427,0.5052,0.201837
2014,1,1,36.4323,0.5156,0.201837
2014,1,1,36.401,-0.1198,0.201837
2014,1,1,36.3906,-0.3177,0.201837
2014,1,1,36.3906,-0.2344,0.201837
2014,1,1,36.3802,-0.1198,0.201837
2014,1,1,36.3698,-0.2552,0.201837
2014,1,1,36.3698,-0.1823,0.201837
2014,1,1,36.3281,-0.401,0.201837
2014,1,4,35.974,-0.901,0.201837
2014,1,4,37.0052,0.5573,0.201837
2014,1,8,36.7969,0.1094,0.201837
2014,1,8,36.7031,0.0573,0.201837
2014,1,8,36.474,-0.1302,0.201837
2014,1,8,36.401,-0.2448,0.201837
2014,1,8,36.224,-0.5365,0.201837
2014,1,8,36.2031,-0.5469,0.201837
2014,1,9,36.7552,-0.3073,0.201837
2014,1,9,36.599,-0.4635,0.201837
2014,1,15,36.2031,-0.724,0.201837
2014,1,15,36.1927,-0.7135,0.201837
2014,1,15,36.1719,-0.8698,0.201837
2014,1,15,36.1615,-0.776,0.201837
2014,1,15,36.151,-0.7865,0.201837
2014,1,15,35.9844,-0.6927,0.201837
2014,1,15,36.7448,-0.5052,0.201837
2014,1,15,36.3281,-0.651,0.201837
2014,1,15,36.2448,-0.4948,0.201837
2014,1,15,36.224,-0.6302,0.201837
2014,1,15,36.224,-0.6198,0.201837
2014,1,15,36.1823,-0.599,0.201837
2014,1,15,35.8698,-0.5365,0.201837
2014,1,15,35.8385,-0.6302,0.201837
2014,1,15,35.8281,-0.599,0.201837
2014,1,17,37.2656,0.6719,0.201837
2014,1,17,37.224,0.6302,0.201837
2014,1,17,36.7135,-0.5365,0.201837
2014,1,17,36.7135,-0.474,0.201837
2014,1,17,36.6927,-0.5469,0.201837
2014,1,18,35.901,-0.8594,0.201837
2014,1,18,35.8802,-0.8594,0.201837
2014,1,18,35.8594,-0.8177,0.201837
2014,1,18,35.849,-0.6719,0.201837
2014,1,18,35.8281,-0.6823,0.201837
2014,1,18,35.8073,-0.9635,0.201837
2014,1,18,35.7969,-0.8594,0.201837
2014,1,18,35.7865,-0.8594,0.201837
2014,1,18,36.6927,-0.151,0.201837
2014,1,18,36.6198,-0.2865,0.201837
2014,1,18,36.599,-0.6094,0.201837
2014,1,18,36.1719,0.1927,0.201837
2014,1,18,36.151,-0.0677,0.201837
2014,1,18,36.099,-0.1302,0.201837
2014,1,18,36.0677,-0.4531,0.201837
2014,1,18,36.026,-0.1927,0.201837
2014,1,18,35.9323,-0.3385,0.201837
2014,1,18,35.9323,-0.3281,0.201837
2014,1,18,35.901,-0.474,0.201837
2014,1,18,35.8906,-0.4844,0.201837
2014,1,18,35.8802,-0.6198,0.201837
2014,1,18,35.8802,-0.5156,0.201837
2014,1,18,35.8698,-0.6615,0.201837
2014,1,18,35.8698,-0.6198,0.201837
2014,1,18,35.8698,-0.526,0.201837
2014,1,18,35.8594,-0.6615,0.201837
2014,1,18,35.8594,-0.6302,0.201837
2014,1,18,35.8594,-0.6198,0.201837
2014,1,18,35.8594,-0.5677,0.201837
2014,1,18,35.8594,-0.5573,0.201837
2014,1,18,35.8594,-0.5469,0.201837
2014,1,18,35.849,-0.651,0.201837
2014,1,18,35.849,-0.6302,0.201837
2014,1,18,35.849,-0.6094,0.201837
2014,1,18,35.849,-0.599,0.201837
2014,1,18,35.849,-0.5677,0.201837
2014,1,18,35.849,-0.5469,0.201837
2014,1,18,35.8385,-0.651,0.201837
2014,1,18,35.8385,-0.6406,0.201837
2014,1,18,35.8385,-0.6302,0.201837
2014,1,18,35.8385,-0.6198,0.201837
2014,1,18,35.8385,-0.5781,0.201837
2014,1,18,35.8385,-0.5677,0.201837
2014,1,18,35.8281,-0.6198,0.201837
2014,1,18,35.8281,-0.5573,0.201837
2014,1,18,35.8177,-0.651,0.201837
2014,1,18,35.8177,-0.6094,0.201837
2014,1,18,35.8177,-0.599,0.201837
2014,1,18,35.8073,-0.6406,0.201837
2014,1,18,35.8073,-0.6198,0.201837
2014,1,18,35.7969,-0.6406,0.201837
2014,1,18,35.7969,-0.6094,0.201837
2014,1,18,35.7865,-0.6406,0.201837
2014,1,18,35.7865,-0.6094,0.201837
2014,1,18,35.7865,-0.599,0.201837
2014,1,18,35.7552,-0.6615,0.201837
2014,1,20,36.1615,-0.8177,0.201837
2014,1,20,36.0573,-0.8385,0.201837
2014,1,20,35.9115,-0.849,0.201837
2014,1,20,35.901,-0.8281,0.201837
2014,1,20,35.8906,-0.9323,0.201837
2014,1,20,35.8906,-0.9219,0.201837
2014,1,20,35.849,-0.8594,0.201837
2014,1,20,35.849,-0.849,0.201837
2014,1,20,35.8385,-0.9115,0.201837
2014,1,20,35.8385,-0.8802,0.201837
2014,1,20,37.3802,0.9427,0.201837
2014,1,20,36.5885,0.2656,0.201837
2014,1,20,36.5365,0.6094,0.201837
2014,1,20,36.5156,0.5677,0.201837
2014,1,20,36.4948,0.1198,0.201837
2014,1,20,36.4948,0.7656,0.201837
2014,1,20,36.4427,0.8385,0.201837
2014,1,20,36.3698,-0.2656,0.201837
2014,1,20,36.349,-0.4115,0.201837
2014,1,20,36.276,-0.151,0.201837
2014,1,20,36.2135,-0.2552,0.201837
2014,1,20,36.2135,-0.2031,0.201837
2014,1,20,36.2135,-0.1094,0.201837
2014,1,20,36.2031,-0.2448,0.201837
2014,1,20,36.2031,-0.1406,0.201837
2014,1,20,36.1927,0.1302,0.201837
2014,1,20,36.1719,0.1094,0.201837
2014,1,20,36.151,-0.1719,0.201837
2014,1,20,36.151,-0.151,0.201837
2014,1,20,36.1094,-0.2552,0.201837
2014,1,20,36.1094,-0.2031,0.201837
2014,1,20,36.1094,-0.1927,0.201837
2014,1,20,36.0885,-0.5677,0.201837
2014,1,20,36.0573,-0.4531,0.201837
2014,1,20,36.0573,-0.3281,0.201837
2014,1,20,36.0469,-0.6406,0.201837
2014,1,20,36.026,-0.3281,0.201837
2014,1,20,36.0156,-0.1927,0.201837
2014,1,20,36.0156,-0.1719,0.201837
2014,1,20,35.9844,-0.6094,0.201837
2014,1,20,35.9531,-0.3281,0.201837
2014,1,20,35.9427,-0.4948,0.201837
2014,1,20,35.9323,-0.5156,0.201837
2014,1,21,36.0781,-0.9115,0.201837
2014,1,21,37.151,0.651,0.201837
2014,1,21,37.1406,0.6823,0.201837
2014,1,21,37.1406,0.6927,0.201837
2014,1,21,37.1406,0.7031,0.201837
2014,1,21,37.1406,0.7344,0.201837
2014,1,21,37.1302,0.6198,0.201837
2014,1,21,37.1302,0.724,0.201837
2014,1,21,37.1094,0.6302,0.201837
2014,1,21,37.1094,0.6406,0.201837
2014,1,21,37.0885,0.8698,0.201837
2014,1,21,37.0781,0.8281,0.201837
2014,1,21,37.0677,0.9115,0.201837
2014,1,23,36.4531,-0.7969,0.201837
2014,1,23,36.2969,-0.7865,0.201837
2014,1,23,36.276,-0.8698,0.201837
2014,1,23,36.2552,-0.901,0.201837
2014,1,23,36.2448,-0.8906,0.201837
2014,1,23,36.2448,-0.8594,0.201837
2014,1,23,36.2448,-0.849,0.201837
2014,1,23,36.2344,-0.901,0.201837
2014,1,23,36.2344,-0.8802,0.201837
2014,1,23,36.224,-0.901,0.201837
2014,1,23,36.1615,-0.7552,0.201837
2014,1,23,36.599,-0.0156,0.201837
2014,1,23,36.5885,-0.0365,0.201837
2014,1,23,36.5885,0.0052,0.201837
2014,1,23,36.5781,-0.0365,0.201837
2014,1,23,36.5781,0.0052,0.201837
2014,1,23,36.5781,0.0156,0.201837
2014,1,23,36.5781,0.0469,0.201837
2014,1,23,36.5677,-0.0365,0.201837
2014,1,23,36.5573,-0.0365,0.201837
2014,1,23,36.5573,0.026,0.201837
2014,1,23,36.5573,0.0677,0.201837
2014,1,23,36.5469,0.0052,0.201837
2014,1,23,36.5365,-0.026,0.201837
2014,1,23,36.5365,0.0156,0.201837
2014,1,24,36.8594,0.6302,0.201837
2014,1,26,36.5365,0.8177,0.201837
2014,1,26,36.526,0.8073,0.201837
2014,1,26,36.5156,0.8073,0.201837
2014,1,26,36.5052,0.7865,0.201837
2014,1,26,36.2135,-0.1719,0.201837
2014,1,26,36.1927,-0.1927,0.201837
2014,1,26,35.901,-0.3177,0.201837
2014,1,27,36.1823,0.0885,0.201837
2014,1,28,36.5781,-0.9323,0.201837
2014,1,28,36.5781,-0.9115,0.201837
2014,1,28,36.5677,-0.9427,0.201837
2014,1,28,36.5677,-0.9323,0.201837
2014,1,28,36.5573,-0.9531,0.201837
2014,1,28,36.5469,-0.9531,0.201837
2014,1,28,36.5365,-0.9531,0.201837
2014,1,28,36.526,-0.9427,0.201837
2014,1,28,36.5156,-0.9531,0.201837
2014,1,28,36.5156,-0.9427,0.201837
2014,1,28,36.5052,-1.0052,0.201837
2014,1,28,36.5052,-0.9427,0.201837
2014,1,28,36.4948,-1.0052,0.201837
2014,1,28,36.4844,-0.9948,0.201837
2014,1,28,36.7552,0.9323,0.201837
2014,1,28,36.7552,0.9948,0.201837
2014,1,28,36.7344,0.8802,0.201837
2014,1,28,36.724,0.8698,0.201837
2014,1,28,36.7135,0.849,0.201837
2014,1,28,36.7135,0.8594,0.201837
2014,1,28,36.6823,0.7969,0.201837
2014,1,28,36.6719,0.776,0.201837
2014,1,28,36.6719,0.7865,0.201837
2014,1,28,36.6615,0.7552,0.201837
2014,1,28,36.651,0.6927,0.201837
2014,1,28,36.651,0.724,0.201837
2014,1,28,36.599,0.4844,0.201837
2014,1,28,36.5885,0.474,0.201837
2014,1,28,36.5885,0.5469,0.201837
2014,1,28,36.5781,0.5781,0.201837
2014,1,28,36.5677,0.5677,0.201837
2014,1,30,36.0052,-0.6719,0.201837
2014,1,30,35.9427,-0.8906,0.201837
2014,1,30,35.901,-0.9115,0.201837
2014,1,30,35.8594,-0.7344,0.201837
2014,1,30,36.1927,0.0677,0.201837
2014,1,30,36.1823,0.0573,0.201837
2014,1,30,36.1823,0.0677,0.201837
2014,1,30,36.1823,0.0781,0.201837
2014,1,30,36.1719,0.0365,0.201837
2014,1,30,36.1719,0.0469,0.201837
2014,1,30,36.1719,0.0677,0.201837
2014,1,30,36.1719,0.0781,0.201837
2014,1,30,36.1719,0.0885,0.201837
2014,1,30,36.1615,-0.151,0.201837
2014,1,30,36.1615,-0.026,0.201837
2014,1,30,36.1406,-0.1406,0.201837
2014,1,30,36.1406,-0.1302,0.201837
2014,1,30,36.1302,0.0573,0.201837
2014,1,30,36.1198,-0.1719,0.201837
2014,1,30,36.1198,0.0469,0.201837
2014,1,30,36.099,-0.2344,0.201837
2014,1,30,36.0885,-0.3385,0.201837
2014,1,30,36.0885,-0.3281,0.201837
2014,1,30,36.0573,-0.3281,0.201837
2014,1,30,36.0573,-0.026,0.201837
2014,1,30,36.0469,-0.4427,0.201837
2014,1,30,36.0365,-0.5365,0.201837
2014,1,30,36.0365,-0.5156,0.201837
2014,1,31,36.3594,-0.9115,0.201837
2014,1,31,35.901,-0.7552,0.201837
2014,1,31,35.8906,-0.7448,0.201837
2014,1,31,35.8802,-0.7344,0.201837
2014,1,31,35.8698,-0.7344,0.201837
2014,1,31,35.8698,-0.724,0.201837
2014,1,31,35.849,-0.7344,0.201837
2014,1,31,35.849,-0.724,0.201837
2014,1,31,35.8385,-0.724,0.201837
2014,1,31,36.4427,-0.5052,0.201837
2014,1,31,36.4427,-0.4844,0.201837
2014,1,31,36.0469,-0.1094,0.201837
2014,1,31,36.026,-0.3177,0.201837
2014,1,31,36.0156,-0.5156,0.201837
2014,1,31,36.0156,-0.3385,0.201837
2014,1,31,36.0156,-0.151,0.201837
2014,1,31,36.0156,-0.1302,0.201837
2014,1,1,36.5156,-0.8385,0.20893
2014,1,1,36.5052,-0.8385,0.20893
2014,1,1,36.5052,-0.6719,0.20893
2014,1,1,36.4948,-0.7656,0.20893
2014,1,1,36.4635,-0.6823,0.20893
2014,1,1,36.224,-0.6823,0.20893
2014,1,1,36.1927,-0.7448,0.20893
2014,1,1,36.1615,-0.7656,0.20893
2014,1,1,36.1302,-0.7969,0.20893
2014,1,1,36.1094,-0.849,0.20893
2014,1,1,36.099,-0.8698,0.20893
2014,1,1,36.0365,-0.9948,0.20893
2014,1,1,37.099,0.3385,0.20893
2014,1,1,36.9427,0.6719,0.20893
2014,1,1,36.9219,0.7031,0.20893
2014,1,1,36.8802,0.7656,0.20893
2014,1,1,36.8698,-0.276,0.20893
2014,1,1,36.8698,-0.2448,0.20893
2014,1,1,36.8594,-0.2448,0.20893
2014,1,1,36.8594,0.8073,0.20893
2014,1,1,36.8594,0.849,0.20893
2014,1,1,36.849,-0.2552,0.20893
2014,1,1,36.8385,-0.2656,0.20893
2014,1,1,36.8281,-0.2656,0.20893
2014,1,1,36.7969,-0.2135,0.20893
2014,1,1,36.7865,-0.2135,0.20893
2014,1,1,36.776,-0.2448,0.20893
2014,1,1,36.7552,-0.4948,0.20893
2014,1,1,36.6198,-0.5052,0.20893
2014,1,1,36.599,-0.4323,0.20893
2014,1,1,36.5885,0.1719,0.20893
2014,1,1,36.5781,-0.5052,0.20893
2014,1,1,36.5781,0.1302,0.20893
2014,1,1,36.5781,0.151,0.20893
2014,1,1,36.5781,0.1823,0.20893
2014,1,1,36.5677,-0.5052,0.20893
2014,1,1,36.5677,-0.4948,0.20893
2014,1,1,36.5677,0.1094,0.20893
2014,1,1,36.5573,0.1823,0.20893
2014,1,1,36.5469,0.1823,0.20893
2014,1,1,36.5365,0.1719,0.20893
2014,1,1,36.5365,0.1823,0.20893
2014,1,1,36.5365,0.2031,0.20893
2014,1,1,36.5365,0.2135,0.20893
2014,1,1,36.5365,0.224,0.20893
2014,1,1,36.526,-0.526,0.20893
2014,1,1,36.526,0.0885,0.20893
2014,1,1,36.526,0.2344,0.20893
2014,1,1,36.5156,-0.5469,0.20893
2014,1,1,36.5156,0.099,0.20893
2014,1,1,36.5156,0.2344,0.20893
2014,1,1,36.4948,-0.6094,0.20893
2014,1,1,36.4844,-0.6198,0.20893
2014,1,1,36.474,0.2135,0.20893
2014,1,1,36.4635,-0.6406,0.20893
2014,1,1,36.3906,-0.3073,0.20893
2014,1,1,36.3802,-0.3177,0.20893
2014,1,1,36.3802,-0.224,0.20893
2014,1,1,36.3698,-0.2656,0.20893
2014,1,1,36.3698,-0.1615,0.20893
2014,1,1,36.3698,-0.151,0.20893
2014,1,1,36.3698,-0.0885,0.20893
2014,1,1,36.3594,-0.2552,0.20893
2014,1,1,36.3594,0.0781,0.20893
2014,1,1,36.3594,0.4219,0.20893
2014,1,1,36.3177,0.0573,0.20893
2014,1,1,36.2552,-0.4635,0.20893
2014,1,4,37.0156,0.1719,0.20893
2014,1,8,36.724,0.0677,0.20893
2014,1,8,36.6719,0.0469,0.20893
2014,1,8,36.5781,-0.0469,0.20893
2014,1,8,36.4219,-0.1719,0.20893
2014,1,8,36.3698,-0.276,0.20893
2014,1,8,36.3594,-0.349,0.20893
2014,1,8,36.3594,-0.3385,0.20893
2014,1,8,36.3385,-0.4115,0.20893
2014,1,8,36.3385,-0.401,0.20893
2014,1,8,36.3385,-0.3906,0.20893
2014,1,8,36.1927,-0.5469,0.20893
2014,1,8,35.8906,-0.4323,0.20893
2014,1,9,36.5781,-0.4948,0.20893
2014,1,15,36.2552,-0.7448,0.20893
2014,1,15,36.2031,-0.901,0.20893
2014,1,15,36.1719,-0.9948,0.20893
2014,1,15,36.1615,-0.8698,0.20893
2014,1,15,35.9323,-0.724,0.20893
2014,1,15,36.2865,-0.5469,0.20893
2014,1,15,36.276,-0.6615,0.20893
2014,1,15,36.2448,-0.4844,0.20893
2014,1,15,36.2344,-0.474,0.20893
2014,1,15,36.1823,-0.651,0.20893
2014,1,15,35.9844,-0.2969,0.20893
2014,1,15,35.8281,-0.6302,0.20893
2014,1,15,35.8177,-0.6094,0.20893
2014,1,17,36.9219,-0.0156,0.20893
2014,1,17,36.7031,-0.4948,0.20893
2014,1,18,36.526,-0.724,0.20893
2014,1,18,36.3802,-0.7031,0.20893
2014,1,18,36.3698,-0.7344,0.20893
2014,1,18,36.3698,-0.724,0.20893
2014,1,18,36.349,-0.7865,0.20893
2014,1,18,35.8802,-0.6719,0.20893
2014,1,18,35.8698,-0.6719,0.20893
2014,1,18,35.8594,-0.7969,0.20893
2014,1,18,35.8594,-0.6719,0.20893
2014,1,18,35.849,-0.849,0.20893
2014,1,18,35.849,-0.6823,0.20893
2014,1,18,35.8385,-0.6719,0.20893
2014,1,18,35.8177,-0.6927,0.20893
2014,1,18,35.8073,-0.849,0.20893
2014,1,18,35.7969,-0.9635,0.20893
2014,1,18,36.6927,-0.276,0.20893
2014,1,18,36.6823,-0.276,0.20893
2014,1,18,36.6615,-0.1615,0.20893
2014,1,18,36.5677,-0.3177,0.20893
2014,1,18,36.5156,-0.3594,0.20893
2014,1,18,36.2865,0.0573,0.20893
2014,1,18,36.2865,0.0677,0.20893
2014,1,18,36.2552,0.1823,0.20893
2014,1,18,36.2344,0.1927,0.20893
2014,1,18,36.1615,0.1927,0.20893
2014,1,18,36.1406,0.1719,0.20893
2014,1,18,36.1302,-0.1198,0.20893
2014,1,18,36.1302,-0.026,0.20893
2014,1,18,36.1094,-0.1198,0.20893
2014,1,18,36.0052,-0.401,0.20893
2014,1,18,35.9844,-0.3906,0.20893
2014,1,18,35.9844,-0.224,0.20893
2014,1,18,35.9531,-0.3281,0.20893
2014,1,18,35.9531,-0.276,0.20893
2014,1,18,35.9427,-0.3281,0.20893
2014,1,18,35.9427,-0.3177,0.20893
2014,1,18,35.9219,-0.4635,0.20893
2014,1,18,35.9115,-0.474,0.20893
2014,1,18,35.901,-0.651,0.20893
2014,1,18,35.901,-0.4531,0.20893
2014,1,18,35.8906,-0.4948,0.20893
2014,1,18,35.8906,-0.4427,0.20893
2014,1,18,35.8802,-0.6615,0.20893
2014,1,18,35.8698,-0.6406,0.20893
2014,1,18,35.8698,-0.6302,0.20893
2014,1,18,35.8698,-0.5573,0.20893
2014,1,18,35.8698,-0.5365,0.20893
2014,1,18,35.8594,-0.651,0.20893
2014,1,18,35.8594,-0.6406,0.20893
2014,1,18,35.8594,-0.599,0.20893
2014,1,18,35.8594,-0.5885,0.20893
2014,1,18,35.8594,-0.5781,0.20893
2014,1,18,35.849,-0.6615,0.20893
2014,1,18,35.8385,-0.5885,0.20893
2014,1,18,35.8177,-0.6615,0.20893
2014,1,18,35.7969,-0.599,0.20893
2014,1,18,35.776,-0.599,0.20893
2014,1,20,36.0677,-0.9635,0.20893
2014,1,20,35.9844,-0.7552,0.20893
2014,1,20,35.9531,-0.9115,0.20893
2014,1,20,35.9323,-0.849,0.20893
2014,1,20,35.9219,-0.7552,0.20893
2014,1,20,35.9115,-0.8177,0.20893
2014,1,20,35.901,-0.9219,0.20893
2014,1,20,35.901,-0.901,0.20893
2014,1,20,35.901,-0.849,0.20893
2014,1,20,35.8802,-0.7344,0.20893
2014,1,20,35.8385,-0.8698,0.20893
2014,1,20,35.8281,-0.9323,0.20893
2014,1,20,35.8281,-0.8906,0.20893
2014,1,20,35.8281,-0.8281,0.20893
2014,1,20,36.5365,0.7031,0.20893
2014,1,20,36.526,0.4115,0.20893
2014,1,20,36.5156,0.7344,0.20893
2014,1,20,36.5052,0.7552,0.20893
2014,1,20,36.4948,0.0781,0.20893
2014,1,20,36.4844,0.099,0.20893
2014,1,20,36.4844,0.1198,0.20893
2014,1,20,36.4531,-0.0781,0.20893
2014,1,20,36.4427,0.2031,0.20893
2014,1,20,36.4219,-0.1094,0.20893
2014,1,20,36.401,-0.0885,0.20893
2014,1,20,36.3698,0.099,0.20893
2014,1,20,36.3281,0.1615,0.20893
2014,1,20,36.3177,0.1927,0.20893
2014,1,20,36.3073,-0.2031,0.20893
2014,1,20,36.224,-0.2552,0.20893
2014,1,20,36.224,-0.1198,0.20893
2014,1,20,36.2135,-0.4635,0.20893
2014,1,20,36.2031,-0.2031,0.20893
2014,1,20,36.2031,0.1094,0.20893
2014,1,20,36.1927,-0.1823,0.20893
2014,1,20,36.1823,-0.1406,0.20893
2014,1,20,36.1198,-0.2344,0.20893
2014,1,20,36.0885,-0.1719,0.20893
2014,1,20,36.0677,-0.3281,0.20893
2014,1,20,36.0677,-0.0677,0.20893
2014,1,20,36.0573,-0.3177,0.20893
2014,1,20,36.0573,-0.224,0.20893
2014,1,20,36.0573,-0.0885,0.20893
2014,1,20,36.0469,-0.651,0.20893
2014,1,20,36.0469,-0.3594,0.20893
2014,1,20,36.0469,-0.3177,0.20893
2014,1,20,36.0365,-0.5677,0.20893
2014,1,20,36.0365,-0.349,0.20893
2014,1,20,36.0365,-0.3177,0.20893
2014,1,20,36.026,-0.5365,0.20893
2014,1,20,36.0156,-0.599,0.20893
2014,1,20,36.0052,-0.2552,0.20893
2014,1,20,36.0052,-0.2448,0.20893
2014,1,20,35.901,-0.5677,0.20893
2014,1,20,35.8594,-0.6198,0.20893
2014,1,21,36.5469,-0.6719,0.20893
2014,1,21,36.5365,-0.7135,0.20893
2014,1,21,36.5365,-0.6823,0.20893
2014,1,21,36.526,-0.8594,0.20893
2014,1,21,36.526,-0.7135,0.20893
2014,1,21,36.526,-0.6823,0.20893
2014,1,21,36.4948,-0.6719,0.20893
2014,1,21,36.0781,-0.8906,0.20893
2014,1,21,36.0573,-0.9427,0.20893
2014,1,21,36.0573,-0.9219,0.20893
2014,1,21,37.151,0.6615,0.20893
2014,1,21,37.1406,0.651,0.20893
2014,1,21,37.1406,0.6719,0.20893
2014,1,21,37.1406,0.7448,0.20893
2014,1,21,37.1302,0.6302,0.20893
2014,1,21,37.1302,0.651,0.20893
2014,1,21,37.1302,0.6823,0.20893
2014,1,21,37.1302,0.6927,0.20893
2014,1,21,37.1198,0.6198,0.20893
2014,1,21,37.1198,0.6302,0.20893
2014,1,21,37.1094,0.6198,0.20893
2014,1,21,37.0885,0.651,0.20893
2014,1,21,37.0677,0.8177,0.20893
2014,1,21,37.0677,0.9219,0.20893
2014,1,21,36.5573,-0.6615,0.20893
2014,1,21,36.5573,-0.651,0.20893
2014,1,21,36.5573,-0.6406,0.20893
2014,1,21,36.5573,-0.6302,0.20893
2014,1,21,36.4219,-0.6406,0.20893
2014,1,23,36.5365,-0.6927,0.20893
2014,1,23,36.474,-0.7865,0.20893
2014,1,23,36.474,-0.776,0.20893
2014,1,23,36.4635,-0.7656,0.20893
2014,1,23,36.4219,-0.7865,0.20893
2014,1,23,36.2865,-0.776,0.20893
2014,1,23,36.2656,-0.776,0.20893
2014,1,23,36.2552,-0.8594,0.20893
2014,1,23,36.2344,-0.8906,0.20893
2014,1,23,36.2344,-0.8177,0.20893
2014,1,23,36.224,-0.8906,0.20893
2014,1,23,36.1719,-0.7552,0.20893
2014,1,23,36.1615,-0.7448,0.20893
2014,1,23,36.1615,-0.7344,0.20893
2014,1,23,36.1615,-0.724,0.20893
2014,1,23,37.0885,0.3385,0.20893
2014,1,23,37.0781,0.2448,0.20893
2014,1,23,36.5885,0.026,0.20893
2014,1,23,36.5885,0.0365,0.20893
2014,1,23,36.5781,-0.0156,0.20893
2014,1,23,36.5677,-0.0573,0.20893
2014,1,23,36.5677,0.0781,0.20893
2014,1,23,36.5573,-0.0573,0.20893
2014,1,23,36.5573,-0.0469,0.20893
2014,1,23,36.5573,-0.0156,0.20893
2014,1,23,36.5573,0.099,0.20893
2014,1,23,36.5469,0.0156,0.20893
2014,1,23,36.5365,0.0573,0.20893
2014,1,23,36.526,0.0573,0.20893
2014,1,23,36.526,0.0677,0.20893
2014,1,24,36.7552,0.4844,0.20893
2014,1,26,35.9115,-0.9844,0.20893
2014,1,26,37.099,0.8594,0.20893
2014,1,26,36.526,0.8177,0.20893
2014,1,26,36.5052,0.7969,0.20893
2014,1,26,36.4531,0.7135,0.20893
2014,1,26,36.349,0.2031,0.20893
2014,1,26,36.1927,-0.2031,0.20893
2014,1,26,36.1823,-0.2031,0.20893
2014,1,26,36.151,-0.2552,0.20893
2014,1,27,36.2031,0.099,0.20893
2014,1,27,36.2031,0.1302,0.20893
2014,1,27,36.1927,0.0885,0.20893
2014,1,27,36.1823,0.099,0.20893
2014,1,27,36.026,-0.2656,0.20893
2014,1,27,36.0156,-0.2031,0.20893
2014,1,27,35.9844,-0.6198,0.20893
2014,1,27,35.974,-0.3073,0.20893
2014,1,27,35.974,-0.0781,0.20893
2014,1,28,36.5885,-0.9115,0.20893
2014,1,28,36.5781,-0.9427,0.20893
2014,1,28,36.5677,-0.9531,0.20893
2014,1,28,36.5573,-0.9427,0.20893
2014,1,28,36.5469,-0.9635,0.20893
2014,1,28,36.5365,-0.9635,0.20893
2014,1,28,36.526,-0.9531,0.20893
2014,1,28,36.5156,-0.9948,0.20893
2014,1,28,36.5052,-0.974,0.20893
2014,1,28,36.4948,-0.974,0.20893
2014,1,28,36.4844,-0.974,0.20893
2014,1,28,36.7552,0.901,0.20893
2014,1,28,36.7448,0.9427,0.20893
2014,1,28,36.6927,0.8073,0.20893
2014,1,28,36.6719,0.7656,0.20893
2014,1,28,36.6615,0.7031,0.20893
2014,1,28,36.6615,0.7135,0.20893
2014,1,28,36.6615,0.724,0.20893
2014,1,28,36.6615,0.7448,0.20893
2014,1,28,36.651,0.7135,0.20893
2014,1,28,36.651,0.7448,0.20893
2014,1,28,36.6302,0.7448,0.20893
2014,1,28,36.599,0.4427,0.20893
2014,1,28,36.599,0.5677,0.20893
2014,1,28,36.5885,0.4323,0.20893
2014,1,28,36.5885,0.4635,0.20893
2014,1,28,36.5885,0.5781,0.20893
2014,1,28,36.5781,0.5677,0.20893
2014,1,28,36.5781,0.5885,0.20893
2014,1,30,36.026,-0.7031,0.20893
2014,1,30,36.026,-0.6823,0.20893
2014,1,30,35.9323,-0.8802,0.20893
2014,1,30,35.9115,-0.901,0.20893
2014,1,30,35.8906,-0.8906,0.20893
2014,1,30,35.8698,-0.8281,0.20893
2014,1,30,35.8594,-0.8281,0.20893
2014,1,30,35.8594,-0.7448,0.20893
2014,1,30,35.8594,-0.7135,0.20893
2014,1,30,36.2448,0.2031,0.20893
2014,1,30,36.2344,0.2031,0.20893
2014,1,30,36.2344,0.2135,0.20893
2014,1,30,36.224,0.1615,0.20893
2014,1,30,36.224,0.1823,0.20893
2014,1,30,36.2031,0.1406,0.20893
2014,1,30,36.1927,0.0573,0.20893
2014,1,30,36.1927,0.0781,0.20893
2014,1,30,36.1927,0.0885,0.20893
2014,1,30,36.1927,0.1302,0.20893
2014,1,30,36.1823,0.026,0.20893
2014,1,30,36.1823,0.099,0.20893
2014,1,30,36.1719,0.026,0.20893
2014,1,30,36.1719,0.099,0.20893
2014,1,30,36.1615,-0.1615,0.20893
2014,1,30,36.1615,-0.1302,0.20893
2014,1,30,36.1615,-0.099,0.20893
2014,1,30,36.1615,-0.0677,0.20893
2014,1,30,36.1615,-0.0469,0.20893
2014,1,30,36.1615,-0.0365,0.20893
2014,1,30,36.1615,-0.0156,0.20893
2014,1,30,36.1615,-0.0052,0.20893
2014,1,30,36.1615,0.0052,0.20893
2014,1,30,36.151,-0.151,0.20893
2014,1,30,36.151,-0.1302,0.20893
2014,1,30,36.1406,-0.1823,0.20893
2014,1,30,36.1302,-0.1615,0.20893
2014,1,30,36.1094,-0.3177,0.20893
2014,1,30,36.1094,-0.224,0.20893
2014,1,30,36.1094,-0.2031,0.20893
2014,1,30,36.099,-0.2448,0.20893
2014,1,30,36.099,-0.2135,0.20893
2014,1,30,36.0885,0.0365,0.20893
2014,1,30,36.0781,-0.3281,0.20893
2014,1,30,36.0781,0.0156,0.20893
2014,1,30,36.0781,0.0365,0.20893
2014,1,30,36.0677,-0.3802,0.20893
2014,1,30,36.0677,-0.3281,0.20893
2014,1,30,36.0573,-0.4531,0.20893
2014,1,30,36.0573,-0.4323,0.20893
2014,1,30,36.0469,-0.5365,0.20893
2014,1,30,36.0469,-0.5156,0.20893
2014,1,30,36.0156,-0.5677,0.20893
2014,1,30,36.0052,-0.6615,0.20893
2014,1,30,36.0052,-0.5365,0.20893
2014,1,31,36.3073,-0.9427,0.20893
2014,1,31,35.8802,-0.724,0.20893
2014,1,31,36.4635,-0.3802,0.20893
2014,1,31,36.4427,-0.349,0.20893
2014,1,31,36.0365,-0.3177,0.20893
2014,1,31,35.974,-0.4635,0.20893
2014,1,1,36.5156,-0.8281,0.216272
2014,1,1,36.5052,-0.8281,0.216272
2014,1,1,36.474,-0.6719,0.216272
2014,1,1,36.4635,-0.7865,0.216272
2014,1,1,36.4531,-0.7656,0.216272
2014,1,1,36.2344,-0.6719,0.216272
2014,1,1,36.2135,-0.6823,0.216272
2014,1,1,36.2031,-0.7344,0.216272
2014,1,1,36.2031,-0.724,0.216272
2014,1,1,36.2031,-0.7031,0.216272
2014,1,1,36.1302,-0.8177,0.216272
2014,1,1,36.1198,-0.8281,0.216272
2014,1,1,36.099,-0.8594,0.216272
2014,1,1,36.0781,-0.8906,0.216272
2014,1,1,37.099,0.3281,0.216272
2014,1,1,37.099,0.3594,0.216272
2014,1,1,37.099,0.3802,0.216272
2014,1,1,36.9948,0.5677,0.216272
2014,1,1,36.9844,0.599,0.216272
2014,1,1,36.9531,0.6615,0.216272
2014,1,1,36.9427,0.1927,0.216272
2014,1,1,36.8906,0.7448,0.216272
2014,1,1,36.8698,-0.3073,0.216272
2014,1,1,36.8698,-0.2969,0.216272
2014,1,1,36.8698,-0.2656,0.216272
2014,1,1,36.8698,-0.2552,0.216272
2014,1,1,36.8594,-0.276,0.216272
2014,1,1,36.776,-0.2656,0.216272
2014,1,1,36.6406,-0.6406,0.216272
2014,1,1,36.6094,-0.5156,0.216272
2014,1,1,36.599,-0.526,0.216272
2014,1,1,36.5885,-0.5365,0.216272
2014,1,1,36.5885,-0.4844,0.216272
2014,1,1,36.5781,-0.5156,0.216272
2014,1,1,36.5781,0.1406,0.216272
2014,1,1,36.5781,0.1719,0.216272
2014,1,1,36.5677,-0.5156,0.216272
2014,1,1,36.5677,0.1198,0.216272
2014,1,1,36.5677,0.1719,0.216272
2014,1,1,36.5469,0.0677,0.216272
2014,1,1,36.5469,0.1094,0.216272
2014,1,1,36.526,0.1823,0.216272
2014,1,1,36.526,0.1927,0.216272
2014,1,1,36.526,0.2031,0.216272
2014,1,1,36.5156,-0.5365,0.216272
2014,1,1,36.5156,0.1823,0.216272
2014,1,1,36.5052,-0.5573,0.216272
2014,1,1,36.5052,-0.5365,0.216272
2014,1,1,36.5052,0.1094,0.216272
2014,1,1,36.5052,0.1927,0.216272
2014,1,1,36.4948,-0.599,0.216272
2014,1,1,36.4948,0.2031,0.216272
2014,1,1,36.474,-0.651,0.216272
2014,1,1,36.474,-0.6198,0.216272
2014,1,1,36.4635,0.2344,0.216272
2014,1,1,36.4531,0.1302,0.216272
2014,1,1,36.401,-0.3073,0.216272
2014,1,1,36.3906,-0.2969,0.216272
2014,1,1,36.3906,-0.276,0.216272
2014,1,1,36.3906,-0.2552,0.216272
2014,1,1,36.3802,-0.3073,0.216272
2014,1,1,36.3802,-0.2969,0.216272
2014,1,1,36.3802,-0.2865,0.216272
2014,1,1,36.3802,-0.2552,0.216272
2014,1,1,36.3802,-0.2135,0.216272
2014,1,1,36.3698,-0.3177,0.216272
2014,1,1,36.3698,-0.2031,0.216272
2014,1,1,36.3698,-0.1719,0.216272
2014,1,1,36.3698,-0.099,0.216272
2014,1,1,36.3594,-0.3594,0.216272
2014,1,1,36.3594,-0.3177,0.216272
2014,1,1,36.349,-0.0677,0.216272
2014,1,1,36.3385,-0.3594,0.216272
2014,1,1,36.3281,-0.3906,0.216272
2014,1,1,36.2969,-0.4219,0.216272
2014,1,4,37.1823,0.6719,0.216272
2014,1,4,37.0052,0.4844,0.216272
2014,1,6,36.8594,-0.1302,0.216272
2014,1,8,36.9219,-0.0469,0.216272
2014,1,8,36.7448,0.0781,0.216272
2014,1,8,36.4115,-0.1927,0.216272
2014,1,8,36.3281,-0.4531,0.216272
2014,1,8,36.3281,-0.4427,0.216272
2014,1,9,36.6406,-0.474,0.216272
2014,1,9,36.349,-0.099,0.216272
2014,1,9,36.3281,-0.1198,0.216272
2014,1,15,36.4427,-0.6927,0.216272
2014,1,15,36.1719,-0.6823,0.216272
2014,1,15,36.1615,-0.9323,0.216272
2014,1,15,36.1302,-0.8281,0.216272
2014,1,15,35.9948,-0.7969,0.216272
2014,1,15,35.974,-0.7969,0.216272
2014,1,15,35.7552,-0.6823,0.216272
2014,1,15,36.7552,-0.4948,0.216272
2014,1,15,36.6094,-0.3281,0.216272
2014,1,15,36.2656,-0.5052,0.216272
2014,1,15,36.2344,-0.6198,0.216272
2014,1,15,36.224,-0.4531,0.216272
2014,1,15,36.2135,-0.5885,0.216272
2014,1,15,36.1823,-0.6615,0.216272
2014,1,15,35.8073,-0.6615,0.216272
2014,1,17,37.2656,0.6615,0.216272
2014,1,18,36.5365,-0.9115,0.216272
2014,1,18,36.0573,-0.8177,0.216272
2014,1,18,35.8906,-0.6823,0.216272
2014,1,18,35.8906,-0.6719,0.216272
2014,1,18,35.8698,-0.9635,0.216272
2014,1,18,35.8698,-0.6823,0.216272
2014,1,18,35.8594,-0.9531,0.216272
2014,1,18,35.8594,-0.8073,0.216272
2014,1,18,35.849,-0.9531,0.216272
2014,1,18,35.849,-0.8073,0.216272
2014,1,18,35.8281,-0.8177,0.216272
2014,1,18,35.8281,-0.6927,0.216272
2014,1,18,35.8177,-0.974,0.216272
2014,1,18,35.8177,-0.9635,0.216272
2014,1,18,35.8177,-0.9531,0.216272
2014,1,18,35.8177,-0.8177,0.216272
2014,1,18,35.8073,-0.9844,0.216272
2014,1,18,35.8073,-0.974,0.216272
2014,1,18,35.7969,-0.974,0.216272
2014,1,18,35.7865,-0.974,0.216272
2014,1,18,35.7865,-0.9635,0.216272
2014,1,18,35.7448,-0.9844 *,0.216272
2014,1,18,36.8073,-0.3281,0.216272
2014,1,18,36.5885,-0.2969,0.216272
2014,1,18,36.5052,-0.3802,0.216272
2014,1,18,36.3281,0.2552,0.216272
2014,1,18,36.2656,0.1719,0.216272
2014,1,18,36.2135,0.2344,0.216272
2014,1,18,36.1823,0.0052,0.216272
2014,1,18,36.1302,-0.0781,0.216272
2014,1,18,36.0781,-0.1302,0.216272
2014,1,18,36.0677,-0.4427,0.216272
2014,1,18,36.0156,-0.1823,0.216272
2014,1,18,35.9844,-0.2344,0.216272
2014,1,18,35.9635,-0.3698,0.216272
2014,1,18,35.9531,-0.3698,0.216272
2014,1,18,35.9323,-0.4531,0.216272
2014,1,18,35.901,-0.6406,0.216272
2014,1,18,35.8906,-0.6615,0.216272
2014,1,18,35.8906,-0.6406,0.216272
2014,1,18,35.8802,-0.651,0.216272
2014,1,18,35.8802,-0.6406,0.216272
2014,1,18,35.8802,-0.6302,0.216272
2014,1,18,35.8802,-0.5052,0.216272
2014,1,18,35.8698,-0.6094,0.216272
2014,1,18,35.8698,-0.5677,0.216272
2014,1,18,35.849,-0.6406,0.216272
2014,1,18,35.8385,-0.6615,0.216272
2014,1,18,35.8281,-0.6615,0.216272
2014,1,18,35.8281,-0.651,0.216272
2014,1,18,35.7969,-0.651,0.216272
2014,1,18,35.776,-0.5885,0.216272
2014,1,20,36.0365,-0.6719,0.216272
2014,1,20,35.9531,-0.9844,0.216272
2014,1,20,35.9219,-0.9323,0.216272
2014,1,20,35.9219,-0.7656,0.216272
2014,1,20,35.9115,-0.8281,0.216272
2014,1,20,35.9115,-0.7969,0.216272
2014,1,20,35.8802,-0.8906,0.216272
2014,1,20,35.8281,-0.9219,0.216272
2014,1,20,36.5469,0.1823,0.216272
2014,1,20,36.5156,0.526,0.216272
2014,1,20,36.5156,0.7552,0.216272
2014,1,20,36.5052,0.0781,0.216272
2014,1,20,36.5052,0.5469,0.216272
2014,1,20,36.5052,0.7656,0.216272
2014,1,20,36.4948,0.4635,0.216272
2014,1,20,36.4635,-0.1094,0.216272
2014,1,20,36.4635,0.2656,0.216272
2014,1,20,36.4323,0.2031,0.216272
2014,1,20,36.4219,-0.3698,0.216272
2014,1,20,36.4115,-0.0573,0.216272
2014,1,20,36.3698,0.0365,0.216272
2014,1,20,36.3073,-0.3385,0.216272
2014,1,20,36.276,0.1406,0.216272
2014,1,20,36.224,-0.2656,0.216272
2014,1,20,36.224,0.0885,0.216272
2014,1,20,36.2135,-0.224,0.216272
2014,1,20,36.2135,0.0885,0.216272
2014,1,20,36.2031,-0.276,0.216272
2014,1,20,36.1927,0.0365,0.216272
2014,1,20,36.1719,0.151,0.216272
2014,1,20,36.1406,-0.1406,0.216272
2014,1,20,36.1302,-0.3073,0.216272
2014,1,20,36.1302,-0.276,0.216272
2014,1,20,36.1302,-0.0469,0.216272
2014,1,20,36.099,-0.2552,0.216272
2014,1,20,36.099,-0.2135,0.216272
2014,1,20,36.099,-0.0573,0.216272
2014,1,20,36.0885,-0.5573,0.216272
2014,1,20,36.0885,-0.0781,0.216272
2014,1,20,36.0677,-0.1719,0.216272
2014,1,20,36.0573,-0.5469,0.216272
2014,1,20,36.0573,-0.4948,0.216272
2014,1,20,36.0573,-0.4844,0.216272
2014,1,20,36.0469,-0.3385,0.216272
2014,1,20,36.0469,-0.2969,0.216272
2014,1,20,36.0469,-0.2031,0.216272
2014,1,20,36.0365,-0.3385,0.216272
2014,1,20,36.0365,-0.3073,0.216272
2014,1,20,35.9948,-0.2344,0.216272
2014,1,20,35.974,-0.526,0.216272
2014,1,20,35.9635,-0.5677,0.216272
2014,1,20,35.9635,-0.5469,0.216272
2014,1,20,35.9635,-0.3594,0.216272
2014,1,20,35.9531,-0.6198,0.216272
2014,1,20,35.9531,-0.4844,0.216272
2014,1,20,35.9427,-0.5885,0.216272
2014,1,20,35.9427,-0.5052,0.216272
2014,1,20,35.9427,-0.4635,0.216272
2014,1,20,35.9323,-0.4948,0.216272
2014,1,21,36.5677,-0.6719,0.216272
2014,1,21,36.5469,-0.7344,0.216272
2014,1,21,36.5365,-0.724,0.216272
2014,1,21,36.5365,-0.6927,0.216272
2014,1,21,36.5365,-0.6719,0.216272
2014,1,21,36.526,-0.7552,0.216272
2014,1,21,36.526,-0.7031,0.216272
2014,1,21,36.526,-0.6719,0.216272
2014,1,21,36.4948,-0.6823,0.216272
2014,1,21,36.0781,-0.8802,0.216272
2014,1,21,36.0677,-0.9219,0.216272
2014,1,21,37.1406,0.6615,0.216272
2014,1,21,37.1302,0.6615,0.216272
2014,1,21,37.1302,0.7031,0.216272
2014,1,21,37.1302,0.7135,0.216272
2014,1,21,37.1302,0.7344,0.216272
2014,1,21,37.1198,0.6094,0.216272
2014,1,21,37.1198,0.6406,0.216272
2014,1,21,37.1198,0.651,0.216272
2014,1,21,37.1198,0.7135,0.216272
2014,1,21,37.1198,0.724,0.216272
2014,1,21,37.1198,0.7344,0.216272
2014,1,21,37.1094,0.724,0.216272
2014,1,21,37.099,0.6719,0.216272
2014,1,21,37.0781,0.776,0.216272
2014,1,21,37.0781,0.7865,0.216272
2014,1,21,37.0677,0.7865,0.216272
2014,1,21,37.0677,0.7969,0.216272
2014,1,21,36.5469,-0.6615,0.216272
2014,1,21,36.5469,-0.651,0.216272
2014,1,21,36.5469,-0.6302,0.216272
2014,1,21,36.5469,-0.6198,0.216272
2014,1,21,36.5365,-0.651,0.216272
2014,1,23,36.4844,-0.7865,0.216272
2014,1,23,36.4531,-0.7865,0.216272
2014,1,23,36.4115,-0.7865,0.216272
2014,1,23,36.4115,-0.776,0.216272
2014,1,23,36.401,-0.776,0.216272
2014,1,23,36.276,-0.8594,0.216272
2014,1,23,36.2656,-0.8594,0.216272
2014,1,23,36.2552,-0.8802,0.216272
2014,1,23,36.2552,-0.849,0.216272
2014,1,23,36.2448,-0.901,0.216272
2014,1,23,36.2448,-0.8281,0.216272
2014,1,23,36.2448,-0.8177,0.216272
2014,1,23,36.1823,-0.7656,0.216272
2014,1,23,36.1823,-0.7552,0.216272
2014,1,23,36.1719,-0.7656,0.216272
2014,1,23,36.1719,-0.7448,0.216272
2014,1,23,37.0885,0.2448,0.216272
2014,1,23,37.0781,0.2552,0.216272
2014,1,23,36.7135,-0.2865,0.216272
2014,1,23,36.599,0.026,0.216272
2014,1,23,36.5469,-0.0156,0.216272
2014,1,23,36.5469,0.0781,0.216272
2014,1,23,36.526,0.0156,0.216272
2014,1,23,36.526,0.026,0.216272
2014,1,23,36.2552,-0.4948,0.216272
2014,1,24,36.7656,0.4427,0.216272
2014,1,24,36.7448,0.4115,0.216272
2014,1,24,36.7344,0.4219,0.216272
2014,1,26,36.526,0.8281,0.216272
2014,1,26,36.5156,0.8177,0.216272
2014,1,26,36.4531,0.7031,0.216272
2014,1,26,36.3385,0.2031,0.216272
2014,1,26,36.1823,-0.2135,0.216272
2014,1,27,36.0052,-0.6823,0.216272
2014,1,27,36.2656,0.2135,0.216272
2014,1,27,36.2448,0.1719,0.216272
2014,1,27,36.2448,0.276,0.216272
2014,1,27,36.2135,0.1406,0.216272
2014,1,27,36.1927,0.1198,0.216272
2014,1,27,36.1927,0.1302,0.216272
2014,1,27,36.0156,-0.2552,0.216272
2014,1,27,36.0052,-0.2344,0.216272
2014,1,27,35.9948,-0.276,0.216272
2014,1,27,35.9948,-0.2656,0.216272
2014,1,27,35.9948,-0.2448,0.216272
2014,1,27,35.9948,-0.224,0.216272
2014,1,27,35.9948,-0.2031,0.216272
2014,1,27,35.9427,-0.5052,0.216272
2014,1,27,35.8698,-0.5469,0.216272
2014,1,28,36.5885,-0.9323,0.216272
2014,1,28,36.5781,-0.9635,0.216272
2014,1,28,36.5781,-0.9531,0.216272
2014,1,28,36.5677,-0.9635,0.216272
2014,1,28,36.5573,-0.9635,0.216272
2014,1,28,36.5365,-0.9427,0.216272
2014,1,28,36.526,-0.9948,0.216272
2014,1,28,36.526,-0.974,0.216272
2014,1,28,36.526,-0.9635,0.216272
2014,1,28,36.5156,-0.9844,0.216272
2014,1,28,36.5156,-0.974,0.216272
2014,1,28,36.5052,-0.9844,0.216272
2014,1,28,36.7656,0.9948,0.216272
2014,1,28,36.7552,0.9531,0.216272
2014,1,28,36.7552,0.9635,0.216272
2014,1,28,36.7552,0.9844,0.216272
2014,1,28,36.7448,0.9635,0.216272
2014,1,28,36.724,0.8594,0.216272
2014,1,28,36.6823,0.776,0.216272
2014,1,28,36.6823,0.7865,0.216272
2014,1,28,36.6719,0.7448,0.216272
2014,1,28,36.6719,0.7552,0.216272
2014,1,28,36.6615,0.7656,0.216272
2014,1,28,36.6406,0.2552,0.216272
2014,1,28,36.6302,0.2344,0.216272
2014,1,28,36.599,0.5573,0.216272
2014,1,28,36.599,0.5781,0.216272
2014,1,28,36.599,0.5885,0.216272
2014,1,28,36.5885,0.4427,0.216272
2014,1,28,36.5885,0.4531,0.216272
2014,1,30,36.0156,-0.6719,0.216272
2014,1,30,35.9323,-0.8698,0.216272
2014,1,30,35.9323,-0.8594,0.216272
2014,1,30,35.9219,-0.901,0.216272
2014,1,30,36.5573,0.9219,0.216272
2014,1,30,36.2656,0.2448,0.216272
2014,1,30,36.2552,0.2031,0.216272
2014,1,30,36.2448,0.1615,0.216272
2014,1,30,36.2448,0.1719,0.216272
2014,1,30,36.2448,0.1823,0.216272
2014,1,30,36.2448,0.1927,0.216272
2014,1,30,36.2448,0.2135,0.216272
2014,1,30,36.2448,0.2448,0.216272
2014,1,30,36.2344,0.151,0.216272
2014,1,30,36.2344,0.1615,0.216272
2014,1,30,36.2344,0.1719,0.216272
2014,1,30,36.2344,0.1823,0.216272
2014,1,30,36.2344,0.1927,0.216272
2014,1,30,36.224,0.1719,0.216272
2014,1,30,36.224,0.1927,0.216272
2014,1,30,36.224,0.2031,0.216272
2014,1,30,36.2135,0.1094,0.216272
2014,1,30,36.2135,0.1302,0.216272
2014,1,30,36.2135,0.1615,0.216272
2014,1,30,36.2135,0.1823,0.216272
2014,1,30,36.2031,0.0885,0.216272
2014,1,30,36.2031,0.099,0.216272
2014,1,30,36.2031,0.1094,0.216272
2014,1,30,36.2031,0.1198,0.216272
2014,1,30,36.2031,0.1302,0.216272
2014,1,30,36.1927,0.099,0.216272
2014,1,30,36.1927,0.1094,0.216272
2014,1,30,36.1927,0.1198,0.216272
2014,1,30,36.1823,0.1302,0.216272
2014,1,30,36.1719,-0.0052,0.216272
2014,1,30,36.1719,0.0156,0.216272
2014,1,30,36.1615,0.0781,0.216272
2014,1,30,36.1615,0.0885,0.216272
2014,1,30,36.1615,0.099,0.216272
2014,1,30,36.151,0.0885,0.216272
2014,1,30,36.1302,0.0677,0.216272
2014,1,30,36.1198,-0.2865,0.216272
2014,1,30,36.1094,-0.2448,0.216272
2014,1,30,36.1094,-0.2135,0.216272
2014,1,30,36.1094,0.0469,0.216272
2014,1,30,36.0885,-0.276,0.216272
2014,1,30,36.0885,-0.2552,0.216272
2014,1,30,36.0781,-0.3802,0.216272
2014,1,30,36.0677,-0.4115,0.216272
2014,1,30,36.0573,-0.4219,0.216272
2014,1,30,36.0573,-0.0677,0.216272
2014,1,30,36.0573,-0.0052,0.216272
2014,1,30,36.0469,-0.0469,0.216272
2014,1,30,36.0365,-0.5469,0.216272
2014,1,30,36.026,-0.5469,0.216272
2014,1,30,36.0156,-0.651,0.216272
2014,1,30,35.901,-0.6094,0.216272
2014,1,31,36.6094,-0.7344,0.216272
2014,1,31,36.599,-0.7135,0.216272
2014,1,31,36.474,-0.8698,0.216272
2014,1,31,36.474,-0.8594,0.216272
2014,1,31,36.4115,-0.8594,0.216272
2014,1,31,36.349,-0.9219,0.216272
2014,1,31,36.2656,-0.9427,0.216272
2014,1,31,35.8281,-0.7448,0.216272
2014,1,31,35.7448,-0.6823,0.216272
2014,1,31,36.2552,0.151,0.216272
2014,1,31,36.0677,-0.1094,0.216272
2014,1,1,36.5469,-0.8073,0.223872
2014,1,1,36.526,-0.7969,0.223872
2014,1,1,36.2031,-0.7135,0.223872
2014,1,1,36.1823,-0.7448,0.223872
2014,1,1,36.1719,-0.7448,0.223872
2014,1,1,36.1615,-0.7552,0.223872
2014,1,1,36.1406,-0.776,0.223872
2014,1,1,36.1302,-0.776,0.223872
2014,1,1,36.0573,-0.974,0.223872
2014,1,1,37.1198,0.3385,0.223872
2014,1,1,37.1094,0.3385,0.223872
2014,1,1,37.099,0.3698,0.223872
2014,1,1,37.0365,0.4844,0.223872
2014,1,1,37.026,0.0677,0.223872
2014,1,1,36.9844,0.6094,0.223872
2014,1,1,36.974,0.6406,0.223872
2014,1,1,36.9427,0.6823,0.223872
2014,1,1,36.8594,-0.2552,0.223872
2014,1,1,36.8281,-0.2552,0.223872
2014,1,1,36.8177,-0.2656,0.223872
2014,1,1,36.8177,-0.2552,0.223872
2014,1,1,36.7656,-0.5052,0.223872
2014,1,1,36.7344,-0.1302,0.223872
2014,1,1,36.6823,0.7031,0.223872
2014,1,1,36.6615,-0.4844,0.223872
2014,1,1,36.6094,-0.5885,0.223872
2014,1,1,36.5885,-0.5052,0.223872
2014,1,1,36.5885,-0.4948,0.223872
2014,1,1,36.5781,-0.5469,0.223872
2014,1,1,36.5781,-0.5365,0.223872
2014,1,1,36.5781,0.1615,0.223872
2014,1,1,36.5573,0.0781,0.223872
2014,1,1,36.5573,0.099,0.223872
2014,1,1,36.5573,0.1094,0.223872
2014,1,1,36.5469,0.1615,0.223872
2014,1,1,36.5469,0.1719,0.223872
2014,1,1,36.5365,0.0885,0.223872
2014,1,1,36.5156,0.2031,0.223872
2014,1,1,36.5156,0.2135,0.223872
2014,1,1,36.5052,-0.5677,0.223872
2014,1,1,36.4948,-0.5885,0.223872
2014,1,1,36.4844,-0.6406,0.223872
2014,1,1,36.4844,-0.5885,0.223872
2014,1,1,36.474,-0.6615,0.223872
2014,1,1,36.474,-0.6406,0.223872
2014,1,1,36.474,0.1927,0.223872
2014,1,1,36.474,0.2031,0.223872
2014,1,1,36.4635,-0.651,0.223872
2014,1,1,36.4531,-0.651,0.223872
2014,1,1,36.4531,0.1094,0.223872
2014,1,1,36.401,-0.3177,0.223872
2014,1,1,36.3698,-0.3073,0.223872
2014,1,1,36.3698,-0.2448,0.223872
2014,1,1,36.3698,-0.2344,0.223872
2014,1,1,36.3698,-0.224,0.223872
2014,1,1,36.3698,-0.0677,0.223872
2014,1,1,36.3594,-0.1927,0.223872
2014,1,1,36.3385,-0.0677,0.223872
2014,1,1,36.3281,0.0573,0.223872
2014,1,1,36.3177,-0.3698,0.223872
2014,1,1,36.3073,-0.4115,0.223872
2014,1,1,36.2865,0.0365,0.223872
2014,1,1,36.2135,-0.6615,0.223872
2014,1,4,37.1719,0.6823,0.223872
2014,1,8,36.5156,-0.0677,0.223872
2014,1,8,36.4948,-0.1198,0.223872
2014,1,8,36.4635,-0.1406,0.223872
2014,1,8,36.401,-0.2135,0.223872
2014,1,8,36.3906,-0.2448,0.223872
2014,1,8,36.3802,-0.276,0.223872
2014,1,8,36.3698,-0.2865,0.223872
2014,1,8,36.3594,-0.3177,0.223872
2014,1,8,36.3385,-0.4219,0.223872
2014,1,8,36.3385,-0.3698,0.223872
2014,1,8,36.3281,-0.474,0.223872
2014,1,8,36.3281,-0.4635,0.223872
2014,1,8,36.3281,-0.4323,0.223872
2014,1,8,36.3177,-0.4844,0.223872
2014,1,9,36.6302,-0.1719,0.223872
2014,1,15,36.599,-0.974,0.223872
2014,1,15,36.2969,-0.7552,0.223872
2014,1,15,36.276,-0.7031,0.223872
2014,1,15,36.224,-0.7448,0.223872
2014,1,15,36.1823,-0.974,0.223872
2014,1,15,36.1823,-0.6927,0.223872
2014,1,15,36.1823,-0.6823,0.223872
2014,1,15,36.1719,-0.8594,0.223872
2014,1,15,36.1719,-0.849,0.223872
2014,1,15,36.1719,-0.6927,0.223872
2014,1,15,36.1615,-0.9427,0.223872
2014,1,15,36.1406,-0.8594,0.223872
2014,1,15,36.1406,-0.8177,0.223872
2014,1,15,36.1406,-0.7865,0.223872
2014,1,15,36.1406,-0.724,0.223872
2014,1,15,36.0469,-0.7969,0.223872
2014,1,15,36.0052,-0.8073,0.223872
2014,1,15,37.0573,0.7448,0.223872
2014,1,15,37.0156,0.0677,0.223872
2014,1,15,36.849,-0.0781,0.223872
2014,1,15,36.8281,-0.2552,0.223872
2014,1,15,36.7969,-0.276,0.223872
2014,1,15,36.7344,-0.5156,0.223872
2014,1,15,36.2865,-0.5573,0.223872
2014,1,15,36.276,-0.651,0.223872
2014,1,15,36.2656,-0.6406,0.223872
2014,1,15,36.2656,-0.5156,0.223872
2014,1,15,36.224,-0.6094,0.223872
2014,1,15,36.2135,-0.6198,0.223872
2014,1,15,36.2135,-0.5781,0.223872
2014,1,15,36.2031,-0.4219,0.223872
2014,1,15,36.1927,-0.4115,0.223872
2014,1,15,36.1823,-0.5677,0.223872
2014,1,15,36.151,-0.3698,0.223872
2014,1,15,36.1406,-0.5469,0.223872
2014,1,15,36.1302,-0.3802,0.223872
2014,1,15,36.0885,-0.6406,0.223872
2014,1,15,35.974,-0.4844,0.223872
2014,1,15,35.8698,-0.526,0.223872
2014,1,15,35.8594,-0.5677,0.223872
2014,1,15,35.8594,-0.5365,0.223872
2014,1,17,37.2031,0.5885,0.223872
2014,1,17,36.9323,-0.1198,0.223872
2014,1,17,36.7135,-0.4948,0.223872
2014,1,17,36.7135,-0.4844,0.223872
2014,1,17,36.6823,-0.5469,0.223872
2014,1,18,36.3177,-0.8177,0.223872
2014,1,18,35.901,-0.6719,0.223872
2014,1,18,35.8906,-0.7865,0.223872
2014,1,18,35.8698,-0.9531,0.223872
2014,1,18,35.8698,-0.8073,0.223872
2014,1,18,35.8594,-0.8385,0.223872
2014,1,18,35.8594,-0.7865,0.223872
2014,1,18,35.8594,-0.6823,0.223872
2014,1,18,35.849,-0.7969,0.223872
2014,1,18,35.849,-0.7865,0.223872
2014,1,18,35.8385,-0.974,0.223872
2014,1,18,35.8385,-0.8073,0.223872
2014,1,18,35.8385,-0.7969,0.223872
2014,1,18,35.8281,-0.9844,0.223872
2014,1,18,35.8281,-0.9635,0.223872
2014,1,18,35.8281,-0.8073,0.223872
2014,1,18,35.8177,-0.9948,0.223872
2014,1,18,35.7865,-0.9844,0.223872
2014,1,18,35.7656,-0.8906,0.223872
2014,1,18,35.7448,-0.9948 *,0.223872
2014,1,18,35.7344,-0.9948 *,0.223872
2014,1,18,36.9323,-0.1094,0.223872
2014,1,18,36.7031,-0.276,0.223872
2014,1,18,36.7031,-0.2656,0.223872
2014,1,18,36.6823,-0.151,0.223872
2014,1,18,36.6302,-0.276,0.223872
2014,1,18,36.6094,-0.276,0.223872
2014,1,18,36.5573,0.1302,0.223872
2014,1,18,36.5052,-0.3906,0.223872
2014,1,18,36.4635,-0.3906,0.223872
2014,1,18,36.401,-0.6406,0.223872
2014,1,18,36.3906,-0.6198,0.223872
2014,1,18,36.2135,0.1927,0.223872
2014,1,18,36.2135,0.2031,0.223872
2014,1,18,36.2135,0.2656,0.223872
2014,1,18,36.2031,0.2031,0.223872
2014,1,18,36.2031,0.2344,0.223872
2014,1,18,36.1823,0.1927,0.223872
2014,1,18,36.1823,0.2135,0.223872
2014,1,18,36.151,0.1927,0.223872
2014,1,18,36.1406,-0.099,0.223872
2014,1,18,36.1302,-0.1094,0.223872
2014,1,18,36.1302,0.1823,0.223872
2014,1,18,36.1198,-0.1302,0.223872
2014,1,18,36.1198,-0.1198,0.223872
2014,1,18,36.1094,-0.1406,0.223872
2014,1,18,36.0885,-0.276,0.223872
2014,1,18,36.0885,-0.2656,0.223872
2014,1,18,36.0885,-0.2552,0.223872
2014,1,18,36.0885,-0.1406,0.223872
2014,1,18,36.0781,-0.2865,0.223872
2014,1,18,36.0781,-0.276,0.223872
2014,1,18,36.0781,-0.2656,0.223872
2014,1,18,36.0677,-0.2969,0.223872
2014,1,18,36.0573,-0.2865,0.223872
2014,1,18,35.974,-0.3802,0.223872
2014,1,18,35.974,-0.2344,0.223872
2014,1,18,35.9635,-0.3802,0.223872
2014,1,18,35.9635,-0.349,0.223872
2014,1,18,35.9531,-0.401,0.223872
2014,1,18,35.9531,-0.3594,0.223872
2014,1,18,35.9531,-0.3385,0.223872
2014,1,18,35.9427,-0.6094,0.223872
2014,1,18,35.9427,-0.4635,0.223872
2014,1,18,35.9323,-0.3177,0.223872
2014,1,18,35.9219,-0.4531,0.223872
2014,1,18,35.9219,-0.3177,0.223872
2014,1,18,35.9219,-0.3073,0.223872
2014,1,18,35.9115,-0.6198,0.223872
2014,1,18,35.901,-0.4844,0.223872
2014,1,18,35.8906,-0.6302,0.223872
2014,1,18,35.8906,-0.6198,0.223872
2014,1,18,35.8906,-0.6094,0.223872
2014,1,18,35.8802,-0.6094,0.223872
2014,1,18,35.8698,-0.651,0.223872
2014,1,18,35.8698,-0.5885,0.223872
2014,1,18,35.8698,-0.5781,0.223872
2014,1,18,35.8385,-0.5573,0.223872
2014,1,18,35.8281,-0.6094,0.223872
2014,1,18,35.8073,-0.651,0.223872
2014,1,18,35.8073,-0.5885,0.223872
2014,1,18,35.8073,-0.5781,0.223872
2014,1,18,35.8073,-0.5677,0.223872
2014,1,18,35.8073,-0.5573,0.223872
2014,1,18,35.776,-0.6406,0.223872
2014,1,20,36.1719,-0.6823,0.223872
2014,1,20,36.0573,-0.9635,0.223872
2014,1,20,36.026,-0.7031,0.223872
2014,1,20,35.9948,-0.7135,0.223872
2014,1,20,35.9844,-0.7344,0.223872
2014,1,20,35.974,-0.7656,0.223872
2014,1,20,35.9635,-0.8177,0.223872
2014,1,20,35.9531,-0.6823,0.223872
2014,1,20,35.9219,-0.7865,0.223872
2014,1,20,35.9219,-0.6927,0.223872
2014,1,20,35.901,-0.8385,0.223872
2014,1,20,35.8906,-0.9427,0.223872
2014,1,20,35.8906,-0.8802,0.223872
2014,1,20,35.8906,-0.7448,0.223872
2014,1,20,35.8802,-0.9948,0.223872
2014,1,20,35.8698,-0.6927,0.223872
2014,1,20,35.849,-0.7448,0.223872
2014,1,20,35.8385,-0.8594,0.223872
2014,1,20,35.8385,-0.849,0.223872
2014,1,20,35.8385,-0.8073,0.223872
2014,1,20,35.8177,-0.9427,0.223872
2014,1,20,35.8177,-0.9219,0.223872
2014,1,20,36.9531,0.901,0.223872
2014,1,20,36.599,0.9323,0.223872
2014,1,20,36.5885,0.9635,0.223872
2014,1,20,36.5365,0.8281,0.223872
2014,1,20,36.5365,0.8385,0.223872
2014,1,20,36.5156,0.7656,0.223872
2014,1,20,36.4844,-0.1198,0.223872
2014,1,20,36.3802,0.0365,0.223872
2014,1,20,36.3594,0.0781,0.223872
2014,1,20,36.224,-0.1094,0.223872
2014,1,20,36.2135,-0.276,0.223872
2014,1,20,36.2135,-0.1198,0.223872
2014,1,20,36.2031,-0.1615,0.223872
2014,1,20,36.2031,-0.099,0.223872
2014,1,20,36.1615,-0.3385,0.223872
2014,1,20,36.151,-0.3073,0.223872
2014,1,20,36.1302,-0.2552,0.223872
2014,1,20,36.1198,-0.2552,0.223872
2014,1,20,36.1094,-0.2448,0.223872
2014,1,20,36.0781,-0.5052,0.223872
2014,1,20,36.0781,-0.151,0.223872
2014,1,20,36.0573,-0.349,0.223872
2014,1,20,36.0469,-0.6615,0.223872
2014,1,20,36.0469,-0.401,0.223872
2014,1,20,36.026,-0.3385,0.223872
2014,1,20,36.026,-0.3177,0.223872
2014,1,20,36.0156,-0.1615,0.223872
2014,1,20,35.9948,-0.2552,0.223872
2014,1,20,35.9844,-0.5677,0.223872
2014,1,20,35.9844,-0.5573,0.223872
2014,1,20,35.974,-0.6094,0.223872
2014,1,20,35.974,-0.3281,0.223872
2014,1,20,35.9635,-0.651,0.223872
2014,1,20,35.9635,-0.6406,0.223872
2014,1,20,35.9323,-0.526,0.223872
2014,1,21,36.5156,-0.7135,0.223872
2014,1,21,36.5156,-0.6823,0.223872
2014,1,21,36.3698,-0.6823,0.223872
2014,1,21,36.099,-0.8906,0.223872
2014,1,21,36.0885,-0.9115,0.223872
2014,1,21,36.0885,-0.901,0.223872
2014,1,21,36.0781,-0.9219,0.223872
2014,1,21,37.1302,0.6719,0.223872
2014,1,21,37.1198,0.6615,0.223872
2014,1,21,37.1198,0.6927,0.223872
2014,1,21,37.1198,0.7031,0.223872
2014,1,21,37.1094,0.6615,0.223872
2014,1,21,37.1094,0.6719,0.223872
2014,1,21,37.1094,0.7031,0.223872
2014,1,21,37.1094,0.7135,0.223872
2014,1,21,37.099,0.6615,0.223872
2014,1,21,37.0677,0.7552,0.223872
2014,1,21,37.0677,0.7656,0.223872
2014,1,21,37.0677,0.776,0.223872
2014,1,21,37.0677,0.8802,0.223872
2014,1,21,37.0573,0.7552,0.223872
2014,1,21,37.0573,0.7656,0.223872
2014,1,21,37.0573,0.7865,0.223872
2014,1,21,37.0573,0.7969,0.223872
2014,1,21,37.0573,0.8073,0.223872
2014,1,21,37.0469,0.7865,0.223872
2014,1,21,37.0469,0.7969,0.223872
2014,1,21,37.0469,0.8073,0.223872
2014,1,21,36.5677,-0.6615,0.223872
2014,1,21,36.5365,-0.6615,0.223872
2014,1,21,36.5365,-0.6302,0.223872
2014,1,21,36.5365,-0.6198,0.223872
2014,1,21,36.526,-0.6615,0.223872
2014,1,21,36.526,-0.651,0.223872
2014,1,21,36.526,-0.6302,0.223872
2014,1,21,36.526,-0.6198,0.223872
2014,1,21,36.4948,-0.6615,0.223872
2014,1,23,36.5156,-0.8177,0.223872
2014,1,23,36.5156,-0.8073,0.223872
2014,1,23,36.4948,-0.8073,0.223872
2014,1,23,36.4844,-0.7969,0.223872
2014,1,23,36.4635,-0.776,0.223872
2014,1,23,36.4635,-0.7552,0.223872
2014,1,23,36.4219,-0.776,0.223872
2014,1,23,36.3073,-0.776,0.223872
2014,1,23,36.276,-0.849,0.223872
2014,1,23,36.2552,-0.8698,0.223872
2014,1,23,36.2552,-0.8281,0.223872
2014,1,23,36.2552,-0.8177,0.223872
2014,1,23,36.2552,-0.8073,0.223872
2014,1,23,36.2448,-0.8073,0.223872
2014,1,23,36.2448,-0.7969,0.223872
2014,1,23,36.2344,-0.8073,0.223872
2014,1,23,36.1927,-0.7656,0.223872
2014,1,23,36.1927,-0.7552,0.223872
2014,1,23,36.1719,-0.7344,0.223872
2014,1,23,36.1615,-0.6927,0.223872
2014,1,23,36.1406,-0.7135,0.223872
2014,1,23,36.1406,-0.7031,0.223872
2014,1,23,37.099,0.2448,0.223872
2014,1,23,36.5781,-0.0573,0.223872
2014,1,23,36.5573,0.0781,0.223872
2014,1,23,36.5469,0.0885,0.223872
2014,1,23,36.5365,-0.0156,0.223872
2014,1,23,36.5365,0.0677,0.223872
2014,1,24,36.8073,0.526,0.223872
2014,1,24,36.7552,0.4323,0.223872
2014,1,26,36.5469,0.849,0.223872
2014,1,26,36.5365,-0.4323,0.223872
2014,1,26,36.5365,0.849,0.223872
2014,1,26,36.526,0.8385,0.223872
2014,1,26,36.5156,0.8281,0.223872
2014,1,26,36.5052,0.8073,0.223872
2014,1,26,36.4948,0.776,0.223872
2014,1,26,36.4531,0.2344,0.223872
2014,1,26,36.4427,0.7031,0.223872
2014,1,26,36.349,0.2135,0.223872
2014,1,26,36.3281,0.1927,0.223872
2014,1,26,36.3073,0.2448,0.223872
2014,1,26,36.1615,-0.224,0.223872
2014,1,27,36.276,0.2135,0.223872
2014,1,27,36.276,0.2552,0.223872
2014,1,27,36.2552,0.1719,0.223872
2014,1,27,36.2552,0.1823,0.223872
2014,1,27,36.2552,0.2552,0.223872
2014,1,27,36.2552,0.2656,0.223872
2014,1,27,36.2448,0.2552,0.223872
2014,1,27,36.2344,0.1719,0.223872
2014,1,27,36.224,0.1719,0.223872
2014,1,27,36.2031,0.1198,0.223872
2014,1,27,36.0156,-0.2656,0.223872
2014,1,27,36.0052,-0.2448,0.223872
2014,1,27,35.9948,-0.2552,0.223872
2014,1,27,35.9844,-0.5156,0.223872
2014,1,27,35.974,-0.2969,0.223872
2014,1,27,35.9635,-0.0781,0.223872
2014,1,27,35.8802,-0.2865 *,0.223872
2014,1,27,35.849,-0.5573,0.223872
2014,1,28,36.599,-0.9323,0.223872
2014,1,28,36.599,-0.9219,0.223872
2014,1,28,36.599,-0.9115,0.223872
2014,1,28,36.5885,-0.9635,0.223872
2014,1,28,36.5885,-0.9531,0.223872
2014,1,28,36.5885,-0.9427,0.223872
2014,1,28,36.5885,-0.9219,0.223872
2014,1,28,36.5677,-0.974,0.223872
2014,1,28,36.5573,-0.974,0.223872
2014,1,28,36.5469,-0.9844,0.223872
2014,1,28,36.5365,-0.9948,0.223872
2014,1,28,36.5365,-0.9844,0.223872
2014,1,28,36.5365,-0.974,0.223872
2014,1,28,36.526,-0.9844,0.223872
2014,1,28,36.526,-0.9323,0.223872
2014,1,28,36.5156,-1.0052,0.223872
2014,1,28,36.7656,0.8906,0.223872
2014,1,28,36.7656,0.9323,0.223872
2014,1,28,36.7448,0.901,0.223872
2014,1,28,36.7135,0.8385,0.223872
2014,1,28,36.7031,0.8177,0.223872
2014,1,28,36.6823,0.7552,0.223872
2014,1,28,36.6719,0.7344,0.223872
2014,1,28,36.6615,0.6823,0.223872
2014,1,28,36.6615,0.6927,0.223872
2014,1,28,36.6094,0.3802,0.223872
2014,1,28,36.6094,0.474,0.223872
2014,1,28,36.6094,0.5052,0.223872
2014,1,28,36.6094,0.5156,0.223872
2014,1,28,36.6094,0.5469,0.223872
2014,1,28,36.6094,0.5781,0.223872
2014,1,28,36.599,0.4219,0.223872
2014,1,28,36.599,0.4323,0.223872
2014,1,28,36.599,0.4531,0.223872
2014,1,28,36.599,0.4635,0.223872
2014,1,28,36.599,0.4948,0.223872
2014,1,28,36.599,0.5156,0.223872
2014,1,28,36.599,0.5469,0.223872
2014,1,28,36.599,0.599,0.223872
2014,1,28,36.5885,0.5052,0.223872
2014,1,28,36.5885,0.5365,0.223872
2014,1,28,36.5885,0.5573,0.223872
2014,1,28,36.5885,0.5885,0.223872
2014,1,28,36.5885,0.599,0.223872
2014,1,30,36.026,-0.7135,0.223872
2014,1,30,35.974,-0.8906,0.223872
2014,1,30,35.9427,-0.8594,0.223872
2014,1,30,35.9115,-0.8594,0.223872
2014,1,30,35.8906,-0.9115,0.223872
2014,1,30,35.849,-0.8698,0.223872
2014,1,30,36.5677,0.9219,0.223872
2014,1,30,36.2656,0.2031,0.223872
2014,1,30,36.2656,0.2135,0.223872
2014,1,30,36.2656,0.224,0.223872
2014,1,30,36.2656,0.2344,0.223872
2014,1,30,36.2656,0.2552,0.223872
2014,1,30,36.2552,0.1719,0.223872
2014,1,30,36.2552,0.1927,0.223872
2014,1,30,36.2552,0.2135,0.223872
2014,1,30,36.2552,0.224,0.223872
2014,1,30,36.2552,0.2448,0.223872
2014,1,30,36.2552,0.2552,0.223872
2014,1,30,36.2448,0.151,0.223872
2014,1,30,36.2448,0.224,0.223872
2014,1,30,36.2344,0.224,0.223872
2014,1,30,36.224,0.1302,0.223872
2014,1,30,36.224,0.1406,0.223872
2014,1,30,36.224,0.151,0.223872
2014,1,30,36.224,0.2135,0.223872
2014,1,30,36.224,0.224,0.223872
2014,1,30,36.2135,0.1198,0.223872
2014,1,30,36.2135,0.1406,0.223872
2014,1,30,36.2135,0.151,0.223872
2014,1,30,36.2135,0.1719,0.223872
2014,1,30,36.2031,0.151,0.223872
2014,1,30,36.2031,0.1823,0.223872
2014,1,30,36.1927,0.0365,0.223872
2014,1,30,36.1927,0.0469,0.223872
2014,1,30,36.1927,0.1406,0.223872
2014,1,30,36.1823,0.0156,0.223872
2014,1,30,36.1823,0.1198,0.223872
2014,1,30,36.1615,-0.1719,0.223872
2014,1,30,36.1615,-0.1198,0.223872
2014,1,30,36.1198,-0.1927,0.223872
2014,1,30,36.1198,-0.1302,0.223872
2014,1,30,36.1198,0.0677,0.223872
2014,1,30,36.1094,-0.2865,0.223872
2014,1,30,36.1094,-0.276,0.223872
2014,1,30,36.1094,-0.2552,0.223872
2014,1,30,36.099,-0.3698,0.223872
2014,1,30,36.099,-0.349,0.223872
2014,1,30,36.099,-0.2865,0.223872
2014,1,30,36.099,-0.276,0.223872
2014,1,30,36.099,-0.2552,0.223872
2014,1,30,36.0885,-0.4427,0.223872
2014,1,30,36.0885,-0.401,0.223872
2014,1,30,36.0885,-0.2865,0.223872
2014,1,30,36.0781,-0.401,0.223872
2014,1,30,36.0781,-0.3906,0.223872
2014,1,30,36.0781,-0.276,0.223872
2014,1,30,36.0781,-0.2552,0.223872
2014,1,30,36.0677,-0.4531,0.223872
2014,1,30,36.0677,-0.4323,0.223872
2014,1,30,36.0156,-0.5573,0.223872
2014,1,30,36.0052,-0.5469,0.223872
2014,1,31,36.401,-0.849,0.223872
2014,1,31,36.3698,-0.9115,0.223872
2014,1,31,36.2031,-0.9635,0.223872
2014,1,31,35.9427,-0.7656,0.223872
2014,1,31,35.8906,-0.724,0.223872
2014,1,31,36.4427,-0.4635,0.223872
2014,1,31,36.276,0.099,0.223872
2014,1,31,36.2031,0.1823,0.223872
2014,1,31,36.0573,-0.4948,0.223872
2014,1,31,36.0573,-0.0885,0.223872
2014,1,31,36.0469,-0.099,0.223872
2014,1,31,36.0365,-0.6198,0.223872
2014,1,31,36.0365,-0.5052,0.223872
2014,1,31,36.026,-0.5052,0.223872
2014,1,31,36.0156,-0.4948,0.223872
2014,1,31,36.0156,-0.4844,0.223872
2014,1,1,36.599,-0.7552,0.231739
2014,1,1,36.599,-0.7448,0.231739
2014,1,1,36.5573,-0.8073,0.231739
2014,1,1,36.474,-0.7969,0.231739
2014,1,1,36.474,-0.776,0.231739
2014,1,1,36.474,-0.6927,0.231739
2014,1,1,36.4635,-0.8698,0.231739
2014,1,1,36.2135,-0.6927,0.231739
2014,1,1,36.2135,-0.6719,0.231739
2014,1,1,36.2031,-0.6927,0.231739
2014,1,1,36.2031,-0.6823,0.231739
2014,1,1,36.2031,-0.6719,0.231739
2014,1,1,36.1927,-0.7135,0.231739
2014,1,1,36.1406,-0.7656,0.231739
2014,1,1,36.1302,-0.7865,0.231739
2014,1,1,36.1198,-0.8073,0.231739
2014,1,1,36.1094,-0.8698,0.231739
2014,1,1,36.1094,-0.8281,0.231739
2014,1,1,36.099,-0.8385,0.231739
2014,1,1,36.0781,-0.8698,0.231739
2014,1,1,36.0469,-0.974,0.231739
2014,1,1,37.0781,0.4219,0.231739
2014,1,1,37.0156,0.0573,0.231739
2014,1,1,37.0156,0.5156,0.231739
2014,1,1,36.9115,0.724,0.231739
2014,1,1,36.901,0.7344,0.231739
2014,1,1,36.8594,-0.2656,0.231739
2014,1,1,36.849,-0.2344,0.231739
2014,1,1,36.7969,-0.1719,0.231739
2014,1,1,36.7552,-0.1198,0.231739
2014,1,1,36.7448,-0.4948,0.231739
2014,1,1,36.6719,-0.5052,0.231739
2014,1,1,36.6719,-0.4948,0.231739
2014,1,1,36.6198,-0.5573,0.231739
2014,1,1,36.6094,-0.526,0.231739
2014,1,1,36.599,-0.5156,0.231739
2014,1,1,36.599,-0.5052,0.231739
2014,1,1,36.5885,-0.5156,0.231739
2014,1,1,36.5781,-0.474,0.231739
2014,1,1,36.5677,0.1302,0.231739
2014,1,1,36.5677,0.151,0.231739
2014,1,1,36.5573,0.1302,0.231739
2014,1,1,36.5573,0.1406,0.231739
2014,1,1,36.5573,0.151,0.231739
2014,1,1,36.5573,0.1615,0.231739
2014,1,1,36.5573,0.1719,0.231739
2014,1,1,36.5469,0.099,0.231739
2014,1,1,36.5469,0.1198,0.231739
2014,1,1,36.5469,0.1302,0.231739
2014,1,1,36.5365,0.1198,0.231739
2014,1,1,36.5365,0.1302,0.231739
2014,1,1,36.526,-0.6094,0.231739
2014,1,1,36.526,0.1094,0.231739
2014,1,1,36.526,0.1719,0.231739
2014,1,1,36.526,0.224,0.231739
2014,1,1,36.5156,0.1719,0.231739
2014,1,1,36.5052,-0.599,0.231739
2014,1,1,36.5052,-0.5469,0.231739
2014,1,1,36.5052,-0.526,0.231739
2014,1,1,36.5052,0.2135,0.231739
2014,1,1,36.4948,-0.6198,0.231739
2014,1,1,36.4844,-0.6302,0.231739
2014,1,1,36.4844,-0.5677,0.231739
2014,1,1,36.4635,0.0885,0.231739
2014,1,1,36.4635,0.1927,0.231739
2014,1,1,36.4635,0.5573,0.231739
2014,1,1,36.3802,0.1198,0.231739
2014,1,1,36.3698,-0.2865,0.231739
2014,1,1,36.3698,-0.276,0.231739
2014,1,1,36.3698,-0.2135,0.231739
2014,1,1,36.3698,-0.1198,0.231739
2014,1,1,36.3594,-0.349,0.231739
2014,1,1,36.3594,-0.3073,0.231739
2014,1,1,36.3594,-0.2448,0.231739
2014,1,1,36.3594,0.349,0.231739
2014,1,1,36.349,-0.3594,0.231739
2014,1,1,36.349,-0.3281,0.231739
2014,1,1,36.349,-0.0781,0.231739
2014,1,1,36.2865,-0.4323,0.231739
2014,1,1,36.2865,-0.4219,0.231739
2014,1,1,36.2865,0.026,0.231739
2014,1,1,36.2031,-0.651,0.231739
2014,1,1,36.2031,-0.6094,0.231739
2014,1,4,37.1615,0.651,0.231739
2014,1,4,37.151,0.651,0.231739
2014,1,8,36.9427,-0.0781,0.231739
2014,1,8,36.9115,-0.1094,0.231739
2014,1,8,36.4948,-0.1094,0.231739
2014,1,8,36.4844,-0.1198,0.231739
2014,1,8,36.474,-0.1198,0.231739
2014,1,8,36.401,-0.224,0.231739
2014,1,8,36.3698,-0.2969,0.231739
2014,1,8,36.3594,-0.3073,0.231739
2014,1,8,36.349,-0.3385,0.231739
2014,1,8,36.3281,-0.4219,0.231739
2014,1,8,36.3281,-0.3906,0.231739
2014,1,8,36.3281,-0.3698,0.231739
2014,1,8,36.1406,-0.5469,0.231739
2014,1,9,36.6719,-0.526,0.231739
2014,1,9,36.6198,-0.1823,0.231739
2014,1,15,36.2865,-0.7031,0.231739
2014,1,15,36.276,-0.7448,0.231739
2014,1,15,36.2552,-0.7344,0.231739
2014,1,15,36.2448,-0.9635,0.231739
2014,1,15,36.2448,-0.7552,0.231739
2014,1,15,36.2344,-0.7552,0.231739
2014,1,15,36.224,-0.7344,0.231739
2014,1,15,36.1927,-0.6823,0.231739
2014,1,15,36.1823,-0.9635,0.231739
2014,1,15,36.1823,-0.7031,0.231739
2014,1,15,36.1719,-0.9635,0.231739
2014,1,15,36.151,-0.776,0.231739
2014,1,15,36.151,-0.7656,0.231739
2014,1,15,36.026,-0.776,0.231739
2014,1,15,35.9948,-0.6823,0.231739
2014,1,15,35.974,-0.7865,0.231739
2014,1,15,35.974,-0.6927,0.231739
2014,1,15,35.9427,-0.724,0.231739
2014,1,15,35.8177,-0.6823,0.231739
2014,1,15,35.8177,-0.6719,0.231739
2014,1,15,35.7865,-0.6823,0.231739
2014,1,15,36.6198,-0.2656,0.231739
2014,1,15,36.3073,-0.5469,0.231739
2014,1,15,36.2969,-0.5677,0.231739
2014,1,15,36.2969,-0.5573,0.231739
2014,1,15,36.2865,-0.5677,0.231739
2014,1,15,36.2865,-0.5156,0.231739
2014,1,15,36.2448,-0.474,0.231739
2014,1,15,36.2448,-0.4531,0.231739
2014,1,15,36.2344,-0.6406,0.231739
2014,1,15,36.2135,-0.4323,0.231739
2014,1,15,36.1927,-0.5781,0.231739
2014,1,15,36.1823,-0.6406,0.231739
2014,1,15,36.1823,-0.401,0.231739
2014,1,15,36.1719,-0.6406,0.231739
2014,1,15,36.1406,-0.3698,0.231739
2014,1,15,36.1302,-0.6094,0.231739
2014,1,15,36.1302,-0.4323,0.231739
2014,1,15,36.1198,-0.4115,0.231739
2014,1,15,35.9844,-0.3073,0.231739
2014,1,15,35.901,-0.1719,0.231739
2014,1,15,35.8698,-0.5677,0.231739
2014,1,15,35.8594,-0.5885,0.231739
2014,1,15,35.8385,-0.6615,0.231739
2014,1,15,35.8385,-0.6406,0.231739
2014,1,15,35.8385,-0.6094,0.231739
2014,1,15,35.8281,-0.651,0.231739
2014,1,15,35.8281,-0.6406,0.231739
2014,1,15,35.8177,-0.6615,0.231739
2014,1,15,35.8177,-0.6406,0.231739
2014,1,17,36.2344,-0.9635,0.231739
2014,1,17,36.9635,0.0469,0.231739
2014,1,17,36.7344,-0.4635,0.231739
2014,1,17,36.6927,-0.526,0.231739
2014,1,17,36.6823,-0.5573,0.231739
2014,1,17,36.6823,-0.5365,0.231739
2014,1,18,36.474,-0.724,0.231739
2014,1,18,36.3281,-0.8073,0.231739
2014,1,18,36.0677,-0.8281,0.231739
2014,1,18,35.9219,-0.8594,0.231739
2014,1,18,35.8906,-0.9948,0.231739
2014,1,18,35.8906,-0.6927,0.231739
2014,1,18,35.8802,-0.974,0.231739
2014,1,18,35.8802,-0.6823,0.231739
2014,1,18,35.8698,-0.8177,0.231739
2014,1,18,35.8698,-0.7969,0.231739
2014,1,18,35.8698,-0.7865,0.231739
2014,1,18,35.8594,-0.9635,0.231739
2014,1,18,35.8594,-0.8281,0.231739
2014,1,18,35.849,-0.9635,0.231739
2014,1,18,35.8385,-0.9948,0.231739
2014,1,18,35.8385,-0.9635,0.231739
2014,1,18,35.8385,-0.9531,0.231739
2014,1,18,35.8385,-0.7865,0.231739
2014,1,18,35.8281,-0.9948,0.231739
2014,1,18,35.8281,-0.974,0.231739
2014,1,18,35.8281,-0.8281,0.231739
2014,1,18,35.8281,-0.7969,0.231739
2014,1,18,35.8281,-0.7865,0.231739
2014,1,18,35.8281,-0.6719,0.231739
2014,1,18,35.8177,-0.9844,0.231739
2014,1,18,35.8177,-0.8385,0.231739
2014,1,18,35.8177,-0.7865,0.231739
2014,1,18,35.8177,-0.6719,0.231739
2014,1,18,35.8073,-0.9948,0.231739
2014,1,18,35.7969,-0.9844,0.231739
2014,1,18,35.7969,-0.8177,0.231739
2014,1,18,35.776,-0.9844,0.231739
2014,1,18,35.7656,-0.9948,0.231739
2014,1,18,35.7656,-0.6719,0.231739
2014,1,18,35.7552,-0.9948,0.231739
2014,1,18,35.7344,-0.9844 *,0.231739
2014,1,18,36.724,-0.5885,0.231739
2014,1,18,36.6615,-0.2656,0.231739
2014,1,18,36.651,-0.5885,0.231739
2014,1,18,36.6406,-0.2656,0.231739
2014,1,18,36.6302,-0.599,0.231739
2014,1,18,36.6302,-0.1302,0.231739
2014,1,18,36.599,-0.2865,0.231739
2014,1,18,36.5781,-0.2969,0.231739
2014,1,18,36.5677,-0.3073,0.231739
2014,1,18,36.5573,-0.3281,0.231739
2014,1,18,36.5573,-0.1615,0.231739
2014,1,18,36.5052,-0.276,0.231739
2014,1,18,36.401,-0.6198,0.231739
2014,1,18,36.2865,-0.026,0.231739
2014,1,18,36.276,-0.026,0.231739
2014,1,18,36.2135,0.2969,0.231739
2014,1,18,36.2031,-0.099,0.231739
2014,1,18,36.2031,0.1927,0.231739
2014,1,18,36.2031,0.276,0.231739
2014,1,18,36.1406,-0.0781,0.231739
2014,1,18,36.1406,-0.026,0.231739
2014,1,18,36.1302,-0.1302,0.231739
2014,1,18,36.1094,-0.3802,0.231739
2014,1,18,36.1094,-0.2448,0.231739
2014,1,18,36.1094,-0.1302,0.231739
2014,1,18,36.099,-0.3906,0.231739
2014,1,18,36.099,-0.2656,0.231739
2014,1,18,36.099,-0.1406,0.231739
2014,1,18,36.0885,-0.2865,0.231739
2014,1,18,36.0885,0.151,0.231739
2014,1,18,36.0781,-0.4427,0.231739
2014,1,18,36.0781,-0.2969,0.231739
2014,1,18,36.0781,-0.2552,0.231739
2014,1,18,36.0781,-0.2448,0.231739
2014,1,18,36.0781,-0.1719,0.231739
2014,1,18,36.0677,-0.4635,0.231739
2014,1,18,36.0677,-0.3073,0.231739
2014,1,18,36.0677,-0.2865,0.231739
2014,1,18,36.0677,-0.276,0.231739
2014,1,18,36.0677,-0.2656,0.231739
2014,1,18,36.0677,-0.2552,0.231739
2014,1,18,36.0677,-0.1615,0.231739
2014,1,18,36.0573,-0.4323,0.231739
2014,1,18,36.0573,-0.1823,0.231739
2014,1,18,36.0573,-0.1719,0.231739
2014,1,18,36.0573,-0.1615,0.231739
2014,1,18,36.0469,-0.2031,0.231739
2014,1,18,36.0365,-0.5156,0.231739
2014,1,18,36.0365,-0.1719,0.231739
2014,1,18,36.026,-0.5677,0.231739
2014,1,18,36.026,-0.5156,0.231739
2014,1,18,36.0052,-0.599,0.231739
2014,1,18,35.9948,-0.5885,0.231739
2014,1,18,35.9948,-0.3594,0.231739
2014,1,18,35.9844,-0.3698,0.231739
2014,1,18,35.974,-0.3906,0.231739
2014,1,18,35.974,-0.3698,0.231739
2014,1,18,35.974,-0.3594,0.231739
2014,1,18,35.974,-0.2448,0.231739
2014,1,18,35.9635,-0.3906,0.231739
2014,1,18,35.9635,-0.3594,0.231739
2014,1,18,35.9635,-0.3385,0.231739
2014,1,18,35.9635,-0.3281,0.231739
2014,1,18,35.9635,-0.3177,0.231739
2014,1,18,35.9531,-0.2865,0.231739
2014,1,18,35.9427,-0.6198,0.231739
2014,1,18,35.9427,-0.349,0.231739
2014,1,18,35.9427,-0.2865,0.231739
2014,1,18,35.9427,-0.276,0.231739
2014,1,18,35.9323,-0.6094,0.231739
2014,1,18,35.9219,-0.474,0.231739
2014,1,18,35.9219,-0.4427,0.231739
2014,1,18,35.9115,-0.6094,0.231739
2014,1,18,35.9115,-0.4844,0.231739
2014,1,18,35.9115,-0.4531,0.231739
2014,1,18,35.9115,-0.3073,0.231739
2014,1,18,35.901,-0.6615,0.231739
2014,1,18,35.901,-0.6302,0.231739
2014,1,18,35.901,-0.6198,0.231739
2014,1,18,35.901,-0.6094,0.231739
2014,1,18,35.901,-0.4427,0.231739
2014,1,18,35.8906,-0.651,0.231739
2014,1,18,35.8906,-0.599,0.231739
2014,1,18,35.8802,-0.5885,0.231739
2014,1,18,35.8802,-0.5677,0.231739
2014,1,18,35.8802,-0.5573,0.231739
2014,1,18,35.8802,-0.5365,0.231739
2014,1,18,35.8698,-0.599,0.231739
2014,1,18,35.849,-0.2344,0.231739
2014,1,18,35.8073,-0.599,0.231739
2014,1,18,35.7969,-0.5885,0.231739
2014,1,18,35.7865,-0.651,0.231739
2014,1,18,35.7865,-0.5781,0.231739
2014,1,20,36.1823,-0.9948,0.231739
2014,1,20,36.0573,-0.8594,0.231739
2014,1,20,36.0365,-0.9219,0.231739
2014,1,20,36.026,-0.9323,0.231739
2014,1,20,36.0156,-0.9635,0.231739
2014,1,20,36.0156,-0.7031,0.231739
2014,1,20,35.9844,-0.6719,0.231739
2014,1,20,35.974,-0.7448,0.231739
2014,1,20,35.9635,-0.849,0.231739
2014,1,20,35.9635,-0.6719,0.231739
2014,1,20,35.9323,-0.9531,0.231739
2014,1,20,35.9219,-0.9427,0.231739
2014,1,20,35.9115,-0.8385,0.231739
2014,1,20,35.9115,-0.8073,0.231739
2014,1,20,35.9115,-0.7031,0.231739
2014,1,20,35.901,-0.8177,0.231739
2014,1,20,35.8906,-0.901,0.231739
2014,1,20,35.8906,-0.7552,0.231739
2014,1,20,35.849,-0.8177,0.231739
2014,1,20,37.1615,0.8802,0.231739
2014,1,20,37.0677,0.8177,0.231739
2014,1,20,36.7135,0.9115,0.231739
2014,1,20,36.6094,0.9427,0.231739
2014,1,20,36.5469,0.5781,0.231739
2014,1,20,36.5469,0.8802,0.231739
2014,1,20,36.5365,0.4115,0.231739
2014,1,20,36.5365,0.651,0.231739
2014,1,20,36.5365,0.6927,0.231739
2014,1,20,36.5365,0.8177,0.231739
2014,1,20,36.526,0.5469,0.231739
2014,1,20,36.4115,0.5365,0.231739
2014,1,20,36.3594,0.026,0.231739
2014,1,20,36.3073,-0.2448,0.231739
2014,1,20,36.224,-0.224,0.231739
2014,1,20,36.2135,-0.3281,0.231739
2014,1,20,36.2135,-0.2656,0.231739
2014,1,20,36.2031,0.0573,0.231739
2014,1,20,36.1719,-0.3177,0.231739
2014,1,20,36.1615,-0.5156,0.231739
2014,1,20,36.1615,-0.276,0.231739
2014,1,20,36.151,-0.349,0.231739
2014,1,20,36.1198,-0.2656,0.231739
2014,1,20,36.1094,-0.2344,0.231739
2014,1,20,36.1094,-0.224,0.231739
2014,1,20,36.0781,-0.4635,0.231739
2014,1,20,36.0781,-0.3385,0.231739
2014,1,20,36.0677,-0.349,0.231739
2014,1,20,36.0677,-0.3385,0.231739
2014,1,20,36.0573,-0.4427,0.231739
2014,1,20,36.0573,-0.401,0.231739
2014,1,20,36.0573,-0.3594,0.231739
2014,1,20,36.0573,-0.3073,0.231739
2014,1,20,36.0573,-0.1615,0.231739
2014,1,20,36.0365,-0.6615,0.231739
2014,1,20,36.0365,-0.3281,0.231739
2014,1,20,35.9844,-0.2552,0.231739
2014,1,20,35.9635,-0.349,0.231739
2014,1,20,35.9531,-0.6615,0.231739
2014,1,20,35.9531,-0.6406,0.231739
2014,1,20,35.9531,-0.6302,0.231739
2014,1,20,35.9531,-0.3594,0.231739
2014,1,20,35.9427,-0.6406,0.231739
2014,1,20,35.9427,-0.6302,0.231739
2014,1,20,35.9427,-0.5677,0.231739
2014,1,20,35.9427,-0.4844,0.231739
2014,1,20,35.9427,-0.474,0.231739
2014,1,20,35.9115,-0.5573,0.231739
2014,1,20,35.849,-0.6302,0.231739
2014,1,20,35.849,-0.599,0.231739
2014,1,20,35.7448,-0.6406,0.231739
2014,1,21,36.5365,-0.8594,0.231739
2014,1,21,36.526,-0.7448,0.231739
2014,1,21,36.526,-0.724,0.231739
2014,1,21,36.526,-0.6927,0.231739
2014,1,21,36.5156,-0.6719,0.231739
2014,1,21,36.4948,-0.7135,0.231739
2014,1,21,36.4844,-0.7031,0.231739
2014,1,21,36.4844,-0.6927,0.231739
2014,1,21,36.4844,-0.6823,0.231739
2014,1,21,36.4844,-0.6719,0.231739
2014,1,21,36.099,-0.9219,0.231739
2014,1,21,36.0885,-0.8906,0.231739
2014,1,21,36.0885,-0.8802,0.231739
2014,1,21,36.0885,-0.8698,0.231739
2014,1,21,37.1198,0.6719,0.231739
2014,1,21,37.1094,0.6927,0.231739
2014,1,21,37.099,0.651,0.231739
2014,1,21,37.0573,0.776,0.231739
2014,1,21,37.0469,0.776,0.231739
2014,1,21,36.5365,-0.6406,0.231739
2014,1,21,36.526,-0.6406,0.231739
2014,1,21,36.5156,-0.6615,0.231739
2014,1,21,36.5156,-0.6302,0.231739
2014,1,21,36.5052,-0.6615,0.231739
2014,1,21,36.4323,-0.651,0.231739
2014,1,21,36.4323,-0.6406,0.231739
2014,1,21,36.4323,-0.6302,0.231739
2014,1,21,36.4323,-0.6198,0.231739
2014,1,21,36.4219,-0.651,0.231739
2014,1,21,36.4219,-0.6198,0.231739
2014,1,21,36.4115,-0.651,0.231739
2014,1,21,36.401,-0.651,0.231739
2014,1,23,36.5469,-0.6719,0.231739
2014,1,23,36.5365,-0.8073,0.231739
2014,1,23,36.526,-0.8073,0.231739
2014,1,23,36.5052,-0.8177,0.231739
2014,1,23,36.4531,-0.776,0.231739
2014,1,23,36.4531,-0.7656,0.231739
2014,1,23,36.4427,-0.7865,0.231739
2014,1,23,36.401,-0.7656,0.231739
2014,1,23,36.3906,-0.776,0.231739
2014,1,23,36.2865,-0.7865,0.231739
2014,1,23,36.2552,-0.7969,0.231739
2014,1,23,36.2448,-0.8698,0.231739
2014,1,23,36.1823,-0.7448,0.231739
2014,1,23,36.1823,-0.724,0.231739
2014,1,23,36.1302,-0.7135,0.231739
2014,1,23,36.1302,-0.7031,0.231739
2014,1,23,37.099,0.2656,0.231739
2014,1,23,37.0885,0.2656,0.231739
2014,1,23,36.5781,-0.0469,0.231739
2014,1,23,36.5365,0.0781,0.231739
2014,1,23,36.5365,0.0885,0.231739
2014,1,23,36.526,-0.0052,0.231739
2014,1,23,36.526,0.0365,0.231739
2014,1,23,36.1719,-0.6615,0.231739
2014,1,24,36.7344,0.4115,0.231739
2014,1,24,36.7031,0.3802,0.231739
2014,1,26,35.9323,-0.9531,0.231739
2014,1,26,36.7448,0.4115,0.231739
2014,1,26,36.5677,0.8698,0.231739
2014,1,26,36.5573,0.8906,0.231739
2014,1,26,36.5365,0.8385,0.231739
2014,1,26,36.5365,0.8594,0.231739
2014,1,26,36.526,0.849,0.231739
2014,1,26,36.5156,0.8385,0.231739
2014,1,26,36.4948,0.7865,0.231739
2014,1,26,36.4948,0.7969,0.231739
2014,1,26,36.4844,0.7656,0.231739
2014,1,26,36.4531,0.724,0.231739
2014,1,26,36.3073,0.224,0.231739
2014,1,26,36.2969,0.2552,0.231739
2014,1,26,36.2865,0.2448,0.231739
2014,1,26,36.276,0.2135,0.231739
2014,1,26,36.276,0.224,0.231739
2014,1,26,36.2656,-0.0156,0.231739
2014,1,26,36.2135,-0.1406,0.231739
2014,1,27,36.0677,-0.7344,0.231739
2014,1,27,36.4844,0.6094,0.231739
2014,1,27,36.349,0.026,0.231739
2014,1,27,36.3073,0.0885,0.231739
2014,1,27,36.2865,0.2448,0.231739
2014,1,27,36.2865,0.2552,0.231739
2014,1,27,36.276,0.2031,0.231739
2014,1,27,36.276,0.224,0.231739
2014,1,27,36.276,0.2656,0.231739
2014,1,27,36.2656,0.1927,0.231739
2014,1,27,36.2656,0.2031,0.231739
2014,1,27,36.2656,0.224,0.231739
2014,1,27,36.2656,0.2552,0.231739
2014,1,27,36.2656,0.2656,0.231739
2014,1,27,36.2656,0.3281,0.231739
2014,1,27,36.2552,0.1927,0.231739
2014,1,27,36.2552,0.2865,0.231739
2014,1,27,36.2448,0.1823,0.231739
2014,1,27,36.2344,0.2448,0.231739
2014,1,27,36.224,0.1406,0.231739
2014,1,27,36.224,0.224,0.231739
2014,1,27,36.2135,0.1302,0.231739
2014,1,27,36.1927,0.0781,0.231739
2014,1,27,36.1823,0.1198,0.231739
2014,1,27,36.0156,-0.6406,0.231739
2014,1,27,36.0156,-0.2448,0.231739
2014,1,27,36.0052,-0.2865,0.231739
2014,1,27,35.9948,-0.5156,0.231739
2014,1,27,35.9948,-0.2344,0.231739
2014,1,27,35.9844,-0.2865,0.231739
2014,1,27,35.9844,-0.2552,0.231739
2014,1,27,35.9844,-0.2031,0.231739
2014,1,27,35.974,-0.276,0.231739
2014,1,27,35.9635,-0.2969,0.231739
2014,1,27,35.9635,-0.2865,0.231739
2014,1,27,35.9635,-0.0885,0.231739
2014,1,27,35.9531,-0.5573,0.231739
2014,1,28,36.6094,-0.9427,0.231739
2014,1,28,36.6094,-0.9219,0.231739
2014,1,28,36.599,-0.974,0.231739
2014,1,28,36.599,-0.9635,0.231739
2014,1,28,36.599,-0.9531,0.231739
2014,1,28,36.599,-0.9427,0.231739
2014,1,28,36.5885,-0.974,0.231739
2014,1,28,36.5781,-0.974,0.231739
2014,1,28,36.5573,-0.9948,0.231739
2014,1,28,36.5573,-0.9844,0.231739
2014,1,28,36.5469,-1.0052,0.231739
2014,1,28,36.5469,-0.9948,0.231739
2014,1,28,36.5469,-0.974,0.231739
2014,1,28,36.526,-1.0052,0.231739
2014,1,28,36.5156,-0.9635,0.231739
2014,1,28,36.5052,-0.9635,0.231739
2014,1,28,36.4948,-0.9948,0.231739
2014,1,28,36.776,0.9427,0.231739
2014,1,28,36.7656,0.9219,0.231739
2014,1,28,36.7344,0.8698,0.231739
2014,1,28,36.7135,0.8281,0.231739
2014,1,28,36.6719,0.7031,0.231739
2014,1,28,36.6615,0.7344,0.231739
2014,1,28,36.6406,0.2344,0.231739
2014,1,28,36.6094,0.4531,0.231739
2014,1,28,36.6094,0.4844,0.231739
2014,1,28,36.6094,0.5365,0.231739
2014,1,28,36.6094,0.5677,0.231739
2014,1,28,36.6094,0.599,0.231739
2014,1,28,36.599,0.4115,0.231739
2014,1,28,36.599,0.5052,0.231739
2014,1,28,36.599,0.526,0.231739
2014,1,28,36.599,0.5365,0.231739
2014,1,28,36.2344,0.2344,0.231739
2014,1,28,36.2344,0.2448,0.231739
2014,1,30,36.026,-0.6719,0.231739
2014,1,30,35.9219,-0.8281,0.231739
2014,1,30,35.9115,-0.9115,0.231739
2014,1,30,35.8802,-0.8802,0.231739
2014,1,30,35.8594,-0.724,0.231739
2014,1,30,35.849,-0.8594,0.231739
2014,1,30,35.849,-0.8281,0.231739
2014,1,30,35.8385,-0.9531,0.231739
2014,1,30,35.8281,-0.9531,0.231739
2014,1,30,36.6823,0.901,0.231739
2014,1,30,36.651,0.9531,0.231739
2014,1,30,36.651,0.9635,0.231739
2014,1,30,36.6406,0.9531,0.231739
2014,1,30,36.6406,0.9635,0.231739
2014,1,30,36.6406,0.9948,0.231739
2014,1,30,36.6302,0.9531,0.231739
2014,1,30,36.6302,0.9635,0.231739
2014,1,30,36.6302,0.9948,0.231739
2014,1,30,36.6198,0.9531,0.231739
2014,1,30,36.6198,0.974,0.231739
2014,1,30,36.5781,0.9219,0.231739
2014,1,30,36.5677,0.9323,0.231739
2014,1,30,36.5573,0.9323,0.231739
2014,1,30,36.5469,0.9219,0.231739
2014,1,30,36.5469,0.9323,0.231739
2014,1,30,36.5469,0.9427,0.231739
2014,1,30,36.2865,0.2448,0.231739
2014,1,30,36.276,0.2031,0.231739
2014,1,30,36.276,0.224,0.231739
2014,1,30,36.276,0.2448,0.231739
2014,1,30,36.2552,0.1615,0.231739
2014,1,30,36.2552,0.1823,0.231739
2014,1,30,36.2552,0.2344,0.231739
2014,1,30,36.2448,0.2552,0.231739
2014,1,30,36.2344,0.1406,0.231739
2014,1,30,36.2135,0.0885,0.231739
2014,1,30,36.2135,0.099,0.231739
2014,1,30,36.2031,0.0469,0.231739
2014,1,30,36.2031,0.0573,0.231739
2014,1,30,36.2031,0.0677,0.231739
2014,1,30,36.2031,0.1615,0.231739
2014,1,30,36.2031,0.1719,0.231739
2014,1,30,36.1927,0.026,0.231739
2014,1,30,36.1823,0.0365,0.231739
2014,1,30,36.1823,0.1094,0.231739
2014,1,30,36.1823,0.1406,0.231739
2014,1,30,36.1719,-0.1615,0.231739
2014,1,30,36.1719,-0.1406,0.231739
2014,1,30,36.1719,-0.1094,0.231739
2014,1,30,36.1719,-0.099,0.231739
2014,1,30,36.1719,-0.0885,0.231739
2014,1,30,36.1719,-0.0365,0.231739
2014,1,30,36.1719,-0.026,0.231739
2014,1,30,36.1719,-0.0156,0.231739
2014,1,30,36.1719,0.0052,0.231739
2014,1,30,36.1719,0.1094,0.231739
2014,1,30,36.1615,-0.1823,0.231739
2014,1,30,36.1615,-0.1094,0.231739
2014,1,30,36.1615,-0.0781,0.231739
2014,1,30,36.151,-0.2656,0.231739
2014,1,30,36.151,-0.1198,0.231739
2014,1,30,36.151,-0.1094,0.231739
2014,1,30,36.151,-0.099,0.231739
2014,1,30,36.1198,-0.2135,0.231739
2014,1,30,36.1094,-0.2344,0.231739
2014,1,30,36.1094,-0.1302,0.231739
2014,1,30,36.0885,-0.3802,0.231739
2014,1,30,36.0781,-0.4115,0.231739
2014,1,30,36.0781,-0.2865,0.231739
2014,1,30,36.0677,-0.4219,0.231739
2014,1,30,36.0573,-0.4635,0.231739
2014,1,30,36.0573,0.0052,0.231739
2014,1,30,36.0469,-0.5469,0.231739
2014,1,30,36.0156,-0.6094,0.231739
2014,1,30,35.8906,-0.6302,0.231739
2014,1,31,36.6198,-0.7031,0.231739
2014,1,31,36.5052,-0.8385,0.231739
2014,1,31,36.4948,-0.8385,0.231739
2014,1,31,36.474,-0.8906,0.231739
2014,1,31,36.474,-0.7135,0.231739
2014,1,31,36.4115,-0.8698,0.231739
2014,1,31,36.401,-0.8698,0.231739
2014,1,31,36.3594,-0.9323,0.231739
2014,1,31,36.3594,-0.9219,0.231739
2014,1,31,36.224,-0.8906,0.231739
2014,1,31,36.4531,-0.526,0.231739
2014,1,31,36.4531,-0.4948,0.231739
2014,1,31,36.4427,-0.474,0.231739
2014,1,31,36.2135,0.1927,0.231739
2014,1,31,36.2135,0.2552,0.231739
2014,1,31,36.0573,-0.4844,0.231739
2014,1,31,36.0469,-0.5052,0.231739
2014,1,31,36.026,-0.4948,0.231739
2014,1,31,36.026,-0.4844,0.231739
2014,1,31,36.026,-0.474,0.231739
2014,1,31,36.0156,-0.1406,0.231739
2014,1,31,36.0052,-0.4948,0.231739
2014,1,31,35.974,-0.224,0.231739
2014,1,1,36.6823,-0.6719,0.239883
2014,1,1,36.526,-0.8281,0.239883
2014,1,1,36.5052,-0.776,0.239883
2014,1,1,36.4531,-0.6719,0.239883
2014,1,1,36.1927,-0.7344,0.239883
2014,1,1,36.1927,-0.724,0.239883
2014,1,1,36.1927,-0.6927,0.239883
2014,1,1,36.1823,-0.7344,0.239883
2014,1,1,36.1823,-0.724,0.239883
2014,1,1,36.1823,-0.7135,0.239883
2014,1,1,36.1719,-0.7552,0.239883
2014,1,1,36.1719,-0.7344,0.239883
2014,1,1,36.1198,-0.7865,0.239883
2014,1,1,36.0781,-0.8802,0.239883
2014,1,1,37.1406,0.4323,0.239883
2014,1,1,37.1302,0.3281,0.239883
2014,1,1,37.1094,0.349,0.239883
2014,1,1,37.099,0.349,0.239883
2014,1,1,37.0885,0.401,0.239883
2014,1,1,37.0781,0.4115,0.239883
2014,1,1,37.0469,0.474,0.239883
2014,1,1,36.974,0.6198,0.239883
2014,1,1,36.9635,0.651,0.239883
2014,1,1,36.8802,0.7552,0.239883
2014,1,1,36.8698,0.7865,0.239883
2014,1,1,36.8698,0.8177,0.239883
2014,1,1,36.8594,0.8281,0.239883
2014,1,1,36.8594,0.8385,0.239883
2014,1,1,36.776,-0.5052,0.239883
2014,1,1,36.7344,-0.526,0.239883
2014,1,1,36.724,-0.526,0.239883
2014,1,1,36.6615,-0.5156,0.239883
2014,1,1,36.6615,-0.5052,0.239883
2014,1,1,36.6615,-0.4948,0.239883
2014,1,1,36.6406,-0.4948,0.239883
2014,1,1,36.6302,-0.5052,0.239883
2014,1,1,36.6302,0.8281,0.239883
2014,1,1,36.6198,-0.526,0.239883
2014,1,1,36.6094,-0.5052,0.239883
2014,1,1,36.5781,-0.526,0.239883
2014,1,1,36.5781,-0.4844,0.239883
2014,1,1,36.5677,-0.526,0.239883
2014,1,1,36.5677,0.1406,0.239883
2014,1,1,36.5677,0.1615,0.239883
2014,1,1,36.5573,0.0885,0.239883
2014,1,1,36.5469,0.1406,0.239883
2014,1,1,36.5469,0.151,0.239883
2014,1,1,36.5365,0.1094,0.239883
2014,1,1,36.5365,0.1406,0.239883
2014,1,1,36.5365,0.151,0.239883
2014,1,1,36.526,0.1198,0.239883
2014,1,1,36.526,0.1406,0.239883
2014,1,1,36.526,0.151,0.239883
2014,1,1,36.526,0.2135,0.239883
2014,1,1,36.5156,-0.5573,0.239883
2014,1,1,36.5052,-0.6406,0.239883
2014,1,1,36.5052,-0.6094,0.239883
2014,1,1,36.5052,-0.5781,0.239883
2014,1,1,36.5052,0.0885,0.239883
2014,1,1,36.5052,0.1198,0.239883
2014,1,1,36.4948,-0.6406,0.239883
2014,1,1,36.4948,-0.6302,0.239883
2014,1,1,36.4948,-0.5781,0.239883
2014,1,1,36.4844,-0.6615,0.239883
2014,1,1,36.4844,-0.651,0.239883
2014,1,1,36.4844,0.2031,0.239883
2014,1,1,36.474,0.1615,0.239883
2014,1,1,36.474,0.1719,0.239883
2014,1,1,36.4635,0.099,0.239883
2014,1,1,36.4635,0.1406,0.239883
2014,1,1,36.4635,0.1823,0.239883
2014,1,1,36.4635,0.5052,0.239883
2014,1,1,36.4531,0.2135,0.239883
2014,1,1,36.3802,-0.276,0.239883
2014,1,1,36.3698,-0.2969,0.239883
2014,1,1,36.3698,-0.1302,0.239883
2014,1,1,36.3594,-0.276,0.239883
2014,1,1,36.3594,-0.2031,0.239883
2014,1,1,36.3594,-0.1823,0.239883
2014,1,1,36.3594,-0.151,0.239883
2014,1,1,36.349,-0.349,0.239883
2014,1,1,36.349,-0.3385,0.239883
2014,1,1,36.3281,-0.3594,0.239883
2014,1,1,36.3177,-0.3906,0.239883
2014,1,1,36.3073,-0.401,0.239883
2014,1,1,36.2969,-0.1302,0.239883
2014,1,1,36.276,-0.4323,0.239883
2014,1,1,36.2656,-0.4427,0.239883
2014,1,1,36.2448,-0.526,0.239883
2014,1,1,36.224,-0.6615,0.239883
2014,1,1,36.2031,-0.6615,0.239883
2014,1,1,36.2031,-0.599,0.239883
2014,1,4,37.1615,0.8906,0.239883
2014,1,4,37.1406,0.6615,0.239883
2014,1,4,37.1302,0.651,0.239883
2014,1,4,37.0573,0.651,0.239883
2014,1,4,36.9948,0.4635,0.239883
2014,1,4,36.9844,0.526,0.239883
2014,1,4,36.9531,0.401,0.239883
2014,1,4,36.9531,0.9635,0.239883
2014,1,4,36.9427,0.3802,0.239883
2014,1,8,36.901,-0.1094,0.239883
2014,1,8,36.776,0.099,0.239883
2014,1,8,36.7656,0.099,0.239883
2014,1,8,36.4635,-0.1198,0.239883
2014,1,8,36.4219,-0.1823,0.239883
2014,1,8,36.401,-0.2031,0.239883
2014,1,8,36.3802,-0.2656,0.239883
2014,1,8,36.3802,-0.2552,0.239883
2014,1,8,36.3802,-0.2448,0.239883
2014,1,8,36.3698,-0.2656,0.239883
2014,1,8,36.3594,-0.3281,0.239883
2014,1,8,36.349,-0.349,0.239883
2014,1,8,36.3385,-0.3594,0.239883
2014,1,8,36.3281,-0.3802,0.239883
2014,1,8,36.3177,-0.4948,0.239883
2014,1,8,36.3177,-0.474,0.239883
2014,1,8,36.3177,-0.4635,0.239883
2014,1,8,36.3177,-0.4531,0.239883
2014,1,8,36.3177,-0.4427,0.239883
2014,1,8,36.3073,-0.5573,0.239883
2014,1,8,36.3073,-0.5469,0.239883
2014,1,8,36.224,-0.5469,0.239883
2014,1,9,36.5469,-0.724,0.239883
2014,1,9,36.4948,-0.8073,0.239883
2014,1,9,36.6302,-0.474,0.239883
2014,1,9,36.3802,-0.0781,0.239883
2014,1,9,36.3698,-0.0885,0.239883
2014,1,15,36.2448,-0.9531,0.239883
2014,1,15,36.1927,-0.7031,0.239883
2014,1,15,36.1927,-0.6719,0.239883
2014,1,15,36.1719,-0.9531,0.239883
2014,1,15,36.1719,-0.6719,0.239883
2014,1,15,36.1615,-0.6823,0.239883
2014,1,15,36.151,-0.9427,0.239883
2014,1,15,36.151,-0.9323,0.239883
2014,1,15,36.151,-0.9219,0.239883
2014,1,15,36.151,-0.8906,0.239883
2014,1,15,36.151,-0.8073,0.239883
2014,1,15,36.1406,-0.7344,0.239883
2014,1,15,36.1302,-0.8594,0.239883
2014,1,15,36.1302,-0.8385,0.239883
2014,1,15,36.1198,-0.8385,0.239883
2014,1,15,36.026,-0.8177,0.239883
2014,1,15,35.9844,-0.7865,0.239883
2014,1,15,35.974,-0.8073,0.239883
2014,1,15,35.9635,-0.8073,0.239883
2014,1,15,35.9635,-0.7969,0.239883
2014,1,15,35.9635,-0.7865,0.239883
2014,1,15,35.9427,-0.7135,0.239883
2014,1,15,35.8281,-0.6823,0.239883
2014,1,15,35.8177,-0.6927,0.239883
2014,1,15,35.8073,-0.6823,0.239883
2014,1,15,35.7969,-0.9219,0.239883
2014,1,15,36.7969,-0.2135,0.239883
2014,1,15,36.6615,-0.5365,0.239883
2014,1,15,36.6302,-0.5677,0.239883
2014,1,15,36.5781,-0.3802,0.239883
2014,1,15,36.3385,-0.6406,0.239883
2014,1,15,36.2865,-0.6302,0.239883
2014,1,15,36.276,-0.5156,0.239883
2014,1,15,36.276,-0.4948,0.239883
2014,1,15,36.2656,-0.526,0.239883
2014,1,15,36.2656,-0.4948,0.239883
2014,1,15,36.2552,-0.4948,0.239883
2014,1,15,36.2448,-0.651,0.239883
2014,1,15,36.2135,-0.599,0.239883
2014,1,15,36.2135,-0.4219,0.239883
2014,1,15,36.1927,-0.6615,0.239883
2014,1,15,36.1615,-0.6615,0.239883
2014,1,15,36.1615,-0.4844,0.239883
2014,1,15,36.1615,-0.3698,0.239883
2014,1,15,36.1615,-0.3594,0.239883
2014,1,15,35.9531,-0.3698,0.239883
2014,1,15,35.9427,-0.0573,0.239883
2014,1,15,35.9323,-0.4531,0.239883
2014,1,15,35.8906,-0.5052,0.239883
2014,1,15,35.8802,-0.5677,0.239883
2014,1,15,35.8802,-0.526,0.239883
2014,1,15,35.8698,-0.5469,0.239883
2014,1,15,35.8698,-0.1094,0.239883
2014,1,15,35.8594,-0.599,0.239883
2014,1,15,35.8385,-0.651,0.239883
2014,1,15,35.8385,-0.6198,0.239883
2014,1,15,35.8385,-0.599,0.239883
2014,1,15,35.8281,-0.6615,0.239883
2014,1,15,35.8177,-0.651,0.239883
2014,1,17,37.2552,0.651,0.239883
2014,1,17,37.2552,0.6615,0.239883
2014,1,17,37.2344,0.5781,0.239883
2014,1,17,36.9219,-0.1198,0.239883
2014,1,17,36.776,-0.3281,0.239883
2014,1,17,36.7031,-0.5365,0.239883
2014,1,18,36.5365,-0.8906,0.239883
2014,1,18,36.3698,-0.7135,0.239883
2014,1,18,36.2969,-0.8802,0.239883
2014,1,18,36.276,-0.8594,0.239883
2014,1,18,35.9427,-0.849,0.239883
2014,1,18,35.9427,-0.7031,0.239883
2014,1,18,35.9427,-0.6927,0.239883
2014,1,18,35.9323,-0.7031,0.239883
2014,1,18,35.9323,-0.6927,0.239883
2014,1,18,35.9323,-0.6823,0.239883
2014,1,18,35.9219,-0.7031,0.239883
2014,1,18,35.9219,-0.6927,0.239883
2014,1,18,35.9115,-0.849,0.239883
2014,1,18,35.9115,-0.724,0.239883
2014,1,18,35.9115,-0.7031,0.239883
2014,1,18,35.901,-0.7552,0.239883
2014,1,18,35.901,-0.7135,0.239883
2014,1,18,35.901,-0.7031,0.239883
2014,1,18,35.901,-0.6927,0.239883
2014,1,18,35.8906,-0.9635,0.239883
2014,1,18,35.8906,-0.776,0.239883
2014,1,18,35.8906,-0.7656,0.239883
2014,1,18,35.8906,-0.7552,0.239883
2014,1,18,35.8906,-0.7344,0.239883
2014,1,18,35.8906,-0.7135,0.239883
2014,1,18,35.8906,-0.7031,0.239883
2014,1,18,35.8802,-0.8073,0.239883
2014,1,18,35.8802,-0.6927,0.239883
2014,1,18,35.8698,-0.9844,0.239883
2014,1,18,35.8698,-0.974,0.239883
2014,1,18,35.8594,-0.9948,0.239883
2014,1,18,35.8594,-0.9844,0.239883
2014,1,18,35.8594,-0.776,0.239883
2014,1,18,35.849,-0.9844,0.239883
2014,1,18,35.849,-0.974,0.239883
2014,1,18,35.849,-0.776,0.239883
2014,1,18,35.8385,-0.9844,0.239883
2014,1,18,35.8385,-0.8594,0.239883
2014,1,18,35.8385,-0.776,0.239883
2014,1,18,35.8281,-0.776,0.239883
2014,1,18,35.8177,-0.8073,0.239883
2014,1,18,35.8177,-0.7969,0.239883
2014,1,18,35.8177,-0.776,0.239883
2014,1,18,35.8177,-0.6823,0.239883
2014,1,18,35.8073,-0.6719,0.239883
2014,1,18,35.776,-0.9948,0.239883
2014,1,18,35.776,-0.974,0.239883
2014,1,18,35.776,-0.849,0.239883
2014,1,18,35.7656,-0.9844,0.239883
2014,1,18,35.7552,-0.9844,0.239883
2014,1,18,35.7552,-0.7031,0.239883
2014,1,18,35.724,-0.9948 *,0.239883
2014,1,18,36.6823,-0.2656,0.239883
2014,1,18,36.6719,-0.1615,0.239883
2014,1,18,36.6198,-0.599,0.239883
2014,1,18,36.6198,-0.276,0.239883
2014,1,18,36.6198,-0.1302,0.239883
2014,1,18,36.6094,-0.599,0.239883
2014,1,18,36.6094,-0.2865,0.239883
2014,1,18,36.5365,-0.3594,0.239883
2014,1,18,36.5156,-0.3698,0.239883
2014,1,18,36.4531,0.1719,0.239883
2014,1,18,36.4427,-0.4635,0.239883
2014,1,18,36.4115,-0.6406,0.239883
2014,1,18,36.2865,-0.0156,0.239883
2014,1,18,36.2865,0.0365,0.239883
2014,1,18,36.276,-0.2031,0.239883
2014,1,18,36.276,-0.0156,0.239883
2014,1,18,36.276,0.1615,0.239883
2014,1,18,36.224,0.2656,0.239883
2014,1,18,36.2135,0.2448,0.239883
2014,1,18,36.2135,0.2552,0.239883
2014,1,18,36.2031,0.2135,0.239883
2014,1,18,36.2031,0.2552,0.239883
2014,1,18,36.1927,0.2031,0.239883
2014,1,18,36.1823,0.1823,0.239883
2014,1,18,36.1719,0.1823,0.239883
2014,1,18,36.1406,-0.1094,0.239883
2014,1,18,36.1302,-0.099,0.239883
2014,1,18,36.1198,-0.1094,0.239883
2014,1,18,36.1094,-0.3594,0.239883
2014,1,18,36.099,-0.3594,0.239883
2014,1,18,36.099,-0.276,0.239883
2014,1,18,36.099,-0.2552,0.239883
2014,1,18,36.099,-0.2344,0.239883
2014,1,18,36.0885,-0.4531,0.239883
2014,1,18,36.0885,-0.2969,0.239883
2014,1,18,36.0885,-0.2448,0.239883
2014,1,18,36.0885,-0.2344,0.239883
2014,1,18,36.0885,-0.224,0.239883
2014,1,18,36.0781,-0.4635,0.239883
2014,1,18,36.0781,-0.4531,0.239883
2014,1,18,36.0781,-0.2344,0.239883
2014,1,18,36.0781,-0.1615,0.239883
2014,1,18,36.0781,-0.1406,0.239883
2014,1,18,36.0677,-0.3698,0.239883
2014,1,18,36.0677,-0.1719,0.239883
2014,1,18,36.0677,-0.151,0.239883
2014,1,18,36.0573,-0.4844,0.239883
2014,1,18,36.0573,-0.3177,0.239883
2014,1,18,36.0573,-0.3073,0.239883
2014,1,18,36.0573,-0.2969,0.239883
2014,1,18,36.0469,-0.4948,0.239883
2014,1,18,36.0469,-0.3281,0.239883
2014,1,18,36.0469,-0.224,0.239883
2014,1,18,36.0469,-0.2135,0.239883
2014,1,18,36.0469,-0.1927,0.239883
2014,1,18,36.0469,-0.1719,0.239883
2014,1,18,36.0365,-0.5052,0.239883
2014,1,18,36.0365,-0.2031,0.239883
2014,1,18,36.0365,-0.1823,0.239883
2014,1,18,36.0365,-0.1406,0.239883
2014,1,18,36.026,-0.5469,0.239883
2014,1,18,36.026,-0.3281,0.239883
2014,1,18,36.026,-0.1823,0.239883
2014,1,18,36.0156,-0.5573,0.239883
2014,1,18,36.0156,-0.3906,0.239883
2014,1,18,36.0156,-0.224,0.239883
2014,1,18,36.0156,-0.2031,0.239883
2014,1,18,36.0156,-0.1927,0.239883
2014,1,18,36.0052,-0.6302,0.239883
2014,1,18,36.0052,-0.5052,0.239883
2014,1,18,36.0052,-0.3802,0.239883
2014,1,18,36.0052,-0.3698,0.239883
2014,1,18,36.0052,-0.3594,0.239883
2014,1,18,35.9948,-0.5573,0.239883
2014,1,18,35.9948,-0.3802,0.239883
2014,1,18,35.9948,-0.3698,0.239883
2014,1,18,35.9948,-0.349,0.239883
2014,1,18,35.9844,-0.3802,0.239883
2014,1,18,35.974,-0.6198,0.239883
2014,1,18,35.974,-0.5469,0.239883
2014,1,18,35.974,-0.349,0.239883
2014,1,18,35.9531,-0.5677,0.239883
2014,1,18,35.9531,-0.3073,0.239883
2014,1,18,35.9323,-0.6302,0.239883
2014,1,18,35.9323,-0.6198,0.239883
2014,1,18,35.9323,-0.4635,0.239883
2014,1,18,35.9323,-0.4115,0.239883
2014,1,18,35.9323,-0.3073,0.239883
2014,1,18,35.9323,-0.276,0.239883
2014,1,18,35.9219,-0.6094,0.239883
2014,1,18,35.9219,-0.3281,0.239883
2014,1,18,35.9115,-0.651,0.239883
2014,1,18,35.9115,-0.599,0.239883
2014,1,18,35.9115,-0.401,0.239883
2014,1,18,35.901,-0.5885,0.239883
2014,1,18,35.8906,-0.5052,0.239883
2014,1,18,35.8802,-0.5781,0.239883
2014,1,18,35.849,-0.2552,0.239883
2014,1,18,35.8073,-0.5469,0.239883
2014,1,18,35.7969,-0.6615,0.239883
2014,1,18,35.7969,-0.526,0.239883
2014,1,20,36.0781,-0.8073,0.239883
2014,1,20,36.0781,-0.7448,0.239883
2014,1,20,36.0677,-0.974,0.239883
2014,1,20,36.0365,-0.7031,0.239883
2014,1,20,36.026,-0.6927,0.239883
2014,1,20,36.0052,-0.901,0.239883
2014,1,20,36.0052,-0.7031,0.239883
2014,1,20,36.0052,-0.6927,0.239883
2014,1,20,35.974,-0.9115,0.239883
2014,1,20,35.974,-0.8906,0.239883
2014,1,20,35.9635,-0.8281,0.239883
2014,1,20,35.9635,-0.7865,0.239883
2014,1,20,35.9531,-0.7969,0.239883
2014,1,20,35.9531,-0.7344,0.239883
2014,1,20,35.9531,-0.724,0.239883
2014,1,20,35.9427,-0.901,0.239883
2014,1,20,35.9427,-0.7135,0.239883
2014,1,20,35.9427,-0.6927,0.239883
2014,1,20,35.9323,-0.9427,0.239883
2014,1,20,35.9323,-0.9115,0.239883
2014,1,20,35.9323,-0.7552,0.239883
2014,1,20,35.9323,-0.7031,0.239883
2014,1,20,35.9219,-0.9531,0.239883
2014,1,20,35.9115,-0.974,0.239883
2014,1,20,35.901,-0.9427,0.239883
2014,1,20,35.901,-0.8906,0.239883
2014,1,20,35.901,-0.7656,0.239883
2014,1,20,35.8906,-0.9844,0.239883
2014,1,20,35.8906,-0.9635,0.239883
2014,1,20,35.8906,-0.9531,0.239883
2014,1,20,35.849,-0.776,0.239883
2014,1,20,35.8177,-0.901,0.239883
2014,1,20,37.2135,0.9323,0.239883
2014,1,20,37.1615,0.901,0.239883
2014,1,20,37.0573,0.7552,0.239883
2014,1,20,36.9427,0.9323,0.239883
2014,1,20,36.6406,0.9635,0.239883
2014,1,20,36.599,0.9427,0.239883
2014,1,20,36.5365,0.849,0.239883
2014,1,20,36.526,0.5156,0.239883
2014,1,20,36.526,0.5365,0.239883
2014,1,20,36.5052,0.151,0.239883
2014,1,20,36.4948,0.4531,0.239883
2014,1,20,36.4844,-0.3385,0.239883
2014,1,20,36.3594,-0.2656,0.239883
2014,1,20,36.349,0.0885,0.239883
2014,1,20,36.2656,-0.3802,0.239883
2014,1,20,36.2031,-0.6302,0.239883
2014,1,20,36.2031,-0.349,0.239883
2014,1,20,36.1927,-0.3385,0.239883
2014,1,20,36.1719,0.0469,0.239883
2014,1,20,36.1615,-0.3906,0.239883
2014,1,20,36.1615,-0.3281,0.239883
2014,1,20,36.1615,-0.3073,0.239883
2014,1,20,36.1615,-0.1615,0.239883
2014,1,20,36.1406,-0.3073,0.239883
2014,1,20,36.1406,-0.2656,0.239883
2014,1,20,36.1198,-0.2969,0.239883
2014,1,20,36.1198,-0.224,0.239883
2014,1,20,36.1094,-0.2135,0.239883
2014,1,20,36.0885,-0.5885,0.239883
2014,1,20,36.0885,-0.224,0.239883
2014,1,20,36.0781,-0.0677,0.239883
2014,1,20,36.0677,-0.5781,0.239883
2014,1,20,36.0677,-0.4635,0.239883
2014,1,20,36.0573,-0.474,0.239883
2014,1,20,36.0573,-0.4635,0.239883
2014,1,20,36.0573,-0.3698,0.239883
2014,1,20,36.0469,-0.3073,0.239883
2014,1,20,36.0469,-0.2135,0.239883
2014,1,20,36.0365,-0.526,0.239883
2014,1,20,36.0365,-0.2135,0.239883
2014,1,20,36.026,-0.5885,0.239883
2014,1,20,36.026,-0.5677,0.239883
2014,1,20,36.0156,-0.5573,0.239883
2014,1,20,36.0156,-0.151,0.239883
2014,1,20,36.0052,-0.5573,0.239883
2014,1,20,35.9844,-0.2656,0.239883
2014,1,20,35.974,-0.6198,0.239883
2014,1,20,35.974,-0.599,0.239883
2014,1,20,35.974,-0.5781,0.239883
2014,1,20,35.974,-0.5677,0.239883
2014,1,20,35.974,-0.5573,0.239883
2014,1,20,35.974,-0.3594,0.239883
2014,1,20,35.974,-0.349,0.239883
2014,1,20,35.974,-0.3177,0.239883
2014,1,20,35.9635,-0.6302,0.239883
2014,1,20,35.9635,-0.6198,0.239883
2014,1,20,35.9635,-0.6094,0.239883
2014,1,20,35.9635,-0.5885,0.239883
2014,1,20,35.9635,-0.5781,0.239883
2014,1,20,35.9531,-0.6094,0.239883
2014,1,20,35.9427,-0.6198,0.239883
2014,1,20,35.7344,-0.651,0.239883
2014,1,21,36.5365,-0.776,0.239883
2014,1,21,36.5365,-0.7656,0.239883
2014,1,21,36.5365,-0.7552,0.239883
2014,1,21,36.5365,-0.7448,0.239883
2014,1,21,36.5365,-0.7344,0.239883
2014,1,21,36.526,-0.849,0.239883
2014,1,21,36.526,-0.8073,0.239883
2014,1,21,36.5052,-0.7135,0.239883
2014,1,21,36.5052,-0.7031,0.239883
2014,1,21,36.5052,-0.6927,0.239883
2014,1,21,36.5052,-0.6823,0.239883
2014,1,21,36.5052,-0.6719,0.239883
2014,1,21,36.474,-0.7448,0.239883
2014,1,21,36.474,-0.7344,0.239883
2014,1,21,36.1094,-0.9115,0.239883
2014,1,21,36.1094,-0.8906,0.239883
2014,1,21,36.099,-0.9323,0.239883
2014,1,21,36.0885,-0.9219,0.239883
2014,1,21,37.1302,0.7448,0.239883
2014,1,21,37.1198,0.6823,0.239883
2014,1,21,37.1094,0.6823,0.239883
2014,1,21,37.0781,0.7656,0.239883
2014,1,21,37.0573,0.8177,0.239883
2014,1,21,36.5052,-0.651,0.239883
2014,1,21,36.4115,-0.6198,0.239883
2014,1,21,36.401,-0.6406,0.239883
2014,1,21,36.401,-0.6302,0.239883
2014,1,21,36.401,-0.6198,0.239883
2014,1,21,36.3802,-0.6615,0.239883
2014,1,23,36.5365,-0.7969,0.239883
2014,1,23,36.5365,-0.6719,0.239883
2014,1,23,36.4948,-0.7969,0.239883
2014,1,23,36.4948,-0.7865,0.239883
2014,1,23,36.474,-0.7552,0.239883
2014,1,23,36.474,-0.7448,0.239883
2014,1,23,36.4531,-0.7552,0.239883
2014,1,23,36.4427,-0.776,0.239883
2014,1,23,36.4427,-0.7656,0.239883
2014,1,23,36.4115,-0.7656,0.239883
2014,1,23,36.3177,-0.7656,0.239883
2014,1,23,36.2969,-0.776,0.239883
2014,1,23,36.2656,-0.8281,0.239883
2014,1,23,36.2656,-0.8177,0.239883
2014,1,23,36.2656,-0.7656,0.239883
2014,1,23,36.2552,-0.7865,0.239883
2014,1,23,36.2552,-0.7656,0.239883
2014,1,23,36.2448,-0.7865,0.239883
2014,1,23,36.224,-0.7969,0.239883
2014,1,23,36.224,-0.7656,0.239883
2014,1,23,37.0885,0.276,0.239883
2014,1,23,37.0781,0.276,0.239883
2014,1,23,37.0677,0.2552,0.239883
2014,1,23,36.6406,-0.1823,0.239883
2014,1,23,36.6406,-0.1719,0.239883
2014,1,23,36.5573,0.0885,0.239883
2014,1,23,36.4427,-0.5052,0.239883
2014,1,24,36.849,0.5885,0.239883
2014,1,24,36.776,0.5052,0.239883
2014,1,24,36.7448,0.4323,0.239883
2014,1,24,36.7448,0.4531,0.239883
2014,1,24,36.7448,0.4635,0.239883
2014,1,24,36.724,0.4115,0.239883
2014,1,26,36.4948,-0.9115,0.239883
2014,1,26,36.7552,0.4323,0.239883
2014,1,26,36.7344,0.401,0.239883
2014,1,26,36.7344,0.4115,0.239883
2014,1,26,36.5677,0.8594,0.239883
2014,1,26,36.5573,0.8594,0.239883
2014,1,26,36.5469,0.8594,0.239883
2014,1,26,36.5469,0.8698,0.239883
2014,1,26,36.5365,0.8698,0.239883
2014,1,26,36.5156,0.849,0.239883
2014,1,26,36.474,0.7135,0.239883
2014,1,26,36.474,0.7344,0.239883
2014,1,26,36.474,0.7656,0.239883
2014,1,26,36.474,0.776,0.239883
2014,1,26,36.4635,0.7135,0.239883
2014,1,26,36.4323,0.7031,0.239883
2014,1,26,36.4323,0.7135,0.239883
2014,1,26,36.3281,0.1823,0.239883
2014,1,26,36.3281,0.2031,0.239883
2014,1,26,36.3073,0.2344,0.239883
2014,1,26,36.2969,0.2344,0.239883
2014,1,26,36.2865,0.2344,0.239883
2014,1,26,36.276,0.2344,0.239883
2014,1,26,36.2552,-0.0156,0.239883
2014,1,26,36.2344,0.2344,0.239883
2014,1,26,36.1719,-0.2135,0.239883
2014,1,26,36.1302,-0.2656,0.239883
2014,1,26,35.9115,-0.3281,0.239883
2014,1,27,35.9948,-0.6719,0.239883
2014,1,27,36.3177,0.2552,0.239883
2014,1,27,36.3073,0.2344,0.239883
2014,1,27,36.3073,0.2448,0.239883
2014,1,27,36.2969,0.2344,0.239883
2014,1,27,36.2969,0.2448,0.239883
2014,1,27,36.2969,0.2552,0.239883
2014,1,27,36.2969,0.2656,0.239883
2014,1,27,36.2969,0.2865,0.239883
2014,1,27,36.2865,0.2344,0.239883
2014,1,27,36.2865,0.2656,0.239883
2014,1,27,36.2865,0.276,0.239883
2014,1,27,36.276,0.1927,0.239883
2014,1,27,36.276,0.2344,0.239883
2014,1,27,36.276,0.2448,0.239883
2014,1,27,36.276,0.276,0.239883
2014,1,27,36.2656,0.1823,0.239883
2014,1,27,36.2656,0.2344,0.239883
2014,1,27,36.2552,0.2135,0.239883
2014,1,27,36.2552,0.224,0.239883
2014,1,27,36.2552,0.276,0.239883
2014,1,27,36.2448,0.1615,0.239883
2014,1,27,36.2448,0.1927,0.239883
2014,1,27,36.2448,0.2031,0.239883
2014,1,27,36.2448,0.2135,0.239883
2014,1,27,36.2448,0.2656,0.239883
2014,1,27,36.2344,0.151,0.239883
2014,1,27,36.2344,0.1927,0.239883
2014,1,27,36.1927,0.0677,0.239883
2014,1,27,36.0156,-0.2865,0.239883
2014,1,27,35.9948,-0.526,0.239883
2014,1,27,35.9844,-0.2656,0.239883
2014,1,27,35.9844,-0.2448,0.239883
2014,1,27,35.9844,-0.2344,0.239883
2014,1,27,35.9844,-0.224,0.239883
2014,1,27,35.974,-0.5469,0.239883
2014,1,27,35.974,-0.2865,0.239883
2014,1,27,35.974,-0.224,0.239883
2014,1,27,35.9635,-0.526,0.239883
2014,1,27,35.9635,-0.3073,0.239883
2014,1,27,35.9427,-0.6198,0.239883
2014,1,27,35.9323,-0.1094,0.239883
2014,1,27,35.9115,-0.5365,0.239883
2014,1,27,35.901,-0.5573,0.239883
2014,1,27,35.8802,-0.6615,0.239883
2014,1,27,35.8385,-0.5469,0.239883
2014,1,28,36.6094,-0.9323,0.239883
2014,1,28,36.5885,-0.9844,0.239883
2014,1,28,36.5781,-0.9948,0.239883
2014,1,28,36.5677,-1.0052,0.239883
2014,1,28,36.5677,-0.9948,0.239883
2014,1,28,36.5677,-0.9844,0.239883
2014,1,28,36.5573,-1.0052,0.239883
2014,1,28,36.5365,-1.0052,0.239883
2014,1,28,36.7969,0.9635,0.239883
2014,1,28,36.7865,0.9948,0.239883
2014,1,28,36.776,0.9531,0.239883
2014,1,28,36.7656,0.9531,0.239883
2014,1,28,36.7448,0.8802,0.239883
2014,1,28,36.7344,-0.3594,0.239883
2014,1,28,36.724,0.849,0.239883
2014,1,28,36.6927,0.7969,0.239883
2014,1,28,36.6823,0.7656,0.239883
2014,1,28,36.6719,0.724,0.239883
2014,1,28,36.6198,0.4635,0.239883
2014,1,28,36.6198,0.474,0.239883
2014,1,28,36.6198,0.4844,0.239883
2014,1,28,36.6198,0.5052,0.239883
2014,1,28,36.6198,0.5156,0.239883
2014,1,28,36.6198,0.526,0.239883
2014,1,28,36.6198,0.5469,0.239883
2014,1,28,36.6198,0.5677,0.239883
2014,1,28,36.6198,0.5885,0.239883
2014,1,28,36.6094,0.4323,0.239883
2014,1,28,36.6094,0.4427,0.239883
2014,1,28,36.6094,0.4635,0.239883
2014,1,28,36.6094,0.5573,0.239883
2014,1,28,36.6094,0.5885,0.239883
2014,1,28,36.599,0.474,0.239883
2014,1,30,35.9427,-0.8698,0.239883
2014,1,30,35.9323,-0.8281,0.239883
2014,1,30,35.9115,-0.849,0.239883
2014,1,30,35.8802,-0.901,0.239883
2014,1,30,35.8802,-0.6719,0.239883
2014,1,30,35.849,-0.8177,0.239883
2014,1,30,35.8385,-0.9427,0.239883
2014,1,30,35.8281,-0.9427,0.239883
2014,1,30,35.8177,-0.9531,0.239883
2014,1,30,35.8073,-0.9844,0.239883
2014,1,30,36.6615,0.8385,0.239883
2014,1,30,36.6615,0.9948,0.239883
2014,1,30,36.651,0.974,0.239883
2014,1,30,36.651,0.9844,0.239883
2014,1,30,36.651,0.9948,0.239883
2014,1,30,36.6198,0.9635,0.239883
2014,1,30,36.6198,0.9948,0.239883
2014,1,30,36.5885,0.9427,0.239883
2014,1,30,36.5885,0.9531,0.239883
2014,1,30,36.5885,0.9635,0.239883
2014,1,30,36.5781,0.9323,0.239883
2014,1,30,36.5781,0.9427,0.239883
2014,1,30,36.5781,0.9635,0.239883
2014,1,30,36.5677,0.9427,0.239883
2014,1,30,36.5677,0.9531,0.239883
2014,1,30,36.5677,0.9635,0.239883
2014,1,30,36.5573,0.9427,0.239883
2014,1,30,36.3281,0.2552,0.239883
2014,1,30,36.3073,0.2656,0.239883
2014,1,30,36.2969,0.2135,0.239883
2014,1,30,36.2865,0.2031,0.239883
2014,1,30,36.2865,0.224,0.239883
2014,1,30,36.2865,0.2552,0.239883
2014,1,30,36.2865,0.2656,0.239883
2014,1,30,36.2865,0.276,0.239883
2014,1,30,36.276,0.2135,0.239883
2014,1,30,36.276,0.2344,0.239883
2014,1,30,36.276,0.2552,0.239883
2014,1,30,36.276,0.2656,0.239883
2014,1,30,36.276,0.276,0.239883
2014,1,30,36.276,0.2865,0.239883
2014,1,30,36.2656,0.1719,0.239883
2014,1,30,36.2656,0.1823,0.239883
2014,1,30,36.2656,0.1927,0.239883
2014,1,30,36.2656,0.2656,0.239883
2014,1,30,36.2656,0.276,0.239883
2014,1,30,36.2448,0.1406,0.239883
2014,1,30,36.2448,0.2344,0.239883
2014,1,30,36.224,0.1094,0.239883
2014,1,30,36.224,0.1198,0.239883
2014,1,30,36.2135,0.0677,0.239883
2014,1,30,36.2135,0.1927,0.239883
2014,1,30,36.2031,0.026,0.239883
2014,1,30,36.2031,0.0781,0.239883
2014,1,30,36.1927,-0.0156,0.239883
2014,1,30,36.1927,0.151,0.239883
2014,1,30,36.1927,0.1615,0.239883
2014,1,30,36.1823,-0.0052,0.239883
2014,1,30,36.1823,0.0052,0.239883
2014,1,30,36.1719,-0.1823,0.239883
2014,1,30,36.1719,-0.1302,0.239883
2014,1,30,36.1719,-0.1198,0.239883
2014,1,30,36.1719,-0.0781,0.239883
2014,1,30,36.1719,-0.0677,0.239883
2014,1,30,36.1615,-0.0885,0.239883
2014,1,30,36.151,0.0781,0.239883
2014,1,30,36.1406,-0.1198,0.239883
2014,1,30,36.1302,-0.2135,0.239883
2014,1,30,36.1198,-0.1615,0.239883
2014,1,30,36.1198,-0.1406,0.239883
2014,1,30,36.099,-0.3802,0.239883
2014,1,30,36.099,-0.3385,0.239883
2014,1,30,36.099,-0.2031,0.239883
2014,1,30,36.099,0.0469,0.239883
2014,1,30,36.0885,-0.4115,0.239883
2014,1,30,36.0781,0.0052,0.239883
2014,1,30,36.0573,-0.5365,0.239883
2014,1,30,36.0573,-0.5156,0.239883
2014,1,30,36.0573,-0.4115,0.239883
2014,1,30,36.0573,-0.3073,0.239883
2014,1,30,36.0469,-0.0365,0.239883
2014,1,31,36.5469,-0.849,0.239883
2014,1,31,36.5156,-0.849,0.239883
2014,1,31,36.5052,-0.849,0.239883
2014,1,31,36.4635,-0.8906,0.239883
2014,1,31,36.4115,-0.849,0.239883
2014,1,31,36.3698,-0.901,0.239883
2014,1,31,36.2656,-0.9948,0.239883
2014,1,31,36.2552,-0.9219,0.239883
2014,1,31,36.5156,-0.4635,0.239883
2014,1,31,36.4531,-0.4844,0.239883
2014,1,31,36.4427,-0.5156,0.239883
2014,1,31,36.3906,-0.3281,0.239883
2014,1,31,36.3385,-0.2448,0.239883
2014,1,31,36.2656,0.151,0.239883
2014,1,31,36.2552,0.1615,0.239883
2014,1,31,36.224,0.2552,0.239883
2014,1,31,36.0573,-0.1719,0.239883
2014,1,31,36.0469,-0.0885,0.239883
2014,1,31,36.0365,-0.3073,0.239883
2014,1,31,36.026,-0.1302,0.239883
2014,1,31,36.0156,-0.5052,0.239883
2014,1,1,36.4844,-0.6927,0.248313
2014,1,1,36.4844,-0.6719,0.248313
2014,1,1,36.474,-0.7656,0.248313
2014,1,1,36.1927,-0.7031,0.248313
2014,1,1,36.1823,-0.7031,0.248313
2014,1,1,36.1719,-0.724,0.248313
2014,1,1,36.1615,-0.7448,0.248313
2014,1,1,36.099,-0.849,0.248313
2014,1,1,37.1302,0.4323,0.248313
2014,1,1,37.1198,0.349,0.248313
2014,1,1,37.1198,0.3698,0.248313
2014,1,1,37.1094,0.3698,0.248313
2014,1,1,37.1094,0.3802,0.248313
2014,1,1,37.0885,0.4115,0.248313
2014,1,1,37.0573,0.474,0.248313
2014,1,1,37.0052,0.5573,0.248313
2014,1,1,36.901,0.9948,0.248313
2014,1,1,36.8698,0.8073,0.248313
2014,1,1,36.8281,-0.276,0.248313
2014,1,1,36.7031,0.9635,0.248313
2014,1,1,36.6927,-0.5573,0.248313
2014,1,1,36.651,-0.6198,0.248313
2014,1,1,36.651,-0.5052,0.248313
2014,1,1,36.6406,-0.5052,0.248313
2014,1,1,36.6302,-0.5469,0.248313
2014,1,1,36.6302,-0.5365,0.248313
2014,1,1,36.6302,-0.526,0.248313
2014,1,1,36.6302,-0.5156,0.248313
2014,1,1,36.6302,-0.4948,0.248313
2014,1,1,36.6198,-0.5677,0.248313
2014,1,1,36.6198,-0.5469,0.248313
2014,1,1,36.6198,-0.4948,0.248313
2014,1,1,36.5677,-0.5365,0.248313
2014,1,1,36.5573,0.1198,0.248313
2014,1,1,36.5365,0.1615,0.248313
2014,1,1,36.5365,0.2344,0.248313
2014,1,1,36.5365,0.6198,0.248313
2014,1,1,36.526,0.1302,0.248313
2014,1,1,36.526,0.1615,0.248313
2014,1,1,36.5156,0.1198,0.248313
2014,1,1,36.5156,0.1302,0.248313
2014,1,1,36.5156,0.1406,0.248313
2014,1,1,36.5156,0.151,0.248313
2014,1,1,36.5156,0.1615,0.248313
2014,1,1,36.5156,0.1927,0.248313
2014,1,1,36.5156,0.224,0.248313
2014,1,1,36.5052,-0.6302,0.248313
2014,1,1,36.5052,-0.6198,0.248313
2014,1,1,36.4948,-0.6615,0.248313
2014,1,1,36.4948,0.1302,0.248313
2014,1,1,36.4844,0.1406,0.248313
2014,1,1,36.474,0.151,0.248313
2014,1,1,36.4635,0.1615,0.248313
2014,1,1,36.4635,0.2031,0.248313
2014,1,1,36.4635,0.2135,0.248313
2014,1,1,36.4531,0.1406,0.248313
2014,1,1,36.4531,0.151,0.248313
2014,1,1,36.4531,0.1615,0.248313
2014,1,1,36.4531,0.2031,0.248313
2014,1,1,36.4531,0.4948,0.248313
2014,1,1,36.4427,0.1302,0.248313
2014,1,1,36.3698,-0.1094,0.248313
2014,1,1,36.3698,-0.0781,0.248313
2014,1,1,36.3594,-0.2969,0.248313
2014,1,1,36.3594,-0.2865,0.248313
2014,1,1,36.3594,-0.2656,0.248313
2014,1,1,36.3594,-0.2344,0.248313
2014,1,1,36.3594,-0.1302,0.248313
2014,1,1,36.3594,-0.0885,0.248313
2014,1,1,36.3594,-0.0677,0.248313
2014,1,1,36.349,-0.3073,0.248313
2014,1,1,36.3177,-0.401,0.248313
2014,1,1,36.2865,-0.1198,0.248313
2014,1,1,36.276,-0.1302,0.248313
2014,1,1,36.2656,-0.1198,0.248313
2014,1,1,36.2552,-0.1198,0.248313
2014,1,1,36.2344,-0.1094,0.248313
2014,1,1,36.224,-0.651,0.248313
2014,1,1,36.1927,-0.6198,0.248313
2014,1,4,37.2031,0.6615,0.248313
2014,1,4,37.151,0.6615,0.248313
2014,1,4,37.0885,0.6198,0.248313
2014,1,4,37.0365,0.1719,0.248313
2014,1,4,37.0052,0.474,0.248313
2014,1,4,37.0052,0.5885,0.248313
2014,1,4,36.974,0.4219,0.248313
2014,1,6,36.8802,-0.1094,0.248313
2014,1,7,36.599,-0.2344,0.248313
2014,1,8,36.9427,-0.0573,0.248313
2014,1,8,36.9323,-0.0677,0.248313
2014,1,8,36.9219,-0.0365,0.248313
2014,1,8,36.8802,0.151,0.248313
2014,1,8,36.7656,0.0885,0.248313
2014,1,8,36.7344,0.0781,0.248313
2014,1,8,36.7135,0.0677,0.248313
2014,1,8,36.5052,-0.0885,0.248313
2014,1,8,36.4323,-0.151,0.248313
2014,1,8,36.4115,-0.1823,0.248313
2014,1,8,36.401,-0.1823,0.248313
2014,1,8,36.3906,-0.224,0.248313
2014,1,8,36.3698,-0.2552,0.248313
2014,1,8,36.3594,-0.2865,0.248313
2014,1,8,36.3385,-0.3385,0.248313
2014,1,8,36.3385,-0.3281,0.248313
2014,1,8,36.3281,-0.4115,0.248313
2014,1,8,36.3281,-0.401,0.248313
2014,1,8,36.3177,-0.4323,0.248313
2014,1,8,36.3177,-0.4219,0.248313
2014,1,8,36.3177,-0.3906,0.248313
2014,1,8,36.2031,-0.5365,0.248313
2014,1,9,36.7552,-0.2865,0.248313
2014,1,15,36.1719,-0.9427,0.248313
2014,1,15,36.1615,-0.974,0.248313
2014,1,15,36.1615,-0.9531,0.248313
2014,1,15,36.1615,-0.7656,0.248313
2014,1,15,36.151,-0.8594,0.248313
2014,1,15,36.1406,-0.9323,0.248313
2014,1,15,36.1406,-0.9115,0.248313
2014,1,15,36.1406,-0.901,0.248313
2014,1,15,36.1406,-0.8073,0.248313
2014,1,15,36.1406,-0.7969,0.248313
2014,1,15,36.1302,-0.901,0.248313
2014,1,15,36.1302,-0.8698,0.248313
2014,1,15,36.1198,-0.849,0.248313
2014,1,15,35.9844,-0.7969,0.248313
2014,1,15,35.9635,-0.7656,0.248313
2014,1,15,35.9635,-0.7031,0.248313
2014,1,15,35.9531,-0.8073,0.248313
2014,1,15,35.9323,-0.7344,0.248313
2014,1,15,35.9323,-0.7135,0.248313
2014,1,15,35.8385,-0.7031,0.248313
2014,1,15,35.8385,-0.6927,0.248313
2014,1,15,35.8385,-0.6823,0.248313
2014,1,15,35.8385,-0.6719,0.248313
2014,1,15,35.8281,-0.7031,0.248313
2014,1,15,35.8281,-0.6927,0.248313
2014,1,15,35.8281,-0.6719,0.248313
2014,1,15,35.8073,-0.6927,0.248313
2014,1,15,35.8073,-0.6719,0.248313
2014,1,15,35.7969,-0.6927,0.248313
2014,1,15,35.7969,-0.6719,0.248313
2014,1,15,35.7865,-0.6719,0.248313
2014,1,15,37.2031,0.7344,0.248313
2014,1,15,36.974,0.0052,0.248313
2014,1,15,36.8906,-0.2552,0.248313
2014,1,15,36.724,-0.276,0.248313
2014,1,15,36.724,-0.1302,0.248313
2014,1,15,36.724,-0.099,0.248313
2014,1,15,36.7031,-0.5469,0.248313
2014,1,15,36.6927,-0.5677,0.248313
2014,1,15,36.5677,-0.3802,0.248313
2014,1,15,36.2969,-0.5469,0.248313
2014,1,15,36.2865,-0.5365,0.248313
2014,1,15,36.276,-0.6406,0.248313
2014,1,15,36.276,-0.526,0.248313
2014,1,15,36.276,-0.5052,0.248313
2014,1,15,36.2552,-0.474,0.248313
2014,1,15,36.2448,-0.6406,0.248313
2014,1,15,36.2448,-0.4427,0.248313
2014,1,15,36.2448,-0.4323,0.248313
2014,1,15,36.2344,-0.4531,0.248313
2014,1,15,36.2344,-0.4427,0.248313
2014,1,15,36.2031,-0.5885,0.248313
2014,1,15,36.2031,-0.5469,0.248313
2014,1,15,36.2031,-0.4115,0.248313
2014,1,15,36.1927,-0.5573,0.248313
2014,1,15,36.1719,-0.651,0.248313
2014,1,15,36.1719,-0.6302,0.248313
2014,1,15,36.1719,-0.5573,0.248313
2014,1,15,36.1719,-0.3906,0.248313
2014,1,15,36.1719,-0.3802,0.248313
2014,1,15,35.9844,-0.2865,0.248313
2014,1,15,35.9844,-0.276,0.248313
2014,1,15,35.9844,-0.0156,0.248313
2014,1,15,35.974,-0.4427,0.248313
2014,1,15,35.9427,-0.0365,0.248313
2014,1,15,35.9323,-0.0677,0.248313
2014,1,15,35.8906,-0.5156,0.248313
2014,1,15,35.8906,-0.1823,0.248313
2014,1,15,35.8802,-0.5573,0.248313
2014,1,15,35.8802,-0.5156,0.248313
2014,1,15,35.8698,-0.5781,0.248313
2014,1,15,35.849,-0.651,0.248313
2014,1,15,35.849,-0.6406,0.248313
2014,1,15,35.849,-0.6302,0.248313
2014,1,15,35.849,-0.6094,0.248313
2014,1,15,35.849,-0.599,0.248313
2014,1,15,35.7969,-0.6615,0.248313
2014,1,17,36.224,-0.9635,0.248313
2014,1,17,37.2552,0.6406,0.248313
2014,1,17,37.2448,0.6302,0.248313
2014,1,17,36.7865,-0.4635,0.248313
2014,1,17,36.724,-0.4635,0.248313
2014,1,17,36.7031,-0.4844,0.248313
2014,1,17,36.7031,-0.474,0.248313
2014,1,17,36.6719,-0.5469,0.248313
2014,1,18,36.526,-0.8906,0.248313
2014,1,18,36.4115,-0.6719,0.248313
2014,1,18,36.3594,-0.7135,0.248313
2014,1,18,36.349,-0.8385,0.248313
2014,1,18,36.0365,-0.8385,0.248313
2014,1,18,36.0365,-0.8177,0.248313
2014,1,18,35.9635,-0.849,0.248313
2014,1,18,35.9635,-0.8385,0.248313
2014,1,18,35.9635,-0.7135,0.248313
2014,1,18,35.9531,-0.8385,0.248313
2014,1,18,35.9531,-0.724,0.248313
2014,1,18,35.9531,-0.7135,0.248313
2014,1,18,35.9531,-0.6927,0.248313
2014,1,18,35.9427,-0.7448,0.248313
2014,1,18,35.9427,-0.724,0.248313
2014,1,18,35.9427,-0.7135,0.248313
2014,1,18,35.9427,-0.6823,0.248313
2014,1,18,35.9323,-0.724,0.248313
2014,1,18,35.9323,-0.7135,0.248313
2014,1,18,35.9323,-0.6719,0.248313
2014,1,18,35.9219,-0.7969,0.248313
2014,1,18,35.9219,-0.7865,0.248313
2014,1,18,35.9219,-0.724,0.248313
2014,1,18,35.9115,-0.7969,0.248313
2014,1,18,35.9115,-0.7865,0.248313
2014,1,18,35.9115,-0.776,0.248313
2014,1,18,35.9115,-0.7656,0.248313
2014,1,18,35.9115,-0.7552,0.248313
2014,1,18,35.9115,-0.7448,0.248313
2014,1,18,35.9115,-0.7135,0.248313
2014,1,18,35.9115,-0.6927,0.248313
2014,1,18,35.9115,-0.6823,0.248313
2014,1,18,35.901,-0.7969,0.248313
2014,1,18,35.901,-0.7865,0.248313
2014,1,18,35.901,-0.776,0.248313
2014,1,18,35.901,-0.7656,0.248313
2014,1,18,35.901,-0.724,0.248313
2014,1,18,35.901,-0.6823,0.248313
2014,1,18,35.8906,-0.8177,0.248313
2014,1,18,35.8906,-0.8073,0.248313
2014,1,18,35.8906,-0.7448,0.248313
2014,1,18,35.8906,-0.724,0.248313
2014,1,18,35.8802,-0.9948,0.248313
2014,1,18,35.8802,-0.9844,0.248313
2014,1,18,35.8802,-0.7969,0.248313
2014,1,18,35.8802,-0.7865,0.248313
2014,1,18,35.8802,-0.776,0.248313
2014,1,18,35.8802,-0.7031,0.248313
2014,1,18,35.8698,-0.6927,0.248313
2014,1,18,35.8594,-0.974,0.248313
2014,1,18,35.8281,-0.9531,0.248313
2014,1,18,35.8281,-0.7031,0.248313
2014,1,18,35.8073,-0.9531,0.248313
2014,1,18,35.7865,-0.8073,0.248313
2014,1,18,35.7656,-0.974,0.248313
2014,1,18,35.7656,-0.8802,0.248313
2014,1,18,35.7656,-0.6823,0.248313
2014,1,18,35.7552,-0.974,0.248313
2014,1,18,36.8073,-0.3073,0.248313
2014,1,18,36.7031,-0.1406,0.248313
2014,1,18,36.7031,-0.1198,0.248313
2014,1,18,36.651,-0.276,0.248313
2014,1,18,36.6406,-0.5885,0.248313
2014,1,18,36.6406,-0.276,0.248313
2014,1,18,36.6094,-0.2552,0.248313
2014,1,18,36.5885,-0.2865,0.248313
2014,1,18,36.5781,-0.2865,0.248313
2014,1,18,36.5052,0.1615,0.248313
2014,1,18,36.4531,-0.474,0.248313
2014,1,18,36.4531,-0.4531,0.248313
2014,1,18,36.4323,-0.651,0.248313
2014,1,18,36.4219,-0.6615,0.248313
2014,1,18,36.2969,-0.0156,0.248313
2014,1,18,36.2865,-0.0365,0.248313
2014,1,18,36.276,-0.0469,0.248313
2014,1,18,36.276,-0.0365,0.248313
2014,1,18,36.2656,-0.0365,0.248313
2014,1,18,36.2656,-0.026,0.248313
2014,1,18,36.2552,-0.0469,0.248313
2014,1,18,36.224,0.1927,0.248313
2014,1,18,36.224,0.2031,0.248313
2014,1,18,36.2135,0.224,0.248313
2014,1,18,36.2031,0.224,0.248313
2014,1,18,36.1719,-0.0052,0.248313
2014,1,18,36.1719,0.2031,0.248313
2014,1,18,36.1615,0.026,0.248313
2014,1,18,36.151,-0.1198,0.248313
2014,1,18,36.151,-0.099,0.248313
2014,1,18,36.1406,-0.2031,0.248313
2014,1,18,36.1406,-0.1927,0.248313
2014,1,18,36.1406,-0.1302,0.248313
2014,1,18,36.1406,-0.1198,0.248313
2014,1,18,36.1406,0.1927,0.248313
2014,1,18,36.1302,-0.2031,0.248313
2014,1,18,36.1302,-0.1406,0.248313
2014,1,18,36.1302,-0.0573,0.248313
2014,1,18,36.1302,-0.0469,0.248313
2014,1,18,36.1198,-0.1927,0.248313
2014,1,18,36.1198,-0.1406,0.248313
2014,1,18,36.1094,-0.2552,0.248313
2014,1,18,36.1094,-0.2344,0.248313
2014,1,18,36.099,-0.2865,0.248313
2014,1,18,36.099,-0.2448,0.248313
2014,1,18,36.099,-0.2135,0.248313
2014,1,18,36.0885,-0.2135,0.248313
2014,1,18,36.0885,-0.1823,0.248313
2014,1,18,36.0885,-0.1615,0.248313
2014,1,18,36.0885,-0.151,0.248313
2014,1,18,36.0781,-0.474,0.248313
2014,1,18,36.0781,-0.224,0.248313
2014,1,18,36.0781,-0.2135,0.248313
2014,1,18,36.0781,-0.151,0.248313
2014,1,18,36.0677,-0.474,0.248313
2014,1,18,36.0677,-0.4323,0.248313
2014,1,18,36.0677,-0.3802,0.248313
2014,1,18,36.0677,-0.3177,0.248313
2014,1,18,36.0677,-0.2448,0.248313
2014,1,18,36.0677,-0.2031,0.248313
2014,1,18,36.0677,-0.1927,0.248313
2014,1,18,36.0677,-0.1198,0.248313
2014,1,18,36.0573,-0.5052,0.248313
2014,1,18,36.0573,-0.4948,0.248313
2014,1,18,36.0573,-0.474,0.248313
2014,1,18,36.0573,-0.4635,0.248313
2014,1,18,36.0573,-0.3281,0.248313
2014,1,18,36.0573,-0.2656,0.248313
2014,1,18,36.0573,-0.2031,0.248313
2014,1,18,36.0573,-0.1927,0.248313
2014,1,18,36.0573,-0.151,0.248313
2014,1,18,36.0573,-0.1302,0.248313
2014,1,18,36.0469,-0.5052,0.248313
2014,1,18,36.0469,-0.3385,0.248313
2014,1,18,36.0469,-0.3177,0.248313
2014,1,18,36.0469,-0.1615,0.248313
2014,1,18,36.0469,-0.151,0.248313
2014,1,18,36.0365,-0.599,0.248313
2014,1,18,36.0365,-0.5573,0.248313
2014,1,18,36.0365,-0.5469,0.248313
2014,1,18,36.0365,-0.526,0.248313
2014,1,18,36.0365,-0.4948,0.248313
2014,1,18,36.0365,-0.3281,0.248313
2014,1,18,36.0365,-0.3177,0.248313
2014,1,18,36.026,-0.599,0.248313
2014,1,18,36.026,-0.5885,0.248313
2014,1,18,36.026,-0.5781,0.248313
2014,1,18,36.026,-0.5365,0.248313
2014,1,18,36.026,-0.526,0.248313
2014,1,18,36.026,-0.3802,0.248313
2014,1,18,36.026,-0.3385,0.248313
2014,1,18,36.0156,-0.6198,0.248313
2014,1,18,36.0156,-0.599,0.248313
2014,1,18,36.0156,-0.5885,0.248313
2014,1,18,36.0156,-0.5781,0.248313
2014,1,18,36.0156,-0.5677,0.248313
2014,1,18,36.0156,-0.5052,0.248313
2014,1,18,36.0156,-0.3802,0.248313
2014,1,18,36.0156,-0.3698,0.248313
2014,1,18,36.0156,-0.3594,0.248313
2014,1,18,36.0156,-0.349,0.248313
2014,1,18,36.0156,-0.3385,0.248313
2014,1,18,36.0156,-0.3281,0.248313
2014,1,18,36.0156,-0.3177,0.248313
2014,1,18,36.0156,-0.3073,0.248313
2014,1,18,36.0052,-0.6094,0.248313
2014,1,18,36.0052,-0.5781,0.248313
2014,1,18,36.0052,-0.5677,0.248313
2014,1,18,36.0052,-0.5573,0.248313
2014,1,18,36.0052,-0.5469,0.248313
2014,1,18,36.0052,-0.3385,0.248313
2014,1,18,36.0052,-0.3177,0.248313
2014,1,18,36.0052,-0.3073,0.248313
2014,1,18,35.9948,-0.599,0.248313
2014,1,18,35.9948,-0.5781,0.248313
2014,1,18,35.9948,-0.5156,0.248313
2014,1,18,35.9948,-0.3385,0.248313
2014,1,18,35.9948,-0.3281,0.248313
2014,1,18,35.9948,-0.3177,0.248313
2014,1,18,35.9948,-0.224,0.248313
2014,1,18,35.9948,-0.2135,0.248313
2014,1,18,35.9948,-0.151,0.248313
2014,1,18,35.9844,-0.6406,0.248313
2014,1,18,35.9844,-0.6302,0.248313
2014,1,18,35.9844,-0.5885,0.248313
2014,1,18,35.9844,-0.5781,0.248313
2014,1,18,35.9844,-0.3594,0.248313
2014,1,18,35.9844,-0.3385,0.248313
2014,1,18,35.9844,-0.3281,0.248313
2014,1,18,35.9844,-0.3177,0.248313
2014,1,18,35.974,-0.6302,0.248313
2014,1,18,35.974,-0.5573,0.248313
2014,1,18,35.974,-0.3385,0.248313
2014,1,18,35.974,-0.3281,0.248313
2014,1,18,35.974,-0.3177,0.248313
2014,1,18,35.974,-0.3073,0.248313
2014,1,18,35.9635,-0.6198,0.248313
2014,1,18,35.9635,-0.5573,0.248313
2014,1,18,35.9635,-0.2969,0.248313
2014,1,18,35.9531,-0.6302,0.248313
2014,1,18,35.9531,-0.6198,0.248313
2014,1,18,35.9531,-0.6094,0.248313
2014,1,18,35.9427,-0.651,0.248313
2014,1,18,35.9427,-0.6406,0.248313
2014,1,18,35.9427,-0.6302,0.248313
2014,1,18,35.9427,-0.3698,0.248313
2014,1,18,35.9427,-0.3594,0.248313
2014,1,18,35.9427,-0.2969,0.248313
2014,1,18,35.9323,-0.651,0.248313
2014,1,18,35.9323,-0.6406,0.248313
2014,1,18,35.9323,-0.5885,0.248313
2014,1,18,35.9323,-0.2865,0.248313
2014,1,18,35.9219,-0.651,0.248313
2014,1,18,35.9219,-0.6406,0.248313
2014,1,18,35.9219,-0.6198,0.248313
2014,1,18,35.9219,-0.599,0.248313
2014,1,18,35.9115,-0.6615,0.248313
2014,1,18,35.9115,-0.6302,0.248313
2014,1,18,35.9115,-0.5885,0.248313
2014,1,18,35.901,-0.599,0.248313
2014,1,18,35.901,-0.4948,0.248313
2014,1,18,35.901,-0.2865,0.248313
2014,1,18,35.8906,-0.5781,0.248313
2014,1,18,35.8906,-0.5677,0.248313
2014,1,18,35.8906,-0.5365,0.248313
2014,1,18,35.8906,-0.526,0.248313
2014,1,18,35.8802,-0.599,0.248313
2014,1,18,35.8802,-0.5469,0.248313
2014,1,18,35.8802,-0.4948,0.248313
2014,1,18,35.8073,-0.6615,0.248313
2014,1,18,35.7656,-0.6198,0.248313
2014,1,18,35.7656,-0.599,0.248313
2014,1,20,36.0781,-0.7969,0.248313
2014,1,20,36.0781,-0.7552,0.248313
2014,1,20,36.0052,-0.6823,0.248313
2014,1,20,35.9948,-0.7031,0.248313
2014,1,20,35.9948,-0.6823,0.248313
2014,1,20,35.9948,-0.6719,0.248313
2014,1,20,35.9844,-0.724,0.248313
2014,1,20,35.9635,-0.8385,0.248313
2014,1,20,35.9531,-0.8802,0.248313
2014,1,20,35.9531,-0.7135,0.248313
2014,1,20,35.9531,-0.7031,0.248313
2014,1,20,35.9531,-0.6927,0.248313
2014,1,20,35.9531,-0.6719,0.248313
2014,1,20,35.9427,-0.9323,0.248313
2014,1,20,35.9427,-0.9115,0.248313
2014,1,20,35.9427,-0.8281,0.248313
2014,1,20,35.9427,-0.7344,0.248313
2014,1,20,35.9427,-0.7031,0.248313
2014,1,20,35.9323,-0.9635,0.248313
2014,1,20,35.9323,-0.9219,0.248313
2014,1,20,35.9323,-0.8906,0.248313
2014,1,20,35.9323,-0.7969,0.248313
2014,1,20,35.9323,-0.7656,0.248313
2014,1,20,35.9323,-0.7448,0.248313
2014,1,20,35.9323,-0.7135,0.248313
2014,1,20,35.9219,-0.974,0.248313
2014,1,20,35.9219,-0.9635,0.248313
2014,1,20,35.9219,-0.776,0.248313
2014,1,20,35.9219,-0.7448,0.248313
2014,1,20,35.9115,-0.9635,0.248313
2014,1,20,35.9115,-0.9427,0.248313
2014,1,20,35.901,-0.9115,0.248313
2014,1,20,35.8906,-0.9948,0.248313
2014,1,20,35.8906,-0.974,0.248313
2014,1,20,35.8906,-0.8906,0.248313
2014,1,20,35.849,-0.8698,0.248313
2014,1,20,37.0469,0.776,0.248313
2014,1,20,37.0469,0.9115,0.248313
2014,1,20,36.9635,0.8281,0.248313
2014,1,20,36.9531,0.9531,0.248313
2014,1,20,36.6198,0.3177,0.248313
2014,1,20,36.5573,0.7448,0.248313
2014,1,20,36.5469,0.474,0.248313
2014,1,20,36.5156,0.599,0.248313
2014,1,20,36.5052,0.4427,0.248313
2014,1,20,36.3698,-0.2552,0.248313
2014,1,20,36.3281,-0.3177,0.248313
2014,1,20,36.3073,-0.349,0.248313
2014,1,20,36.2656,-0.3698,0.248313
2014,1,20,36.2135,-0.3906,0.248313
2014,1,20,36.1927,-0.3906,0.248313
2014,1,20,36.1927,-0.1406,0.248313
2014,1,20,36.1823,0.151,0.248313
2014,1,20,36.1719,-0.276,0.248313
2014,1,20,36.151,-0.2969,0.248313
2014,1,20,36.1302,-0.3177,0.248313
2014,1,20,36.1302,-0.2865,0.248313
2014,1,20,36.1198,-0.2865,0.248313
2014,1,20,36.099,-0.224,0.248313
2014,1,20,36.0885,-0.4948,0.248313
2014,1,20,36.0781,-0.6198,0.248313
2014,1,20,36.0781,-0.4427,0.248313
2014,1,20,36.0781,-0.349,0.248313
2014,1,20,36.0781,-0.3281,0.248313
2014,1,20,36.0677,-0.474,0.248313
2014,1,20,36.0677,-0.3594,0.248313
2014,1,20,36.0677,-0.3177,0.248313
2014,1,20,36.0677,-0.3073,0.248313
2014,1,20,36.0677,-0.1615,0.248313
2014,1,20,36.0469,-0.4531,0.248313
2014,1,20,36.0469,-0.1927,0.248313
2014,1,20,35.9844,-0.3594,0.248313
2014,1,20,35.974,-0.5885,0.248313
2014,1,20,35.9531,-0.599,0.248313
2014,1,20,35.9531,-0.474,0.248313
2014,1,20,35.9323,-0.474,0.248313
2014,1,20,35.8385,-0.6615,0.248313
2014,1,21,36.5469,-0.8698,0.248313
2014,1,21,36.5469,-0.8594,0.248313
2014,1,21,36.5469,-0.8385,0.248313
2014,1,21,36.5469,-0.8177,0.248313
2014,1,21,36.5365,-0.8802,0.248313
2014,1,21,36.5365,-0.8698,0.248313
2014,1,21,36.5365,-0.849,0.248313
2014,1,21,36.5365,-0.8385,0.248313
2014,1,21,36.5365,-0.8177,0.248313
2014,1,21,36.5365,-0.8073,0.248313
2014,1,21,36.5365,-0.7969,0.248313
2014,1,21,36.5365,-0.7865,0.248313
2014,1,21,36.526,-0.8802,0.248313
2014,1,21,36.526,-0.7969,0.248313
2014,1,21,36.5156,-0.7552,0.248313
2014,1,21,36.4948,-0.8906,0.248313
2014,1,21,36.4948,-0.7969,0.248313
2014,1,21,36.4844,-0.7135,0.248313
2014,1,21,36.474,-0.7135,0.248313
2014,1,21,36.4635,-0.7552,0.248313
2014,1,21,36.4635,-0.7448,0.248313
2014,1,21,36.4635,-0.7344,0.248313
2014,1,21,36.4635,-0.724,0.248313
2014,1,21,36.4531,-0.7344,0.248313
2014,1,21,36.4323,-0.724,0.248313
2014,1,21,36.3073,-0.9323,0.248313
2014,1,21,36.1302,-0.9323,0.248313
2014,1,21,36.1198,-0.9323,0.248313
2014,1,21,36.1198,-0.9219,0.248313
2014,1,21,36.1198,-0.901,0.248313
2014,1,21,36.1198,-0.8906,0.248313
2014,1,21,36.1198,-0.8802,0.248313
2014,1,21,36.1094,-0.9323,0.248313
2014,1,21,36.1094,-0.9219,0.248313
2014,1,21,36.099,-0.8802,0.248313
2014,1,21,36.0781,-0.9323,0.248313
2014,1,21,36.0781,-0.8594,0.248313
2014,1,21,36.5156,-0.651,0.248313
2014,1,21,36.5156,-0.6406,0.248313
2014,1,21,36.4844,-0.6615,0.248313
2014,1,21,36.3906,-0.651,0.248313
2014,1,23,36.5781,-0.9531,0.248313
2014,1,23,36.5469,-0.7969,0.248313
2014,1,23,36.5365,-0.7031,0.248313
2014,1,23,36.526,-0.7969,0.248313
2014,1,23,36.5156,-0.7969,0.248313
2014,1,23,36.5052,-0.7969,0.248313
2014,1,23,36.4844,-0.7656,0.248313
2014,1,23,36.4635,-0.7448,0.248313
2014,1,23,36.4635,-0.7344,0.248313
2014,1,23,36.4427,-0.7552,0.248313
2014,1,23,36.4323,-0.7552,0.248313
2014,1,23,36.4323,-0.7448,0.248313
2014,1,23,36.4219,-0.7656,0.248313
2014,1,23,36.4219,-0.7552,0.248313
2014,1,23,36.3073,-0.7656,0.248313
2014,1,23,36.276,-0.8281,0.248313
2014,1,23,36.276,-0.7865,0.248313
2014,1,23,36.2656,-0.849,0.248313
2014,1,23,36.2656,-0.8385,0.248313
2014,1,23,36.2656,-0.8073,0.248313
2014,1,23,36.2656,-0.7969,0.248313
2014,1,23,36.2656,-0.7865,0.248313
2014,1,23,36.2656,-0.7344,0.248313
2014,1,23,36.2448,-0.776,0.248313
2014,1,23,36.2344,-0.7865,0.248313
2014,1,23,36.2344,-0.776,0.248313
2014,1,23,36.224,-0.7865,0.248313
2014,1,23,36.224,-0.776,0.248313
2014,1,23,36.2135,-0.776,0.248313
2014,1,23,36.2135,-0.7656,0.248313
2014,1,23,36.1823,-0.7135,0.248313
2014,1,23,36.1823,-0.7031,0.248313
2014,1,23,36.1823,-0.6823,0.248313
2014,1,23,36.1823,-0.6719,0.248313
2014,1,23,36.151,-0.7135,0.248313
2014,1,23,36.151,-0.7031,0.248313
2014,1,23,37.0677,0.2656,0.248313
2014,1,23,37.0677,0.2969,0.248313
2014,1,23,36.5365,-0.1823,0.248313
2014,1,23,36.2656,-0.5052,0.248313
2014,1,23,36.2552,-0.526,0.248313
2014,1,24,36.7969,0.5052,0.248313
2014,1,24,36.7865,0.4844,0.248313
2014,1,24,36.7448,0.4219,0.248313
2014,1,24,36.724,0.3698,0.248313
2014,1,24,36.7135,0.3906,0.248313
2014,1,26,36.6198,-0.7552,0.248313
2014,1,26,36.9219,0.9844,0.248313
2014,1,26,36.724,0.401,0.248313
2014,1,26,36.5573,0.849,0.248313
2014,1,26,36.5573,0.8802,0.248313
2014,1,26,36.5469,0.8802,0.248313
2014,1,26,36.526,0.8594,0.248313
2014,1,26,36.526,0.8698,0.248313
2014,1,26,36.5156,0.8594,0.248313
2014,1,26,36.5052,0.8281,0.248313
2014,1,26,36.5052,0.849,0.248313
2014,1,26,36.4948,0.8281,0.248313
2014,1,26,36.4948,0.8385,0.248313
2014,1,26,36.4844,0.776,0.248313
2014,1,26,36.4844,0.7865,0.248313
2014,1,26,36.4844,0.7969,0.248313
2014,1,26,36.4844,0.8177,0.248313
2014,1,26,36.474,0.7448,0.248313
2014,1,26,36.474,0.7865,0.248313
2014,1,26,36.4635,0.724,0.248313
2014,1,26,36.4635,0.7344,0.248313
2014,1,26,36.4635,0.7448,0.248313
2014,1,26,36.4635,0.7552,0.248313
2014,1,26,36.4635,0.7656,0.248313
2014,1,26,36.4635,0.776,0.248313
2014,1,26,36.4531,0.7344,0.248313
2014,1,26,36.4427,0.7135,0.248313
2014,1,26,36.4427,0.724,0.248313
2014,1,26,36.4323,0.724,0.248313
2014,1,26,36.4219,0.7135,0.248313
2014,1,26,36.4115,0.7031,0.248313
2014,1,26,36.3385,0.1823,0.248313
2014,1,26,36.3177,0.1823,0.248313
2014,1,26,36.2969,0.224,0.248313
2014,1,26,36.2656,0.2031,0.248313
2014,1,26,36.2552,0.2135,0.248313
2014,1,26,36.2448,0.1719,0.248313
2014,1,26,36.224,-0.1406,0.248313
2014,1,26,36.224,0.1615,0.248313
2014,1,26,36.2135,-0.151,0.248313
2014,1,26,36.2031,-0.1719,0.248313
2014,1,26,36.1615,-0.2135,0.248313
2014,1,26,36.151,-0.2344,0.248313
2014,1,26,36.1406,-0.2552,0.248313
2014,1,27,36.026,-0.7656,0.248313
2014,1,27,36.0052,-0.6719,0.248313
2014,1,27,36.3385,0.0365,0.248313
2014,1,27,36.3385,0.2552,0.248313
2014,1,27,36.3385,0.4219,0.248313
2014,1,27,36.3281,0.2552,0.248313
2014,1,27,36.3177,0.2448,0.248313
2014,1,27,36.3073,0.2552,0.248313
2014,1,27,36.3073,0.2656,0.248313
2014,1,27,36.3073,0.276,0.248313
2014,1,27,36.3073,0.2969,0.248313
2014,1,27,36.2969,0.224,0.248313
2014,1,27,36.2969,0.2969,0.248313
2014,1,27,36.2969,0.3073,0.248313
2014,1,27,36.2865,0.2031,0.248313
2014,1,27,36.2865,0.2135,0.248313
2014,1,27,36.2865,0.224,0.248313
2014,1,27,36.2865,0.2865,0.248313
2014,1,27,36.276,0.1823,0.248313
2014,1,27,36.276,0.2865,0.248313
2014,1,27,36.2656,0.2448,0.248313
2014,1,27,36.2656,0.276,0.248313
2014,1,27,36.2552,0.2031,0.248313
2014,1,27,36.2552,0.2344,0.248313
2014,1,27,36.2552,0.2448,0.248313
2014,1,27,36.2448,0.224,0.248313
2014,1,27,36.2448,0.2344,0.248313
2014,1,27,36.2448,0.2448,0.248313
2014,1,27,36.2448,0.2865,0.248313
2014,1,27,36.2344,0.1615,0.248313
2014,1,27,36.2344,0.2031,0.248313
2014,1,27,36.2344,0.2135,0.248313
2014,1,27,36.2344,0.224,0.248313
2014,1,27,36.224,0.1823,0.248313
2014,1,27,36.2135,0.099,0.248313
2014,1,27,36.2135,0.1198,0.248313
2014,1,27,36.2135,0.2031,0.248313
2014,1,27,36.1719,0.1198,0.248313
2014,1,27,35.9844,-0.599,0.248313
2014,1,27,35.9844,-0.5677,0.248313
2014,1,27,35.9844,-0.526,0.248313
2014,1,27,35.9844,-0.276,0.248313
2014,1,27,35.974,-0.2656,0.248313
2014,1,27,35.974,-0.2344,0.248313
2014,1,27,35.9635,-0.5365,0.248313
2014,1,27,35.9531,-0.5469,0.248313
2014,1,27,35.9531,-0.526,0.248313
2014,1,27,35.9531,-0.3073,0.248313
2014,1,27,35.9427,-0.5365,0.248313
2014,1,27,35.9323,-0.5156,0.248313
2014,1,27,35.9219,-0.5365,0.248313
2014,1,27,35.9115,-0.5469,0.248313
2014,1,27,35.8802,-0.5469,0.248313
2014,1,27,35.8698,-0.5365,0.248313
2014,1,27,35.8594,-0.6302,0.248313
2014,1,27,35.8594,-0.5573,0.248313
2014,1,27,35.8594,-0.5469,0.248313
2014,1,27,35.849,-0.5469,0.248313
2014,1,28,36.5885,-0.9948,0.248313
2014,1,28,36.5781,-1.0052,0.248313
2014,1,28,36.5781,-0.9844,0.248313
2014,1,28,36.5052,-0.9948,0.248313
2014,1,28,36.7865,0.9115,0.248313
2014,1,28,36.7865,0.9427,0.248313
2014,1,28,36.7865,0.9635,0.248313
2014,1,28,36.776,0.974,0.248313
2014,1,28,36.7656,0.901,0.248313
2014,1,28,36.7552,0.8802,0.248313
2014,1,28,36.7552,0.9427,0.248313
2014,1,28,36.7448,0.8698,0.248313
2014,1,28,36.7448,0.8906,0.248313
2014,1,28,36.7344,0.8594,0.248313
2014,1,28,36.6927,0.7865,0.248313
2014,1,28,36.6823,0.7031,0.248313
2014,1,28,36.6302,0.2448,0.248313
2014,1,28,36.6198,0.4115,0.248313
2014,1,28,36.6198,0.4427,0.248313
2014,1,28,36.6198,0.4531,0.248313
2014,1,28,36.6198,0.4948,0.248313
2014,1,28,36.6198,0.5365,0.248313
2014,1,28,36.6198,0.5573,0.248313
2014,1,28,36.6198,0.5781,0.248313
2014,1,28,36.6094,0.4219,0.248313
2014,1,28,36.6094,0.4948,0.248313
2014,1,28,36.6094,0.526,0.248313
2014,1,28,36.2448,0.2031,0.248313
2014,1,28,36.2135,0.1406,0.248313
2014,1,30,35.9323,-0.901,0.248313
2014,1,30,35.9219,-0.9115,0.248313
2014,1,30,35.901,-0.8594,0.248313
2014,1,30,35.8802,-0.8906,0.248313
2014,1,30,35.8698,-0.8698,0.248313
2014,1,30,35.8594,-0.8802,0.248313
2014,1,30,35.8594,-0.7552,0.248313
2014,1,30,35.8594,-0.7031,0.248313
2014,1,30,35.849,-0.9427,0.248313
2014,1,30,35.849,-0.9323,0.248313
2014,1,30,35.849,-0.9219,0.248313
2014,1,30,35.849,-0.849,0.248313
2014,1,30,35.849,-0.8385,0.248313
2014,1,30,35.8385,-0.9323,0.248313
2014,1,30,35.8281,-0.9635,0.248313
2014,1,30,35.8281,-0.9323,0.248313
2014,1,30,35.8177,-0.9948,0.248313
2014,1,30,35.8177,-0.9844,0.248313
2014,1,30,35.8177,-0.974,0.248313
2014,1,30,35.8177,-0.9635,0.248313
2014,1,30,35.8177,-0.9427,0.248313
2014,1,30,35.7969,-0.9844,0.248313
2014,1,30,36.6615,0.9531,0.248313
2014,1,30,36.6302,0.8698,0.248313
2014,1,30,36.6302,0.9844,0.248313
2014,1,30,36.6198,0.9844,0.248313
2014,1,30,36.6094,0.9427,0.248313
2014,1,30,36.6094,0.9844,0.248313
2014,1,30,36.599,0.9323,0.248313
2014,1,30,36.599,0.9427,0.248313
2014,1,30,36.599,0.9531,0.248313
2014,1,30,36.599,0.9635,0.248313
2014,1,30,36.5885,0.9219,0.248313
2014,1,30,36.5781,0.974,0.248313
2014,1,30,36.5781,0.9844,0.248313
2014,1,30,36.5677,0.9115,0.248313
2014,1,30,36.5573,0.9531,0.248313
2014,1,30,36.5469,0.9115,0.248313
2014,1,30,36.5469,0.9531,0.248313
2014,1,30,36.5365,0.8906,0.248313
2014,1,30,36.349,0.3073,0.248313
2014,1,30,36.3073,0.2344,0.248313
2014,1,30,36.3073,0.2448,0.248313
2014,1,30,36.3073,0.2552,0.248313
2014,1,30,36.3073,0.276,0.248313
2014,1,30,36.3073,0.2865,0.248313
2014,1,30,36.2969,0.2031,0.248313
2014,1,30,36.2969,0.224,0.248313
2014,1,30,36.2969,0.2344,0.248313
2014,1,30,36.2969,0.2448,0.248313
2014,1,30,36.2969,0.2552,0.248313
2014,1,30,36.2969,0.276,0.248313
2014,1,30,36.2969,0.2865,0.248313
2014,1,30,36.2969,0.2969,0.248313
2014,1,30,36.2969,0.3177,0.248313
2014,1,30,36.2865,0.2344,0.248313
2014,1,30,36.2865,0.2865,0.248313
2014,1,30,36.276,0.1823,0.248313
2014,1,30,36.276,0.1927,0.248313
2014,1,30,36.2656,0.1615,0.248313
2014,1,30,36.2552,0.151,0.248313
2014,1,30,36.2448,0.1302,0.248313
2014,1,30,36.2448,0.2656,0.248313
2014,1,30,36.2344,0.1094,0.248313
2014,1,30,36.224,0.0885,0.248313
2014,1,30,36.224,0.099,0.248313
2014,1,30,36.2135,0.0469,0.248313
2014,1,30,36.2135,0.0573,0.248313
2014,1,30,36.2031,0.0156,0.248313
2014,1,30,36.2031,0.0365,0.248313
2014,1,30,36.1927,-0.0052,0.248313
2014,1,30,36.1927,0.0156,0.248313
2014,1,30,36.1823,-0.1198,0.248313
2014,1,30,36.1823,-0.1094,0.248313
2014,1,30,36.1823,-0.0573,0.248313
2014,1,30,36.1823,-0.026,0.248313
2014,1,30,36.1719,-0.0573,0.248313
2014,1,30,36.151,0.099,0.248313
2014,1,30,36.1406,-0.2135,0.248313
2014,1,30,36.1302,-0.224,0.248313
2014,1,30,36.1198,-0.224,0.248313
2014,1,30,36.1094,-0.1927,0.248313
2014,1,30,36.1094,-0.1719,0.248313
2014,1,30,36.099,-0.3594,0.248313
2014,1,30,36.0885,-0.4219,0.248313
2014,1,30,36.0885,-0.3594,0.248313
2014,1,30,36.0781,-0.4531,0.248313
2014,1,30,36.0781,-0.4427,0.248313
2014,1,30,36.0781,-0.4323,0.248313
2014,1,30,36.0781,-0.4219,0.248313
2014,1,30,36.0781,0.026,0.248313
2014,1,30,36.0677,-0.4427,0.248313
2014,1,30,36.0677,-0.2656,0.248313
2014,1,30,36.0573,-0.5052,0.248313
2014,1,30,36.0469,-0.0781,0.248313
2014,1,30,36.0469,-0.0573,0.248313
2014,1,30,36.0365,-0.5781,0.248313
2014,1,30,36.0365,-0.5677,0.248313
2014,1,30,36.0365,-0.5573,0.248313
2014,1,30,36.026,-0.5781,0.248313
2014,1,30,36.026,-0.5573,0.248313
2014,1,30,36.0156,-0.6615,0.248313
2014,1,30,36.0156,-0.6406,0.248313
2014,1,30,36.0156,-0.5781,0.248313
2014,1,30,36.0156,-0.526,0.248313
2014,1,30,36.0052,-0.651,0.248313
2014,1,30,36.0052,-0.6406,0.248313
2014,1,30,35.901,-0.599,0.248313
2014,1,31,36.5885,-0.724,0.248313
2014,1,31,36.4219,-0.8594,0.248313
2014,1,31,36.3802,-0.9115,0.248313
2014,1,31,36.3802,-0.901,0.248313
2014,1,31,36.3698,-0.9219,0.248313
2014,1,31,36.2552,-0.9844,0.248313
2014,1,31,36.2448,-0.9844,0.248313
2014,1,31,36.2135,-0.901,0.248313
2014,1,31,35.8594,-0.7135,0.248313
2014,1,31,36.474,-0.5156,0.248313
2014,1,31,36.4531,-0.4531,0.248313
2014,1,31,36.4531,-0.3594,0.248313
2014,1,31,36.4323,-0.4635,0.248313
2014,1,31,36.3594,-0.2969,0.248313
2014,1,31,36.2656,0.1615,0.248313
2014,1,31,36.2656,0.1719,0.248313
2014,1,31,36.2552,0.1719,0.248313
2014,1,31,36.2552,0.1823,0.248313
2014,1,31,36.2344,0.2865,0.248313
2014,1,31,36.2344,0.2969,0.248313
2014,1,31,36.2031,0.2448,0.248313
2014,1,31,36.0573,-0.0781,0.248313
2014,1,31,36.0469,-0.0781,0.248313
2014,1,31,36.0365,-0.4844,0.248313
2014,1,31,36.0156,-0.349,0.248313
2014,1,31,35.974,-0.4427,0.248313
2014,1,31,35.974,-0.2344,0.248313
2014,1,1,36.5781,-0.7656,0.25704
2014,1,1,36.5677,-0.9948,0.25704
2014,1,1,36.5677,-0.7865,0.25704
2014,1,1,36.5677,-0.776,0.25704
2014,1,1,36.5156,-0.8177,0.25704
2014,1,1,36.4844,-0.8698,0.25704
2014,1,1,36.4844,-0.6823,0.25704
2014,1,1,36.4635,-0.8594,0.25704
2014,1,1,36.4635,-0.7656,0.25704
2014,1,1,36.1927,-0.6719,0.25704
2014,1,1,36.1615,-0.7344,0.25704
2014,1,1,36.151,-0.7656,0.25704
2014,1,1,36.151,-0.7552,0.25704
2014,1,1,36.1198,-0.8177,0.25704
2014,1,1,36.1198,-0.776,0.25704
2014,1,1,36.1094,-0.8073,0.25704
2014,1,1,36.099,-0.8177,0.25704
2014,1,1,36.0677,-0.901,0.25704
2014,1,1,36.0469,-0.9219,0.25704
2014,1,1,36.0365,-0.9427,0.25704
2014,1,1,37.1406,0.349,0.25704
2014,1,1,37.1302,0.3385,0.25704
2014,1,1,37.1302,0.349,0.25704
2014,1,1,37.1302,0.3594,0.25704
2014,1,1,37.1302,0.5573,0.25704
2014,1,1,37.1198,0.3594,0.25704
2014,1,1,37.1198,0.3802,0.25704
2014,1,1,37.099,0.401,0.25704
2014,1,1,37.099,0.4948,0.25704
2014,1,1,37.0781,0.401,0.25704
2014,1,1,37.0677,0.474,0.25704
2014,1,1,37.026,0.5156,0.25704
2014,1,1,37.0052,0.5677,0.25704
2014,1,1,36.9219,0.9323,0.25704
2014,1,1,36.8906,0.9948,0.25704
2014,1,1,36.8802,0.776,0.25704
2014,1,1,36.8698,0.8594,0.25704
2014,1,1,36.6927,-0.5781,0.25704
2014,1,1,36.6615,-0.6094,0.25704
2014,1,1,36.651,-0.526,0.25704
2014,1,1,36.651,-0.5156,0.25704
2014,1,1,36.6406,-0.5365,0.25704
2014,1,1,36.6406,-0.526,0.25704
2014,1,1,36.6406,-0.5156,0.25704
2014,1,1,36.6094,-0.4948,0.25704
2014,1,1,36.5781,-0.5677,0.25704
2014,1,1,36.5677,-0.5573,0.25704
2014,1,1,36.5156,-0.6198,0.25704
2014,1,1,36.5156,-0.599,0.25704
2014,1,1,36.5156,-0.5781,0.25704
2014,1,1,36.5052,-0.5885,0.25704
2014,1,1,36.5052,0.1302,0.25704
2014,1,1,36.5052,0.1406,0.25704
2014,1,1,36.5052,0.151,0.25704
2014,1,1,36.5052,0.2031,0.25704
2014,1,1,36.4635,0.151,0.25704
2014,1,1,36.4635,0.1719,0.25704
2014,1,1,36.4635,0.4948,0.25704
2014,1,1,36.4531,0.1719,0.25704
2014,1,1,36.4531,0.1823,0.25704
2014,1,1,36.4531,0.1927,0.25704
2014,1,1,36.4531,0.5156,0.25704
2014,1,1,36.4427,0.1615,0.25704
2014,1,1,36.4427,0.1719,0.25704
2014,1,1,36.4427,0.1927,0.25704
2014,1,1,36.4427,0.2135,0.25704
2014,1,1,36.3594,-0.2135,0.25704
2014,1,1,36.3594,-0.1615,0.25704
2014,1,1,36.3594,-0.1406,0.25704
2014,1,1,36.3594,-0.099,0.25704
2014,1,1,36.349,-0.3177,0.25704
2014,1,1,36.349,-0.2969,0.25704
2014,1,1,36.349,-0.2448,0.25704
2014,1,1,36.3385,-0.3385,0.25704
2014,1,1,36.3385,-0.0781,0.25704
2014,1,1,36.3281,-0.099,0.25704
2014,1,1,36.3177,-0.3802,0.25704
2014,1,1,36.2969,-0.4115,0.25704
2014,1,1,36.2969,-0.1198,0.25704
2014,1,1,36.276,-0.1198,0.25704
2014,1,1,36.276,-0.1094,0.25704
2014,1,1,36.2656,-0.1302,0.25704
2014,1,1,36.2656,-0.1094,0.25704
2014,1,1,36.2552,-0.1302,0.25704
2014,1,1,36.2448,-0.1198,0.25704
2014,1,1,36.2344,-0.5469,0.25704
2014,1,1,36.224,-0.6406,0.25704
2014,1,1,36.2135,-0.651,0.25704
2014,1,1,36.2135,-0.6302,0.25704
2014,1,1,36.151,-0.6406,0.25704
2014,1,4,37.1823,0.6615,0.25704
2014,1,4,37.1823,0.901,0.25704
2014,1,4,37.1094,0.6406,0.25704
2014,1,8,36.9427,-0.1198,0.25704
2014,1,8,36.9427,-0.0677,0.25704
2014,1,8,36.9427,-0.0365,0.25704
2014,1,8,36.9323,-0.0365,0.25704
2014,1,8,36.7552,0.0781,0.25704
2014,1,8,36.724,0.0781,0.25704
2014,1,8,36.5156,-0.0885,0.25704
2014,1,8,36.4948,-0.099,0.25704
2014,1,8,36.401,-0.2344,0.25704
2014,1,8,36.3802,-0.2344,0.25704
2014,1,8,36.3594,-0.276,0.25704
2014,1,8,36.3594,-0.2656,0.25704
2014,1,8,36.349,-0.3281,0.25704
2014,1,8,36.3385,0.6406,0.25704
2014,1,8,36.3281,-0.3385,0.25704
2014,1,8,36.3281,-0.3281,0.25704
2014,1,8,36.3177,-0.526,0.25704
2014,1,8,36.3177,-0.5052,0.25704
2014,1,8,36.3177,-0.3802,0.25704
2014,1,8,36.3073,-0.4948,0.25704
2014,1,8,36.2344,-0.5573,0.25704
2014,1,8,36.2135,-0.526,0.25704
2014,1,8,36.1823,-0.5469,0.25704
2014,1,8,36.1615,-0.5573,0.25704
2014,1,9,36.5469,-0.7448,0.25704
2014,1,9,36.5365,-0.7448,0.25704
2014,1,9,36.7552,-0.2969,0.25704
2014,1,10,37.1927,0.6719,0.25704
2014,1,14,36.6823,0.5469,0.25704
2014,1,15,36.2344,-0.7448,0.25704
2014,1,15,36.2344,-0.7344,0.25704
2014,1,15,36.2344,-0.7135,0.25704
2014,1,15,36.224,-0.7031,0.25704
2014,1,15,36.2135,-0.7344,0.25704
2014,1,15,36.2031,-0.974,0.25704
2014,1,15,36.2031,-0.7135,0.25704
2014,1,15,36.2031,-0.7031,0.25704
2014,1,15,36.2031,-0.6823,0.25704
2014,1,15,36.1615,-0.849,0.25704
2014,1,15,36.1615,-0.7344,0.25704
2014,1,15,36.151,-0.7969,0.25704
2014,1,15,36.151,-0.6927,0.25704
2014,1,15,36.1406,-0.9219,0.25704
2014,1,15,36.1302,-0.9635,0.25704
2014,1,15,36.1302,-0.9531,0.25704
2014,1,15,36.1302,-0.9323,0.25704
2014,1,15,36.1302,-0.8177,0.25704
2014,1,15,36.1302,-0.8073,0.25704
2014,1,15,36.1302,-0.7969,0.25704
2014,1,15,36.1198,-0.8698,0.25704
2014,1,15,36.1198,-0.8281,0.25704
2014,1,15,36.1094,-0.9844,0.25704
2014,1,15,36.1094,-0.8594,0.25704
2014,1,15,36.0885,-0.9635,0.25704
2014,1,15,36.0365,-0.9948,0.25704
2014,1,15,36.0365,-0.9844,0.25704
2014,1,15,36.0156,-0.8385,0.25704
2014,1,15,35.9844,-0.7656,0.25704
2014,1,15,35.974,-0.776,0.25704
2014,1,15,35.9635,-0.776,0.25704
2014,1,15,35.9635,-0.7552,0.25704
2014,1,15,35.9531,-0.7969,0.25704
2014,1,15,35.9531,-0.776,0.25704
2014,1,15,35.9531,-0.7344,0.25704
2014,1,15,35.9427,-0.7969,0.25704
2014,1,15,35.9427,-0.7865,0.25704
2014,1,15,35.9427,-0.7344,0.25704
2014,1,15,35.9427,-0.7031,0.25704
2014,1,15,35.9323,-0.7031,0.25704
2014,1,15,35.9323,-0.6719,0.25704
2014,1,15,35.8802,-0.9427,0.25704
2014,1,15,35.849,-0.6823,0.25704
2014,1,15,35.8385,-0.7135,0.25704
2014,1,15,35.8281,-0.724,0.25704
2014,1,15,35.8281,-0.7135,0.25704
2014,1,15,35.8177,-0.7031,0.25704
2014,1,15,35.7969,-0.9323,0.25704
2014,1,15,35.7969,-0.901,0.25704
2014,1,15,35.7969,-0.7135,0.25704
2014,1,15,35.7969,-0.7031,0.25704
2014,1,15,35.7969,-0.6823,0.25704
2014,1,15,35.7865,-0.6927,0.25704
2014,1,15,35.776,-0.6823,0.25704
2014,1,15,35.7656,-0.6823,0.25704
2014,1,15,35.7656,-0.6719,0.25704
2014,1,15,35.7552,-0.6719,0.25704
2014,1,15,36.8906,-0.2448,0.25704
2014,1,15,36.8177,-0.2552,0.25704
2014,1,15,36.7135,-0.0469,0.25704
2014,1,15,36.5156,-0.6406,0.25704
2014,1,15,36.2969,-0.6615,0.25704
2014,1,15,36.2969,-0.5156,0.25704
2014,1,15,36.2865,-0.4948,0.25704
2014,1,15,36.276,-0.6302,0.25704
2014,1,15,36.276,-0.4635,0.25704
2014,1,15,36.2656,-0.4844,0.25704
2014,1,15,36.2656,-0.4635,0.25704
2014,1,15,36.2656,-0.4531,0.25704
2014,1,15,36.2552,-0.4844,0.25704
2014,1,15,36.2552,-0.4635,0.25704
2014,1,15,36.2552,-0.4427,0.25704
2014,1,15,36.2552,-0.4323,0.25704
2014,1,15,36.2448,-0.4635,0.25704
2014,1,15,36.2448,-0.4219,0.25704
2014,1,15,36.2448,-0.4115,0.25704
2014,1,15,36.2344,-0.4323,0.25704
2014,1,15,36.2344,-0.401,0.25704
2014,1,15,36.224,-0.4219,0.25704
2014,1,15,36.224,-0.4115,0.25704
2014,1,15,36.2135,-0.6615,0.25704
2014,1,15,36.2135,-0.4115,0.25704
2014,1,15,36.2135,-0.401,0.25704
2014,1,15,36.1927,-0.5677,0.25704
2014,1,15,36.1823,-0.3906,0.25704
2014,1,15,36.1823,-0.3802,0.25704
2014,1,15,36.1719,-0.3698,0.25704
2014,1,15,36.1615,-0.526,0.25704
2014,1,15,36.151,-0.3594,0.25704
2014,1,15,36.1406,-0.3594,0.25704
2014,1,15,36.1302,-0.4531,0.25704
2014,1,15,36.1302,-0.4427,0.25704
2014,1,15,36.1198,-0.4635,0.25704
2014,1,15,36.1198,-0.4531,0.25704
2014,1,15,36.1198,-0.4427,0.25704
2014,1,15,36.1198,-0.4219,0.25704
2014,1,15,36.1094,-0.4531,0.25704
2014,1,15,36.0885,-0.5885,0.25704
2014,1,15,36.0885,-0.401,0.25704
2014,1,15,36.026,-0.0469,0.25704
2014,1,15,36.026,-0.0156,0.25704
2014,1,15,36.0156,-0.0469,0.25704
2014,1,15,36.0052,-0.3073,0.25704
2014,1,15,36.0052,-0.0469,0.25704
2014,1,15,36.0052,-0.0365,0.25704
2014,1,15,35.9948,-0.3177,0.25704
2014,1,15,35.9948,-0.2656,0.25704
2014,1,15,35.9844,-0.4427,0.25704
2014,1,15,35.9844,-0.0469,0.25704
2014,1,15,35.9844,-0.0365,0.25704
2014,1,15,35.974,-0.2865,0.25704
2014,1,15,35.974,-0.0469,0.25704
2014,1,15,35.974,-0.0365,0.25704
2014,1,15,35.9635,-0.3385,0.25704
2014,1,15,35.9635,-0.3073,0.25704
2014,1,15,35.9635,-0.0469,0.25704
2014,1,15,35.9531,-0.0365,0.25704
2014,1,15,35.9531,-0.026,0.25704
2014,1,15,35.9427,-0.0677,0.25704
2014,1,15,35.9427,-0.0469,0.25704
2014,1,15,35.9323,-0.0573,0.25704
2014,1,15,35.9323,-0.0469,0.25704
2014,1,15,35.901,-0.6198,0.25704
2014,1,15,35.901,-0.2448,0.25704
2014,1,15,35.8906,-0.5677,0.25704
2014,1,15,35.8906,-0.5469,0.25704
2014,1,15,35.8906,-0.526,0.25704
2014,1,15,35.8802,-0.5885,0.25704
2014,1,15,35.8802,-0.5781,0.25704
2014,1,15,35.8802,-0.5469,0.25704
2014,1,15,35.8802,-0.5365,0.25704
2014,1,15,35.8698,-0.6198,0.25704
2014,1,15,35.8698,-0.5885,0.25704
2014,1,15,35.8594,-0.651,0.25704
2014,1,15,35.8594,-0.5781,0.25704
2014,1,15,35.849,-0.6615,0.25704
2014,1,15,35.8073,-0.651,0.25704
2014,1,17,37.2448,0.651,0.25704
2014,1,17,37.224,0.5885,0.25704
2014,1,17,36.6927,-0.4844,0.25704
2014,1,18,36.5156,-0.724,0.25704
2014,1,18,36.4427,-0.6823,0.25704
2014,1,18,36.4427,-0.6719,0.25704
2014,1,18,36.3177,-0.8073,0.25704
2014,1,18,36.0781,-0.8073,0.25704
2014,1,18,36.0677,-0.8177,0.25704
2014,1,18,36.0677,-0.8073,0.25704
2014,1,18,36.0052,-0.6823,0.25704
2014,1,18,35.9844,-0.7031,0.25704
2014,1,18,35.9844,-0.6719,0.25704
2014,1,18,35.974,-0.6927,0.25704
2014,1,18,35.9635,-0.7344,0.25704
2014,1,18,35.9635,-0.7031,0.25704
2014,1,18,35.9635,-0.6927,0.25704
2014,1,18,35.9635,-0.6719,0.25704
2014,1,18,35.9531,-0.7448,0.25704
2014,1,18,35.9531,-0.7344,0.25704
2014,1,18,35.9531,-0.7031,0.25704
2014,1,18,35.9531,-0.6823,0.25704
2014,1,18,35.9531,-0.6719,0.25704
2014,1,18,35.9427,-0.8385,0.25704
2014,1,18,35.9427,-0.8281,0.25704
2014,1,18,35.9427,-0.6719,0.25704
2014,1,18,35.9323,-0.8385,0.25704
2014,1,18,35.9323,-0.8177,0.25704
2014,1,18,35.9323,-0.8073,0.25704
2014,1,18,35.9323,-0.7865,0.25704
2014,1,18,35.9323,-0.7552,0.25704
2014,1,18,35.9323,-0.7344,0.25704
2014,1,18,35.9219,-0.8177,0.25704
2014,1,18,35.9219,-0.8073,0.25704
2014,1,18,35.9219,-0.776,0.25704
2014,1,18,35.9219,-0.7656,0.25704
2014,1,18,35.9219,-0.7552,0.25704
2014,1,18,35.9219,-0.7448,0.25704
2014,1,18,35.9219,-0.7344,0.25704
2014,1,18,35.9219,-0.7135,0.25704
2014,1,18,35.9219,-0.6823,0.25704
2014,1,18,35.9219,-0.6719,0.25704
2014,1,18,35.9115,-0.8698,0.25704
2014,1,18,35.9115,-0.8177,0.25704
2014,1,18,35.9115,-0.6719,0.25704
2014,1,18,35.901,-0.849,0.25704
2014,1,18,35.901,-0.8281,0.25704
2014,1,18,35.901,-0.8177,0.25704
2014,1,18,35.901,-0.7344,0.25704
2014,1,18,35.8906,-0.974,0.25704
2014,1,18,35.8906,-0.849,0.25704
2014,1,18,35.8906,-0.8281,0.25704
2014,1,18,35.8906,-0.7969,0.25704
2014,1,18,35.8802,-0.9635,0.25704
2014,1,18,35.8802,-0.9531,0.25704
2014,1,18,35.8802,-0.8177,0.25704
2014,1,18,35.8802,-0.7656,0.25704
2014,1,18,35.8802,-0.7135,0.25704
2014,1,18,35.8698,-0.9948,0.25704
2014,1,18,35.849,-0.9948,0.25704
2014,1,18,35.849,-0.8594,0.25704
2014,1,18,35.8385,-0.6927,0.25704
2014,1,18,35.8177,-0.7656,0.25704
2014,1,18,35.7969,-0.6719,0.25704
2014,1,18,35.7865,-0.9948,0.25704
2014,1,18,35.7656,-0.7031,0.25704
2014,1,18,35.7448,-0.901,0.25704
2014,1,18,36.7135,-0.599,0.25704
2014,1,18,36.7135,-0.3906,0.25704
2014,1,18,36.7135,-0.2552,0.25704
2014,1,18,36.7135,-0.1406,0.25704
2014,1,18,36.6615,-0.276,0.25704
2014,1,18,36.6406,-0.1094,0.25704
2014,1,18,36.6302,-0.5885,0.25704
2014,1,18,36.6302,-0.2552,0.25704
2014,1,18,36.6198,-0.2552,0.25704
2014,1,18,36.6094,-0.2656,0.25704
2014,1,18,36.599,-0.2656,0.25704
2014,1,18,36.5781,-0.6198,0.25704
2014,1,18,36.5677,-0.2969,0.25704
2014,1,18,36.5469,-0.3281,0.25704
2014,1,18,36.4427,-0.5052,0.25704
2014,1,18,36.3073,-0.026,0.25704
2014,1,18,36.3073,-0.0052,0.25704
2014,1,18,36.2969,-0.0365,0.25704
2014,1,18,36.2969,-0.026,0.25704
2014,1,18,36.2969,-0.0052,0.25704
2014,1,18,36.2969,0.2344,0.25704
2014,1,18,36.2865,-0.1198,0.25704
2014,1,18,36.2656,-0.0469,0.25704
2014,1,18,36.2656,-0.0156,0.25704
2014,1,18,36.2656,-0.0052,0.25704
2014,1,18,36.2552,-0.0781,0.25704
2014,1,18,36.2552,-0.026,0.25704
2014,1,18,36.2552,0.0365,0.25704
2014,1,18,36.2448,-0.0365,0.25704
2014,1,18,36.2448,0.0469,0.25704
2014,1,18,36.224,0.2344,0.25704
2014,1,18,36.2031,-0.1198,0.25704
2014,1,18,36.1927,0.2135,0.25704
2014,1,18,36.1927,0.224,0.25704
2014,1,18,36.1823,0.0156,0.25704
2014,1,18,36.1823,0.2031,0.25704
2014,1,18,36.1719,0.0469,0.25704
2014,1,18,36.151,-0.1823,0.25704
2014,1,18,36.1406,-0.2135,0.25704
2014,1,18,36.1406,-0.1406,0.25704
2014,1,18,36.1406,-0.0156,0.25704
2014,1,18,36.1302,-0.2135,0.25704
2014,1,18,36.1302,-0.1823,0.25704
2014,1,18,36.1302,-0.1719,0.25704
2014,1,18,36.1302,-0.151,0.25704
2014,1,18,36.1198,-0.3594,0.25704
2014,1,18,36.1198,-0.2448,0.25704
2014,1,18,36.1198,-0.2344,0.25704
2014,1,18,36.1198,-0.224,0.25704
2014,1,18,36.1198,-0.2031,0.25704
2014,1,18,36.1198,-0.1823,0.25704
2014,1,18,36.1198,-0.1719,0.25704
2014,1,18,36.1094,-0.3385,0.25704
2014,1,18,36.1094,-0.224,0.25704
2014,1,18,36.1094,-0.2135,0.25704
2014,1,18,36.1094,-0.2031,0.25704
2014,1,18,36.1094,-0.1927,0.25704
2014,1,18,36.1094,-0.1823,0.25704
2014,1,18,36.099,-0.2969,0.25704
2014,1,18,36.099,-0.224,0.25704
2014,1,18,36.099,-0.2031,0.25704
2014,1,18,36.099,-0.1927,0.25704
2014,1,18,36.099,-0.1823,0.25704
2014,1,18,36.099,-0.1719,0.25704
2014,1,18,36.099,-0.1615,0.25704
2014,1,18,36.099,-0.151,0.25704
2014,1,18,36.0885,-0.3073,0.25704
2014,1,18,36.0885,-0.2031,0.25704
2014,1,18,36.0885,-0.1927,0.25704
2014,1,18,36.0781,-0.3177,0.25704
2014,1,18,36.0781,-0.3073,0.25704
2014,1,18,36.0781,-0.1927,0.25704
2014,1,18,36.0781,-0.1823,0.25704
2014,1,18,36.0677,-0.3385,0.25704
2014,1,18,36.0677,-0.3281,0.25704
2014,1,18,36.0677,-0.2344,0.25704
2014,1,18,36.0677,-0.224,0.25704
2014,1,18,36.0677,-0.2135,0.25704
2014,1,18,36.0677,-0.1823,0.25704
2014,1,18,36.0677,-0.1406,0.25704
2014,1,18,36.0573,-0.3594,0.25704
2014,1,18,36.0573,-0.349,0.25704
2014,1,18,36.0573,-0.3385,0.25704
2014,1,18,36.0573,-0.276,0.25704
2014,1,18,36.0573,-0.2552,0.25704
2014,1,18,36.0573,-0.224,0.25704
2014,1,18,36.0469,-0.5573,0.25704
2014,1,18,36.0469,-0.526,0.25704
2014,1,18,36.0469,-0.5156,0.25704
2014,1,18,36.0469,-0.4844,0.25704
2014,1,18,36.0469,-0.474,0.25704
2014,1,18,36.0469,-0.4635,0.25704
2014,1,18,36.0469,-0.349,0.25704
2014,1,18,36.0469,-0.3073,0.25704
2014,1,18,36.0469,-0.276,0.25704
2014,1,18,36.0469,-0.1406,0.25704
2014,1,18,36.0365,-0.5885,0.25704
2014,1,18,36.0365,-0.5781,0.25704
2014,1,18,36.0365,-0.5677,0.25704
2014,1,18,36.0365,-0.4844,0.25704
2014,1,18,36.0365,-0.3594,0.25704
2014,1,18,36.0365,-0.3073,0.25704
2014,1,18,36.0365,-0.276,0.25704
2014,1,18,36.0365,-0.2135,0.25704
2014,1,18,36.0365,-0.1927,0.25704
2014,1,18,36.0365,-0.1615,0.25704
2014,1,18,36.026,-0.5573,0.25704
2014,1,18,36.026,-0.4948,0.25704
2014,1,18,36.026,-0.4844,0.25704
2014,1,18,36.026,-0.474,0.25704
2014,1,18,36.026,-0.3906,0.25704
2014,1,18,36.026,-0.3594,0.25704
2014,1,18,36.026,-0.349,0.25704
2014,1,18,36.026,-0.3177,0.25704
2014,1,18,36.026,-0.3073,0.25704
2014,1,18,36.026,-0.2135,0.25704
2014,1,18,36.0156,-0.6094,0.25704
2014,1,18,36.0156,-0.5469,0.25704
2014,1,18,36.0156,-0.5365,0.25704
2014,1,18,36.0156,-0.526,0.25704
2014,1,18,36.0156,-0.4948,0.25704
2014,1,18,36.0156,-0.2135,0.25704
2014,1,18,36.0052,-0.6406,0.25704
2014,1,18,36.0052,-0.6198,0.25704
2014,1,18,36.0052,-0.5885,0.25704
2014,1,18,36.0052,-0.5365,0.25704
2014,1,18,36.0052,-0.526,0.25704
2014,1,18,36.0052,-0.5156,0.25704
2014,1,18,36.0052,-0.4948,0.25704
2014,1,18,36.0052,-0.4844,0.25704
2014,1,18,36.0052,-0.349,0.25704
2014,1,18,36.0052,-0.3281,0.25704
2014,1,18,36.0052,-0.2969,0.25704
2014,1,18,36.0052,-0.2135,0.25704
2014,1,18,36.0052,-0.2031,0.25704
2014,1,18,36.0052,-0.1927,0.25704
2014,1,18,35.9948,-0.651,0.25704
2014,1,18,35.9948,-0.6406,0.25704
2014,1,18,35.9948,-0.6302,0.25704
2014,1,18,35.9948,-0.6094,0.25704
2014,1,18,35.9948,-0.5677,0.25704
2014,1,18,35.9948,-0.5469,0.25704
2014,1,18,35.9948,-0.5365,0.25704
2014,1,18,35.9948,-0.526,0.25704
2014,1,18,35.9948,-0.2969,0.25704
2014,1,18,35.9948,-0.2865,0.25704
2014,1,18,35.9844,-0.6615,0.25704
2014,1,18,35.9844,-0.651,0.25704
2014,1,18,35.9844,-0.6094,0.25704
2014,1,18,35.9844,-0.5677,0.25704
2014,1,18,35.9844,-0.5469,0.25704
2014,1,18,35.9844,-0.4844,0.25704
2014,1,18,35.9844,-0.349,0.25704
2014,1,18,35.9844,-0.3073,0.25704
2014,1,18,35.9844,-0.2969,0.25704
2014,1,18,35.9844,-0.276,0.25704
2014,1,18,35.974,-0.6615,0.25704
2014,1,18,35.974,-0.6406,0.25704
2014,1,18,35.974,-0.6094,0.25704
2014,1,18,35.974,-0.5677,0.25704
2014,1,18,35.974,-0.2656,0.25704
2014,1,18,35.974,-0.2135,0.25704
2014,1,18,35.974,-0.1719,0.25704
2014,1,18,35.9635,-0.651,0.25704
2014,1,18,35.9635,-0.6406,0.25704
2014,1,18,35.9635,-0.6094,0.25704
2014,1,18,35.9635,-0.5677,0.25704
2014,1,18,35.9635,-0.5469,0.25704
2014,1,18,35.9635,-0.5365,0.25704
2014,1,18,35.9635,-0.3073,0.25704
2014,1,18,35.9635,-0.276,0.25704
2014,1,18,35.9531,-0.6406,0.25704
2014,1,18,35.9531,-0.5573,0.25704
2014,1,18,35.9531,-0.5469,0.25704
2014,1,18,35.9531,-0.2969,0.25704
2014,1,18,35.9323,-0.4844,0.25704
2014,1,18,35.9323,-0.2969,0.25704
2014,1,18,35.9323,-0.2656,0.25704
2014,1,18,35.9219,-0.6615,0.25704
2014,1,18,35.9219,-0.5677,0.25704
2014,1,18,35.9219,-0.4844,0.25704
2014,1,18,35.9219,-0.2969,0.25704
2014,1,18,35.9219,-0.2865,0.25704
2014,1,18,35.9219,-0.276,0.25704
2014,1,18,35.9115,-0.6406,0.25704
2014,1,18,35.9115,-0.5677,0.25704
2014,1,18,35.9115,-0.4948,0.25704
2014,1,18,35.901,-0.5781,0.25704
2014,1,18,35.901,-0.5052,0.25704
2014,1,18,35.8906,-0.5885,0.25704
2014,1,18,35.8906,-0.5573,0.25704
2014,1,18,35.8906,-0.5156,0.25704
2014,1,18,35.8802,-0.526,0.25704
2014,1,18,35.849,-0.2656,0.25704
2014,1,18,35.7969,-0.5677,0.25704
2014,1,18,35.7969,-0.5365,0.25704
2014,1,18,35.7865,-0.6615,0.25704
2014,1,18,35.776,-0.6615,0.25704
2014,1,18,35.7552,-0.6302,0.25704
2014,1,20,36.0573,-0.849,0.25704
2014,1,20,36.0469,-0.7135,0.25704
2014,1,20,36.0365,-0.7656,0.25704
2014,1,20,36.0365,-0.6927,0.25704
2014,1,20,36.0156,-0.724,0.25704
2014,1,20,35.9844,-0.7031,0.25704
2014,1,20,35.9635,-0.8594,0.25704
2014,1,20,35.9635,-0.776,0.25704
2014,1,20,35.9635,-0.7656,0.25704
2014,1,20,35.9635,-0.7135,0.25704
2014,1,20,35.9531,-0.8698,0.25704
2014,1,20,35.9531,-0.776,0.25704
2014,1,20,35.9531,-0.7656,0.25704
2014,1,20,35.9427,-0.9635,0.25704
2014,1,20,35.9427,-0.9531,0.25704
2014,1,20,35.9427,-0.9427,0.25704
2014,1,20,35.9427,-0.9219,0.25704
2014,1,20,35.9427,-0.8906,0.25704
2014,1,20,35.9427,-0.8802,0.25704
2014,1,20,35.9427,-0.7969,0.25704
2014,1,20,35.9427,-0.7865,0.25704
2014,1,20,35.9427,-0.7552,0.25704
2014,1,20,35.9427,-0.724,0.25704
2014,1,20,35.9323,-0.9323,0.25704
2014,1,20,35.9323,-0.901,0.25704
2014,1,20,35.9323,-0.8802,0.25704
2014,1,20,35.9323,-0.8698,0.25704
2014,1,20,35.9323,-0.8594,0.25704
2014,1,20,35.9323,-0.7344,0.25704
2014,1,20,35.9323,-0.724,0.25704
2014,1,20,35.9219,-0.9948,0.25704
2014,1,20,35.9219,-0.9844,0.25704
2014,1,20,35.9219,-0.901,0.25704
2014,1,20,35.9219,-0.7135,0.25704
2014,1,20,35.9115,-0.9948,0.25704
2014,1,20,35.9115,-0.9844,0.25704
2014,1,20,35.9115,-0.9531,0.25704
2014,1,20,35.901,-0.9948,0.25704
2014,1,20,35.901,-0.9844,0.25704
2014,1,20,35.901,-0.8698,0.25704
2014,1,20,35.8802,-0.9531,0.25704
2014,1,20,37.0677,0.849,0.25704
2014,1,20,37.0573,0.9219,0.25704
2014,1,20,36.5885,0.8906,0.25704
2014,1,20,36.5469,0.599,0.25704
2014,1,20,36.5469,0.8385,0.25704
2014,1,20,36.5469,0.8698,0.25704
2014,1,20,36.5365,0.401,0.25704
2014,1,20,36.5365,0.6615,0.25704
2014,1,20,36.5365,0.8073,0.25704
2014,1,20,36.5365,0.8906,0.25704
2014,1,20,36.526,0.5885,0.25704
2014,1,20,36.526,0.7344,0.25704
2014,1,20,36.4948,0.1094,0.25704
2014,1,20,36.4844,-0.1302,0.25704
2014,1,20,36.4427,0.224,0.25704
2014,1,20,36.4219,-0.2969,0.25704
2014,1,20,36.4115,-0.2969,0.25704
2014,1,20,36.349,-0.3802,0.25704
2014,1,20,36.3177,-0.3177,0.25704
2014,1,20,36.2865,-0.4323,0.25704
2014,1,20,36.2344,-0.651,0.25704
2014,1,20,36.1823,-0.3281,0.25704
2014,1,20,36.1823,0.1615,0.25704
2014,1,20,36.1615,0.0469,0.25704
2014,1,20,36.1406,-0.3177,0.25704
2014,1,20,36.1406,-0.2969,0.25704
2014,1,20,36.1406,-0.2865,0.25704
2014,1,20,36.1302,-0.2969,0.25704
2014,1,20,36.1094,-0.4531,0.25704
2014,1,20,36.099,-0.276,0.25704
2014,1,20,36.0781,-0.5156,0.25704
2014,1,20,36.0781,-0.4531,0.25704
2014,1,20,36.0677,-0.5156,0.25704
2014,1,20,36.0677,-0.4948,0.25704
2014,1,20,36.0677,-0.4219,0.25704
2014,1,20,36.0573,-0.5677,0.25704
2014,1,20,36.0573,-0.4115,0.25704
2014,1,20,36.0573,-0.2969,0.25704
2014,1,20,36.0365,-0.5156,0.25704
2014,1,20,36.026,-0.599,0.25704
2014,1,20,36.026,-0.3594,0.25704
2014,1,20,36.0156,-0.6094,0.25704
2014,1,20,36.0156,-0.1823,0.25704
2014,1,20,35.9323,-0.4844,0.25704
2014,1,20,35.901,-0.5469,0.25704
2014,1,20,35.8906,-0.5781,0.25704
2014,1,20,35.8906,-0.5677,0.25704
2014,1,20,35.8906,-0.2448,0.25704
2014,1,21,36.5469,-0.8281,0.25704
2014,1,21,36.5365,-0.8281,0.25704
2014,1,21,36.526,-0.776,0.25704
2014,1,21,36.526,-0.7656,0.25704
2014,1,21,36.526,-0.7344,0.25704
2014,1,21,36.5156,-0.8802,0.25704
2014,1,21,36.5156,-0.8177,0.25704
2014,1,21,36.5156,-0.7865,0.25704
2014,1,21,36.5156,-0.776,0.25704
2014,1,21,36.5156,-0.724,0.25704
2014,1,21,36.5156,-0.7031,0.25704
2014,1,21,36.5052,-0.8802,0.25704
2014,1,21,36.5052,-0.8177,0.25704
2014,1,21,36.5052,-0.7865,0.25704
2014,1,21,36.5052,-0.776,0.25704
2014,1,21,36.474,-0.7031,0.25704
2014,1,21,36.474,-0.6719,0.25704
2014,1,21,36.4531,-0.724,0.25704
2014,1,21,36.4219,-0.724,0.25704
2014,1,21,36.4219,-0.6823,0.25704
2014,1,21,36.3698,-0.6927,0.25704
2014,1,21,36.1302,-0.9219,0.25704
2014,1,21,36.1302,-0.901,0.25704
2014,1,21,36.1302,-0.8906,0.25704
2014,1,21,36.1198,-0.9427,0.25704
2014,1,21,36.099,-0.9948,0.25704
2014,1,21,36.099,-0.9844,0.25704
2014,1,21,36.099,-0.901,0.25704
2014,1,21,36.0885,-0.9323,0.25704
2014,1,21,36.0781,-0.9427,0.25704
2014,1,21,36.0677,-0.9531,0.25704
2014,1,21,36.0677,-0.9427,0.25704
2014,1,21,36.0677,-0.9323,0.25704
2014,1,21,36.0573,-0.9323,0.25704
2014,1,21,37.1302,0.6406,0.25704
2014,1,21,36.5885,-0.6615,0.25704
2014,1,21,36.5885,-0.651,0.25704
2014,1,23,36.4948,-0.776,0.25704
2014,1,23,36.4844,-0.7552,0.25704
2014,1,23,36.4844,-0.7448,0.25704
2014,1,23,36.4531,-0.7448,0.25704
2014,1,23,36.4531,-0.7344,0.25704
2014,1,23,36.4323,-0.7656,0.25704
2014,1,23,36.4219,-0.7448,0.25704
2014,1,23,36.4115,-0.7552,0.25704
2014,1,23,36.4115,-0.7448,0.25704
2014,1,23,36.3906,-0.7656,0.25704
2014,1,23,36.3594,-0.6927,0.25704
2014,1,23,36.2865,-0.7656,0.25704
2014,1,23,36.276,-0.7969,0.25704
2014,1,23,36.2448,-0.7552,0.25704
2014,1,23,36.2135,-0.7552,0.25704
2014,1,23,36.2135,-0.7448,0.25704
2014,1,23,36.2135,-0.7344,0.25704
2014,1,23,36.2031,-0.7656,0.25704
2014,1,23,36.2031,-0.7448,0.25704
2014,1,23,36.1927,-0.7448,0.25704
2014,1,23,36.1823,-0.7344,0.25704
2014,1,23,36.1719,-0.724,0.25704
2014,1,23,36.1615,-0.7135,0.25704
2014,1,23,36.1615,-0.7031,0.25704
2014,1,23,37.1094,0.276,0.25704
2014,1,23,37.099,0.276,0.25704
2014,1,23,37.0677,0.2865,0.25704
2014,1,23,36.724,-0.2865,0.25704
2014,1,23,36.5781,0.026,0.25704
2014,1,23,36.5469,0.099,0.25704
2014,1,23,36.526,0.0885,0.25704
2014,1,24,36.8594,0.6198,0.25704
2014,1,24,36.7969,0.6198,0.25704
2014,1,24,36.7865,0.526,0.25704
2014,1,24,36.724,0.3802,0.25704
2014,1,24,36.7135,0.3802,0.25704
2014,1,26,36.026,-0.8177,0.25704
2014,1,26,35.9323,-0.9323,0.25704
2014,1,26,35.9219,-0.9323,0.25704
2014,1,26,35.9115,-0.9948,0.25704
2014,1,26,36.7344,0.4219,0.25704
2014,1,26,36.724,0.4115,0.25704
2014,1,26,36.6615,0.3906,0.25704
2014,1,26,36.5573,0.8698,0.25704
2014,1,26,36.5469,0.8906,0.25704
2014,1,26,36.5365,0.8802,0.25704
2014,1,26,36.5156,0.8698,0.25704
2014,1,26,36.5156,0.8802,0.25704
2014,1,26,36.5052,0.8385,0.25704
2014,1,26,36.5052,0.8594,0.25704
2014,1,26,36.4948,0.8177,0.25704
2014,1,26,36.4948,0.849,0.25704
2014,1,26,36.4844,0.8281,0.25704
2014,1,26,36.4844,0.8385,0.25704
2014,1,26,36.4844,0.849,0.25704
2014,1,26,36.474,0.7552,0.25704
2014,1,26,36.474,0.8177,0.25704
2014,1,26,36.474,0.8281,0.25704
2014,1,26,36.4635,0.2448,0.25704
2014,1,26,36.4635,0.7865,0.25704
2014,1,26,36.4531,0.7448,0.25704
2014,1,26,36.4531,0.7552,0.25704
2014,1,26,36.4531,0.776,0.25704
2014,1,26,36.4531,0.7865,0.25704
2014,1,26,36.4427,0.7344,0.25704
2014,1,26,36.4323,0.7344,0.25704
2014,1,26,36.3385,0.1719,0.25704
2014,1,26,36.3385,0.2135,0.25704
2014,1,26,36.3177,0.1927,0.25704
2014,1,26,36.3177,0.2031,0.25704
2014,1,26,36.3177,0.2344,0.25704
2014,1,26,36.3073,0.2135,0.25704
2014,1,26,36.2969,0.1302,0.25704
2014,1,26,36.2969,0.151,0.25704
2014,1,26,36.2656,0.2135,0.25704
2014,1,26,36.2656,0.2344,0.25704
2014,1,26,36.2552,-0.026,0.25704
2014,1,26,36.2552,0.1927,0.25704
2014,1,26,36.2552,0.2031,0.25704
2014,1,26,36.2448,-0.026,0.25704
2014,1,26,36.2448,0.1927,0.25704
2014,1,26,36.2344,-0.0365,0.25704
2014,1,26,36.2344,0.1719,0.25704
2014,1,26,36.2344,0.2135,0.25704
2014,1,26,36.224,0.1823,0.25704
2014,1,26,36.1927,-0.1823,0.25704
2014,1,26,36.1823,-0.1927,0.25704
2014,1,26,36.1823,-0.1823,0.25704
2014,1,26,36.1823,-0.1719,0.25704
2014,1,26,36.1719,-0.2031,0.25704
2014,1,26,36.151,-0.2448,0.25704
2014,1,26,36.151,-0.224,0.25704
2014,1,26,36.151,-0.2135,0.25704
2014,1,27,36.3594,0.2865,0.25704
2014,1,27,36.3594,0.3906,0.25704
2014,1,27,36.3594,0.4115,0.25704
2014,1,27,36.349,0.276,0.25704
2014,1,27,36.349,0.349,0.25704
2014,1,27,36.349,0.4115,0.25704
2014,1,27,36.3385,0.0469,0.25704
2014,1,27,36.3385,0.0573,0.25704
2014,1,27,36.3385,0.1198,0.25704
2014,1,27,36.3385,0.4115,0.25704
2014,1,27,36.3281,0.0677,0.25704
2014,1,27,36.3281,0.2448,0.25704
2014,1,27,36.3281,0.2656,0.25704
2014,1,27,36.3281,0.276,0.25704
2014,1,27,36.3281,0.3281,0.25704
2014,1,27,36.3281,0.3698,0.25704
2014,1,27,36.3281,0.3802,0.25704
2014,1,27,36.3177,0.0781,0.25704
2014,1,27,36.3177,0.2344,0.25704
2014,1,27,36.3177,0.276,0.25704
2014,1,27,36.3177,0.3073,0.25704
2014,1,27,36.3177,0.3177,0.25704
2014,1,27,36.3177,0.3385,0.25704
2014,1,27,36.3177,0.3802,0.25704
2014,1,27,36.3073,0.0781,0.25704
2014,1,27,36.3073,0.2865,0.25704
2014,1,27,36.3073,0.3073,0.25704
2014,1,27,36.3073,0.3177,0.25704
2014,1,27,36.3073,0.3281,0.25704
2014,1,27,36.3073,0.3385,0.25704
2014,1,27,36.2969,0.1823,0.25704
2014,1,27,36.2969,0.276,0.25704
2014,1,27,36.2969,0.3385,0.25704
2014,1,27,36.2969,0.349,0.25704
2014,1,27,36.2865,-0.3385,0.25704
2014,1,27,36.2865,0.1719,0.25704
2014,1,27,36.2865,0.2969,0.25704
2014,1,27,36.2656,0.1719,0.25704
2014,1,27,36.2656,0.2865,0.25704
2014,1,27,36.2552,0.1615,0.25704
2014,1,27,36.2552,0.3177,0.25704
2014,1,27,36.2344,0.1406,0.25704
2014,1,27,36.2344,0.2344,0.25704
2014,1,27,36.224,0.2031,0.25704
2014,1,27,36.224,0.2135,0.25704
2014,1,27,36.2135,0.1927,0.25704
2014,1,27,36.2135,0.224,0.25704
2014,1,27,36.2135,0.2344,0.25704
2014,1,27,35.9948,-0.5365,0.25704
2014,1,27,35.974,-0.526,0.25704
2014,1,27,35.9635,-0.5677,0.25704
2014,1,27,35.9635,-0.5573,0.25704
2014,1,27,35.9635,-0.5469,0.25704
2014,1,27,35.9635,-0.5156,0.25704
2014,1,27,35.9531,-0.5677,0.25704
2014,1,27,35.9531,-0.5156,0.25704
2014,1,27,35.9427,-0.599,0.25704
2014,1,27,35.9427,-0.5677,0.25704
2014,1,27,35.9427,-0.5573,0.25704
2014,1,27,35.9427,-0.5469,0.25704
2014,1,27,35.9427,-0.526,0.25704
2014,1,27,35.9427,-0.5156,0.25704
2014,1,27,35.9323,-0.5885,0.25704
2014,1,27,35.9323,-0.5573,0.25704
2014,1,27,35.9323,-0.5469,0.25704
2014,1,27,35.9323,-0.5365,0.25704
2014,1,27,35.9219,-0.5469,0.25704
2014,1,27,35.9219,-0.526,0.25704
2014,1,27,35.9115,-0.5677,0.25704
2014,1,27,35.9115,-0.526,0.25704
2014,1,27,35.901,-0.5469,0.25704
2014,1,27,35.901,-0.5365,0.25704
2014,1,27,35.8698,-0.599,0.25704
2014,1,27,35.8594,-0.5677,0.25704
2014,1,28,36.7969,0.9531,0.25704
2014,1,28,36.776,0.901,0.25704
2014,1,28,36.776,0.9219,0.25704
2014,1,28,36.7656,0.8802,0.25704
2014,1,28,36.7656,0.9115,0.25704
2014,1,28,36.7656,0.9635,0.25704
2014,1,28,36.7552,0.8698,0.25704
2014,1,28,36.7552,0.9115,0.25704
2014,1,28,36.724,0.8385,0.25704
2014,1,28,36.6823,0.724,0.25704
2014,1,28,36.6823,0.7448,0.25704
2014,1,28,36.6719,0.6719,0.25704
2014,1,28,36.6719,0.7135,0.25704
2014,1,28,36.651,0.2344,0.25704
2014,1,28,36.6406,0.224,0.25704
2014,1,28,36.6302,0.2552,0.25704
2014,1,28,36.6302,0.526,0.25704
2014,1,28,36.6302,0.5469,0.25704
2014,1,28,36.6302,0.5573,0.25704
2014,1,28,36.6302,0.5677,0.25704
2014,1,28,36.6302,0.5781,0.25704
2014,1,28,36.6198,0.349,0.25704
2014,1,28,36.6198,0.599,0.25704
2014,1,28,36.2448,0.2135,0.25704
2014,1,28,36.2344,0.224,0.25704
2014,1,30,36.0469,-0.776,0.25704
2014,1,30,36.0365,-0.7031,0.25704
2014,1,30,36.0365,-0.6823,0.25704
2014,1,30,36.0365,-0.6719,0.25704
2014,1,30,35.9635,-0.8906,0.25704
2014,1,30,35.9635,-0.8698,0.25704
2014,1,30,35.9531,-0.8698,0.25704
2014,1,30,35.9531,-0.8594,0.25704
2014,1,30,35.9427,-0.8802,0.25704
2014,1,30,35.9115,-0.8385,0.25704
2014,1,30,35.8698,-0.9115,0.25704
2014,1,30,35.8698,-0.8906,0.25704
2014,1,30,35.8698,-0.8802,0.25704
2014,1,30,35.8594,-0.9427,0.25704
2014,1,30,35.8594,-0.9219,0.25704
2014,1,30,35.8594,-0.9115,0.25704
2014,1,30,35.8594,-0.8906,0.25704
2014,1,30,35.8594,-0.8698,0.25704
2014,1,30,35.8594,-0.8594,0.25704
2014,1,30,35.849,-0.901,0.25704
2014,1,30,35.849,-0.8906,0.25704
2014,1,30,35.849,-0.8802,0.25704
2014,1,30,35.8385,-0.9635,0.25704
2014,1,30,35.8385,-0.9115,0.25704
2014,1,30,35.8385,-0.8698,0.25704
2014,1,30,35.8385,-0.8594,0.25704
2014,1,30,35.8281,-0.9948,0.25704
2014,1,30,35.8281,-0.9844,0.25704
2014,1,30,35.8281,-0.974,0.25704
2014,1,30,35.8281,-0.9115,0.25704
2014,1,30,35.8281,-0.8594,0.25704
2014,1,30,35.8177,-0.9323,0.25704
2014,1,30,35.8073,-0.9427,0.25704
2014,1,30,36.6823,0.9219,0.25704
2014,1,30,36.6719,0.901,0.25704
2014,1,30,36.6719,0.9323,0.25704
2014,1,30,36.6615,0.901,0.25704
2014,1,30,36.6615,0.9115,0.25704
2014,1,30,36.6615,0.974,0.25704
2014,1,30,36.6615,0.9844,0.25704
2014,1,30,36.6406,0.8698,0.25704
2014,1,30,36.6406,0.9844,0.25704
2014,1,30,36.6198,0.9427,0.25704
2014,1,30,36.6094,0.9531,0.25704
2014,1,30,36.6094,0.9635,0.25704
2014,1,30,36.599,0.9219,0.25704
2014,1,30,36.599,0.9844,0.25704
2014,1,30,36.5885,0.9115,0.25704
2014,1,30,36.5885,0.9323,0.25704
2014,1,30,36.5885,0.9844,0.25704
2014,1,30,36.5781,0.9531,0.25704
2014,1,30,36.5781,0.9948,0.25704
2014,1,30,36.5677,0.974,0.25704
2014,1,30,36.5677,0.9844,0.25704
2014,1,30,36.5573,0.9115,0.25704
2014,1,30,36.5573,0.9635,0.25704
2014,1,30,36.5469,0.8906,0.25704
2014,1,30,36.5469,0.901,0.25704
2014,1,30,36.5365,0.9219,0.25704
2014,1,30,36.5365,0.9323,0.25704
2014,1,30,36.5365,0.9427,0.25704
2014,1,30,36.526,0.901,0.25704
2014,1,30,36.3802,0.4219,0.25704
2014,1,30,36.3594,0.3385,0.25704
2014,1,30,36.349,0.3594,0.25704
2014,1,30,36.3385,0.2969,0.25704
2014,1,30,36.3385,0.3073,0.25704
2014,1,30,36.3385,0.3177,0.25704
2014,1,30,36.3281,0.2031,0.25704
2014,1,30,36.3281,0.276,0.25704
2014,1,30,36.3281,0.2865,0.25704
2014,1,30,36.3281,0.2969,0.25704
2014,1,30,36.3281,0.3073,0.25704
2014,1,30,36.3177,0.2135,0.25704
2014,1,30,36.3177,0.2344,0.25704
2014,1,30,36.3177,0.2448,0.25704
2014,1,30,36.3177,0.2656,0.25704
2014,1,30,36.3177,0.276,0.25704
2014,1,30,36.3177,0.2865,0.25704
2014,1,30,36.3177,0.3073,0.25704
2014,1,30,36.3177,0.3177,0.25704
2014,1,30,36.3073,0.1927,0.25704
2014,1,30,36.3073,0.2031,0.25704
2014,1,30,36.3073,0.224,0.25704
2014,1,30,36.3073,0.2969,0.25704
2014,1,30,36.3073,0.3177,0.25704
2014,1,30,36.3073,0.3281,0.25704
2014,1,30,36.2969,0.1927,0.25704
2014,1,30,36.2969,0.2656,0.25704
2014,1,30,36.2865,0.1927,0.25704
2014,1,30,36.2865,0.2135,0.25704
2014,1,30,36.2865,0.2969,0.25704
2014,1,30,36.2865,0.3073,0.25704
2014,1,30,36.2865,0.3177,0.25704
2014,1,30,36.2865,0.3281,0.25704
2014,1,30,36.276,0.1719,0.25704
2014,1,30,36.2656,0.151,0.25704
2014,1,30,36.2656,0.2865,0.25704
2014,1,30,36.2448,0.1198,0.25704
2014,1,30,36.2344,0.099,0.25704
2014,1,30,36.2344,0.1198,0.25704
2014,1,30,36.2344,0.1302,0.25704
2014,1,30,36.2344,0.2344,0.25704
2014,1,30,36.2344,0.2448,0.25704
2014,1,30,36.224,0.0677,0.25704
2014,1,30,36.2135,0.0781,0.25704
2014,1,30,36.2031,-0.0156,0.25704
2014,1,30,36.2031,-0.0052,0.25704
2014,1,30,36.2031,0.0052,0.25704
2014,1,30,36.1927,-0.0469,0.25704
2014,1,30,36.1927,-0.026,0.25704
2014,1,30,36.1927,0.0052,0.25704
2014,1,30,36.1823,-0.1302,0.25704
2014,1,30,36.1823,-0.0885,0.25704
2014,1,30,36.1823,-0.0365,0.25704
2014,1,30,36.1719,-0.1719,0.25704
2014,1,30,36.1719,-0.151,0.25704
2014,1,30,36.1719,0.1406,0.25704
2014,1,30,36.1615,-0.1927,0.25704
2014,1,30,36.1615,0.1094,0.25704
2014,1,30,36.1406,-0.1094,0.25704
2014,1,30,36.1406,0.0781,0.25704
2014,1,30,36.1302,-0.1927,0.25704
2014,1,30,36.1198,-0.3177,0.25704
2014,1,30,36.1198,-0.2969,0.25704
2014,1,30,36.1094,-0.401,0.25704
2014,1,30,36.1094,-0.2656,0.25704
2014,1,30,36.099,-0.4115,0.25704
2014,1,30,36.099,-0.401,0.25704
2014,1,30,36.099,-0.3281,0.25704
2014,1,30,36.0885,-0.3906,0.25704
2014,1,30,36.0677,-0.4635,0.25704
2014,1,30,36.0677,-0.276,0.25704
2014,1,30,36.0573,-0.5677,0.25704
2014,1,30,36.0573,-0.5469,0.25704
2014,1,30,36.0573,-0.4427,0.25704
2014,1,30,36.0573,-0.3177,0.25704
2014,1,30,36.0573,-0.0573,0.25704
2014,1,30,36.0469,-0.4531,0.25704
2014,1,30,36.0469,-0.4219,0.25704
2014,1,30,36.0469,-0.026,0.25704
2014,1,30,36.0469,-0.0156,0.25704
2014,1,30,36.0365,-0.651,0.25704
2014,1,30,36.0365,-0.6094,0.25704
2014,1,30,36.026,-0.6615,0.25704
2014,1,30,36.026,-0.6406,0.25704
2014,1,30,36.026,-0.5677,0.25704
2014,1,30,36.0156,-0.5885,0.25704
2014,1,30,36.0052,-0.5885,0.25704
2014,1,30,35.9948,-0.6302,0.25704
2014,1,31,36.5365,-0.8385,0.25704
2014,1,31,36.5365,-0.7865,0.25704
2014,1,31,36.474,-0.849,0.25704
2014,1,31,36.4635,-0.8802,0.25704
2014,1,31,36.4531,-0.8906,0.25704
2014,1,31,36.4115,-0.8802,0.25704
2014,1,31,36.401,-0.8906,0.25704
2014,1,31,36.3906,-0.9219,0.25704
2014,1,31,36.3802,-0.9323,0.25704
2014,1,31,36.3802,-0.9219,0.25704
2014,1,31,36.349,-0.9531,0.25704
2014,1,31,36.3073,-0.974,0.25704
2014,1,31,36.2969,-0.9427,0.25704
2014,1,31,36.2552,-0.9115,0.25704
2014,1,31,36.2448,-0.9948,0.25704
2014,1,31,36.1927,-0.9635,0.25704
2014,1,31,35.8906,-0.7135,0.25704
2014,1,31,36.5052,-0.474,0.25704
2014,1,31,36.4635,-0.4844,0.25704
2014,1,31,36.4531,-0.4427,0.25704
2014,1,31,36.3594,-0.3073,0.25704
2014,1,31,36.3594,-0.276,0.25704
2014,1,31,36.2865,0.3594,0.25704
2014,1,31,36.276,0.1094,0.25704
2014,1,31,36.276,0.1719,0.25704
2014,1,31,36.2656,0.1823,0.25704
2014,1,31,36.2135,0.2448,0.25704
2014,1,31,36.0365,-0.6094,0.25704
2014,1,31,36.0365,-0.4948,0.25704
2014,1,31,36.026,-0.1406,0.25704
2014,1,31,36.0156,-0.3073,0.25704
2014,1,31,35.9635,-0.4635,0.25704
2014,1,1,36.5573,-0.776,0.266072
2014,1,1,36.5469,-0.8177,0.266072
2014,1,1,36.5365,-0.776,0.266072
2014,1,1,36.5365,-0.7031,0.266072
2014,1,1,36.5156,-0.8073,0.266072
2014,1,1,36.5052,-0.7552,0.266072
2014,1,1,36.4948,-0.7969,0.266072
2014,1,1,36.4948,-0.7552,0.266072
2014,1,1,36.4844,-0.724,0.266072
2014,1,1,36.474,-0.8594,0.266072
2014,1,1,36.1927,-0.6823,0.266072
2014,1,1,36.1823,-0.6927,0.266072
2014,1,1,36.1719,-0.7031,0.266072
2014,1,1,36.1615,-0.724,0.266072
2014,1,1,36.1406,-0.7552,0.266072
2014,1,1,36.1302,-0.7656,0.266072
2014,1,1,36.1302,-0.7552,0.266072
2014,1,1,36.1198,-0.7969,0.266072
2014,1,1,36.1198,-0.7656,0.266072
2014,1,1,36.1094,-0.7969,0.266072
2014,1,1,37.2031,0.6094,0.266072
2014,1,1,37.1406,0.3594,0.266072
2014,1,1,37.1406,0.401,0.266072
2014,1,1,37.1406,0.4219,0.266072
2014,1,1,37.1406,0.4427,0.266072
2014,1,1,37.1302,0.3698,0.266072
2014,1,1,37.1302,0.3906,0.266072
2014,1,1,37.1302,0.401,0.266072
2014,1,1,37.1302,0.4219,0.266072
2014,1,1,37.1198,0.401,0.266072
2014,1,1,37.1198,0.4115,0.266072
2014,1,1,37.1198,0.4323,0.266072
2014,1,1,37.1094,0.401,0.266072
2014,1,1,37.1094,0.4115,0.266072
2014,1,1,37.0885,0.3906,0.266072
2014,1,1,37.0885,0.474,0.266072
2014,1,1,37.0677,0.4635,0.266072
2014,1,1,37.0156,0.5677,0.266072
2014,1,1,37.0052,0.5469,0.266072
2014,1,1,37.0052,0.5781,0.266072
2014,1,1,36.9948,0.5885,0.266072
2014,1,1,36.8906,0.8594,0.266072
2014,1,1,36.8698,0.849,0.266072
2014,1,1,36.6927,-0.599,0.266072
2014,1,1,36.6927,0.9323,0.266072
2014,1,1,36.6615,0.9115,0.266072
2014,1,1,36.651,-0.4948,0.266072
2014,1,1,36.6406,0.7969,0.266072
2014,1,1,36.6198,-0.5365,0.266072
2014,1,1,36.599,-0.4948,0.266072
2014,1,1,36.5781,-0.5573,0.266072
2014,1,1,36.5677,-0.5781,0.266072
2014,1,1,36.5677,-0.5677,0.266072
2014,1,1,36.5573,-0.5677,0.266072
2014,1,1,36.526,-0.6198,0.266072
2014,1,1,36.5156,-0.6406,0.266072
2014,1,1,36.5156,-0.6302,0.266072
2014,1,1,36.5156,-0.6094,0.266072
2014,1,1,36.5156,-0.5677,0.266072
2014,1,1,36.5052,-0.6615,0.266072
2014,1,1,36.5052,-0.651,0.266072
2014,1,1,36.5052,0.1615,0.266072
2014,1,1,36.4948,-0.651,0.266072
2014,1,1,36.4948,0.5573,0.266072
2014,1,1,36.474,0.0885,0.266072
2014,1,1,36.4531,0.5469,0.266072
2014,1,1,36.4427,0.1406,0.266072
2014,1,1,36.4427,0.1823,0.266072
2014,1,1,36.4323,0.1198,0.266072
2014,1,1,36.4323,0.1406,0.266072
2014,1,1,36.4115,0.2344,0.266072
2014,1,1,36.3594,-0.1719,0.266072
2014,1,1,36.3594,-0.1094,0.266072
2014,1,1,36.3594,-0.0781,0.266072
2014,1,1,36.349,-0.2344,0.266072
2014,1,1,36.349,0.4531,0.266072
2014,1,1,36.3385,-0.349,0.266072
2014,1,1,36.3385,-0.3281,0.266072
2014,1,1,36.3385,-0.3177,0.266072
2014,1,1,36.3385,-0.3073,0.266072
2014,1,1,36.3281,-0.0885,0.266072
2014,1,1,36.2969,-0.401,0.266072
2014,1,1,36.2865,-0.4115,0.266072
2014,1,1,36.2865,-0.401,0.266072
2014,1,1,36.2865,-0.1302,0.266072
2014,1,1,36.2865,-0.1094,0.266072
2014,1,1,36.276,-0.4219,0.266072
2014,1,1,36.2656,-0.1406,0.266072
2014,1,1,36.2656,-0.099,0.266072
2014,1,1,36.2552,-0.4531,0.266072
2014,1,1,36.2552,-0.151,0.266072
2014,1,1,36.2552,-0.1406,0.266072
2014,1,1,36.2448,-0.151,0.266072
2014,1,1,36.2448,-0.1302,0.266072
2014,1,1,36.2344,-0.526,0.266072
2014,1,1,36.2344,-0.151,0.266072
2014,1,1,36.2344,-0.1302,0.266072
2014,1,1,36.2344,-0.1198,0.266072
2014,1,1,36.2031,-0.6302,0.266072
2014,1,1,36.1927,-0.6615,0.266072
2014,1,1,36.1927,-0.6094,0.266072
2014,1,1,36.1823,-0.6302,0.266072
2014,1,4,35.9635,-0.9115,0.266072
2014,1,4,37.2031,0.7344,0.266072
2014,1,4,37.1927,0.6615,0.266072
2014,1,4,37.1927,0.901,0.266072
2014,1,4,37.1719,0.6719,0.266072
2014,1,4,37.1094,0.2865,0.266072
2014,1,4,37.0781,0.6406,0.266072
2014,1,4,36.9531,0.4635,0.266072
2014,1,6,36.8906,-0.1094,0.266072
2014,1,7,36.5781,0.5156,0.266072
2014,1,7,36.5677,0.5052,0.266072
2014,1,8,36.5469,-0.7969,0.266072
2014,1,8,36.9427,-0.0469,0.266072
2014,1,8,36.9219,-0.099,0.266072
2014,1,8,36.8906,0.1406,0.266072
2014,1,8,36.7344,0.0885,0.266072
2014,1,8,36.6927,0.0573,0.266072
2014,1,8,36.6823,0.0469,0.266072
2014,1,8,36.651,0.0365,0.266072
2014,1,8,36.5573,-0.0573,0.266072
2014,1,8,36.526,-0.0677,0.266072
2014,1,8,36.5156,-0.0781,0.266072
2014,1,8,36.4531,-0.1302,0.266072
2014,1,8,36.401,-0.1927,0.266072
2014,1,8,36.3906,-0.2344,0.266072
2014,1,8,36.3906,-0.2135,0.266072
2014,1,8,36.3698,-0.2448,0.266072
2014,1,8,36.3594,-0.2552,0.266072
2014,1,8,36.349,-0.276,0.266072
2014,1,8,36.349,-0.2656,0.266072
2014,1,8,36.349,-0.2552,0.266072
2014,1,8,36.3385,-0.349,0.266072
2014,1,8,36.3385,0.6094,0.266072
2014,1,8,36.3281,-0.349,0.266072
2014,1,8,36.3281,0.6094,0.266072
2014,1,8,36.3281,0.6302,0.266072
2014,1,8,36.3177,-0.5156,0.266072
2014,1,8,36.3177,-0.4115,0.266072
2014,1,8,36.3177,-0.401,0.266072
2014,1,8,36.3177,-0.3698,0.266072
2014,1,8,36.3073,-0.4844,0.266072
2014,1,8,36.3073,-0.474,0.266072
2014,1,8,36.3073,-0.4531,0.266072
2014,1,8,36.2552,-0.5677,0.266072
2014,1,8,36.2448,-0.5573,0.266072
2014,1,8,36.2344,-0.5469,0.266072
2014,1,8,36.1198,-0.5573,0.266072
2014,1,8,35.8594,-0.5156,0.266072
2014,1,9,36.526,-0.7448,0.266072
2014,1,9,36.7552,-0.2656,0.266072
2014,1,9,36.7448,-0.2865,0.266072
2014,1,9,36.7135,-0.224,0.266072
2014,1,9,36.6198,-0.4844,0.266072
2014,1,9,36.3594,-0.0885,0.266072
2014,1,9,36.2448,-0.3802,0.266072
2014,1,10,37.1927,0.651,0.266072
2014,1,10,37.1927,0.6615,0.266072
2014,1,10,37.151,0.6719,0.266072
2014,1,14,37.1094,0.7969,0.266072
2014,1,14,36.9427,0.1927,0.266072
2014,1,15,36.2969,-0.7344,0.266072
2014,1,15,36.2969,-0.7031,0.266072
2014,1,15,36.2865,-0.7344,0.266072
2014,1,15,36.2865,-0.6719,0.266072
2014,1,15,36.276,-0.6927,0.266072
2014,1,15,36.2656,-0.7448,0.266072
2014,1,15,36.2656,-0.6927,0.266072
2014,1,15,36.2656,-0.6823,0.266072
2014,1,15,36.2552,-0.7031,0.266072
2014,1,15,36.2448,-0.724,0.266072
2014,1,15,36.2448,-0.6823,0.266072
2014,1,15,36.2135,-0.6927,0.266072
2014,1,15,36.2135,-0.6823,0.266072
2014,1,15,36.2135,-0.6719,0.266072
2014,1,15,36.2031,-0.6927,0.266072
2014,1,15,36.2031,-0.6719,0.266072
2014,1,15,36.1927,-0.9427,0.266072
2014,1,15,36.1927,-0.6927,0.266072
2014,1,15,36.1823,-0.9531,0.266072
2014,1,15,36.1719,-0.9844,0.266072
2014,1,15,36.151,-0.9948,0.266072
2014,1,15,36.151,-0.9844,0.266072
2014,1,15,36.151,-0.9635,0.266072
2014,1,15,36.151,-0.8802,0.266072
2014,1,15,36.151,-0.7552,0.266072
2014,1,15,36.1406,-0.9948,0.266072
2014,1,15,36.1406,-0.9844,0.266072
2014,1,15,36.1406,-0.9427,0.266072
2014,1,15,36.1406,-0.8906,0.266072
2014,1,15,36.1406,-0.776,0.266072
2014,1,15,36.1406,-0.7552,0.266072
2014,1,15,36.1302,-0.9948,0.266072
2014,1,15,36.1302,-0.9427,0.266072
2014,1,15,36.1302,-0.9219,0.266072
2014,1,15,36.1302,-0.7865,0.266072
2014,1,15,36.1198,-0.9948,0.266072
2014,1,15,36.1198,-0.9635,0.266072
2014,1,15,36.1198,-0.9531,0.266072
2014,1,15,36.1198,-0.9427,0.266072
2014,1,15,36.1198,-0.9219,0.266072
2014,1,15,36.1198,-0.9115,0.266072
2014,1,15,36.1198,-0.8594,0.266072
2014,1,15,36.1094,-0.974,0.266072
2014,1,15,36.1094,-0.9323,0.266072
2014,1,15,36.1094,-0.8698,0.266072
2014,1,15,36.1094,-0.849,0.266072
2014,1,15,36.1094,-0.8385,0.266072
2014,1,15,36.1094,-0.8281,0.266072
2014,1,15,36.099,-0.9948,0.266072
2014,1,15,36.099,-0.6823,0.266072
2014,1,15,36.0781,-0.724,0.266072
2014,1,15,36.026,-0.974,0.266072
2014,1,15,36.0052,-0.7969,0.266072
2014,1,15,35.9635,-0.9948,0.266072
2014,1,15,35.9635,-0.6927,0.266072
2014,1,15,35.9531,-0.8385,0.266072
2014,1,15,35.9427,-0.6927,0.266072
2014,1,15,35.9323,-0.7448,0.266072
2014,1,15,35.9219,-0.724,0.266072
2014,1,15,35.9219,-0.7135,0.266072
2014,1,15,35.9219,-0.7031,0.266072
2014,1,15,35.9219,-0.6823,0.266072
2014,1,15,35.9115,-0.9948,0.266072
2014,1,15,35.901,-0.9844,0.266072
2014,1,15,35.8698,-0.8177,0.266072
2014,1,15,35.8594,-0.8385,0.266072
2014,1,15,35.8594,-0.6719,0.266072
2014,1,15,35.849,-0.7031,0.266072
2014,1,15,35.849,-0.6927,0.266072
2014,1,15,35.8385,-0.9844,0.266072
2014,1,15,35.8385,-0.724,0.266072
2014,1,15,35.8281,-0.9323,0.266072
2014,1,15,35.8177,-0.724,0.266072
2014,1,15,35.8177,-0.7135,0.266072
2014,1,15,35.8073,-0.776,0.266072
2014,1,15,35.8073,-0.7031,0.266072
2014,1,15,35.7969,-0.9427,0.266072
2014,1,15,35.7969,-0.8906,0.266072
2014,1,15,35.7969,-0.724,0.266072
2014,1,15,35.7865,-0.7031,0.266072
2014,1,15,35.776,-0.9948,0.266072
2014,1,15,35.776,-0.9635,0.266072
2014,1,15,35.7656,-0.9844,0.266072
2014,1,15,35.7656,-0.6927,0.266072
2014,1,15,37.224,0.7865,0.266072
2014,1,15,37.0885,0.7448,0.266072
2014,1,15,36.849,-0.0573,0.266072
2014,1,15,36.8073,-0.2135,0.266072
2014,1,15,36.776,-0.4844,0.266072
2014,1,15,36.7344,-0.5052,0.266072
2014,1,15,36.6302,-0.2552,0.266072
2014,1,15,36.3594,0.5885,0.266072
2014,1,15,36.3073,-0.6302,0.266072
2014,1,15,36.3073,-0.5365,0.266072
2014,1,15,36.3073,-0.526,0.266072
2014,1,15,36.3073,-0.5156,0.266072
2014,1,15,36.3073,-0.4948,0.266072
2014,1,15,36.3073,-0.4844,0.266072
2014,1,15,36.2969,-0.5365,0.266072
2014,1,15,36.2969,-0.4948,0.266072
2014,1,15,36.2969,-0.4844,0.266072
2014,1,15,36.2969,-0.474,0.266072
2014,1,15,36.2969,-0.4635,0.266072
2014,1,15,36.2969,-0.4531,0.266072
2014,1,15,36.2865,-0.651,0.266072
2014,1,15,36.2865,-0.6094,0.266072
2014,1,15,36.2865,-0.5052,0.266072
2014,1,15,36.2865,-0.4844,0.266072
2014,1,15,36.2865,-0.474,0.266072
2014,1,15,36.2865,-0.4635,0.266072
2014,1,15,36.2865,-0.4531,0.266072
2014,1,15,36.2865,-0.4427,0.266072
2014,1,15,36.276,-0.4844,0.266072
2014,1,15,36.276,-0.474,0.266072
2014,1,15,36.276,-0.4531,0.266072
2014,1,15,36.276,-0.4427,0.266072
2014,1,15,36.276,-0.4323,0.266072
2014,1,15,36.276,-0.4115,0.266072
2014,1,15,36.2656,-0.474,0.266072
2014,1,15,36.2656,-0.4427,0.266072
2014,1,15,36.2552,-0.4531,0.266072
2014,1,15,36.2552,-0.4219,0.266072
2014,1,15,36.2552,-0.401,0.266072
2014,1,15,36.2448,-0.401,0.266072
2014,1,15,36.2344,-0.4115,0.266072
2014,1,15,36.224,-0.4427,0.266072
2014,1,15,36.224,-0.4323,0.266072
2014,1,15,36.224,-0.401,0.266072
2014,1,15,36.224,-0.3906,0.266072
2014,1,15,36.2031,-0.5781,0.266072
2014,1,15,36.2031,-0.401,0.266072
2014,1,15,36.1927,-0.3906,0.266072
2014,1,15,36.1823,-0.5469,0.266072
2014,1,15,36.1719,-0.6094,0.266072
2014,1,15,36.1719,-0.5052,0.266072
2014,1,15,36.1615,-0.5677,0.266072
2014,1,15,36.1615,-0.5052,0.266072
2014,1,15,36.151,-0.5677,0.266072
2014,1,15,36.151,-0.4948,0.266072
2014,1,15,36.151,-0.349,0.266072
2014,1,15,36.1406,-0.4948,0.266072
2014,1,15,36.1406,-0.4844,0.266072
2014,1,15,36.1406,-0.474,0.266072
2014,1,15,36.1406,-0.349,0.266072
2014,1,15,36.1302,-0.599,0.266072
2014,1,15,36.1302,-0.526,0.266072
2014,1,15,36.1302,-0.5052,0.266072
2014,1,15,36.1302,-0.474,0.266072
2014,1,15,36.1198,-0.5365,0.266072
2014,1,15,36.1198,-0.526,0.266072
2014,1,15,36.1198,-0.4844,0.266072
2014,1,15,36.0885,-0.651,0.266072
2014,1,15,36.0885,-0.4844,0.266072
2014,1,15,36.0781,-0.0052,0.266072
2014,1,15,36.0781,0.0156,0.266072
2014,1,15,36.0469,-0.026,0.266072
2014,1,15,36.0365,-0.099,0.266072
2014,1,15,36.0365,-0.0573,0.266072
2014,1,15,36.0365,-0.0469,0.266072
2014,1,15,36.0365,-0.0365,0.266072
2014,1,15,36.0365,-0.026,0.266072
2014,1,15,36.026,-0.2031,0.266072
2014,1,15,36.026,-0.151,0.266072
2014,1,15,36.026,-0.1302,0.266072
2014,1,15,36.026,-0.0885,0.266072
2014,1,15,36.026,-0.0573,0.266072
2014,1,15,36.026,-0.0365,0.266072
2014,1,15,36.026,-0.026,0.266072
2014,1,15,36.0156,-0.151,0.266072
2014,1,15,36.0156,-0.0885,0.266072
2014,1,15,36.0156,-0.0781,0.266072
2014,1,15,36.0156,-0.0677,0.266072
2014,1,15,36.0156,-0.0573,0.266072
2014,1,15,36.0156,-0.0365,0.266072
2014,1,15,36.0156,-0.026,0.266072
2014,1,15,36.0052,-0.2448,0.266072
2014,1,15,36.0052,-0.224,0.266072
2014,1,15,36.0052,-0.0677,0.266072
2014,1,15,36.0052,-0.0573,0.266072
2014,1,15,36.0052,-0.026,0.266072
2014,1,15,35.9948,-0.2865,0.266072
2014,1,15,35.9948,-0.2344,0.266072
2014,1,15,35.9948,-0.224,0.266072
2014,1,15,35.9948,-0.2135,0.266072
2014,1,15,35.9948,-0.2031,0.266072
2014,1,15,35.9948,-0.0469,0.266072
2014,1,15,35.9948,-0.0365,0.266072
2014,1,15,35.9844,-0.4219,0.266072
2014,1,15,35.9844,-0.2656,0.266072
2014,1,15,35.9844,-0.2552,0.266072
2014,1,15,35.974,-0.349,0.266072
2014,1,15,35.974,-0.0677,0.266072
2014,1,15,35.974,-0.0573,0.266072
2014,1,15,35.974,-0.026,0.266072
2014,1,15,35.9635,-0.3594,0.266072
2014,1,15,35.9635,-0.349,0.266072
2014,1,15,35.9635,-0.0573,0.266072
2014,1,15,35.9635,-0.0365,0.266072
2014,1,15,35.9635,-0.026,0.266072
2014,1,15,35.9531,-0.3802,0.266072
2014,1,15,35.9531,-0.0677,0.266072
2014,1,15,35.9531,-0.0469,0.266072
2014,1,15,35.9531,-0.0156,0.266072
2014,1,15,35.9427,-0.3906,0.266072
2014,1,15,35.9427,-0.0885,0.266072
2014,1,15,35.9427,-0.026,0.266072
2014,1,15,35.9323,-0.4219,0.266072
2014,1,15,35.9323,-0.0781,0.266072
2014,1,15,35.9219,-0.6615,0.266072
2014,1,15,35.9219,-0.4844,0.266072
2014,1,15,35.9219,-0.474,0.266072
2014,1,15,35.9115,-0.5052,0.266072
2014,1,15,35.9115,-0.4948,0.266072
2014,1,15,35.9115,-0.0573,0.266072
2014,1,15,35.901,-0.5573,0.266072
2014,1,15,35.901,-0.5156,0.266072
2014,1,15,35.901,-0.5052,0.266072
2014,1,15,35.901,-0.026,0.266072
2014,1,15,35.8906,-0.6094,0.266072
2014,1,15,35.8906,-0.5885,0.266072
2014,1,15,35.8906,-0.5573,0.266072
2014,1,15,35.8802,-0.6302,0.266072
2014,1,15,35.8802,-0.6198,0.266072
2014,1,15,35.8802,-0.6094,0.266072
2014,1,15,35.8698,-0.599,0.266072
2014,1,15,35.8594,-0.6615,0.266072
2014,1,15,35.8594,-0.6406,0.266072
2014,1,15,35.8594,-0.6302,0.266072
2014,1,17,37.2135,0.6198,0.266072
2014,1,17,36.776,-0.4531,0.266072
2014,1,17,36.7656,-0.3281,0.266072
2014,1,17,36.7135,-0.526,0.266072
2014,1,17,36.7135,-0.4635,0.266072
2014,1,17,36.6927,-0.5365,0.266072
2014,1,18,36.3594,-0.7656,0.266072
2014,1,18,36.3594,-0.7031,0.266072
2014,1,18,36.3594,-0.6927,0.266072
2014,1,18,36.349,-0.776,0.266072
2014,1,18,36.0885,-0.7865,0.266072
2014,1,18,36.0677,-0.7969,0.266072
2014,1,18,36.0573,-0.8281,0.266072
2014,1,18,36.0573,-0.8073,0.266072
2014,1,18,36.0469,-0.8281,0.266072
2014,1,18,36.0469,-0.8177,0.266072
2014,1,18,36.0365,-0.8281,0.266072
2014,1,18,36.026,-0.8385,0.266072
2014,1,18,36.026,-0.8281,0.266072
2014,1,18,35.9948,-0.6719,0.266072
2014,1,18,35.9844,-0.6927,0.266072
2014,1,18,35.9844,-0.6823,0.266072
2014,1,18,35.974,-0.7865,0.266072
2014,1,18,35.974,-0.7656,0.266072
2014,1,18,35.974,-0.7135,0.266072
2014,1,18,35.974,-0.7031,0.266072
2014,1,18,35.9635,-0.901,0.266072
2014,1,18,35.9635,-0.8281,0.266072
2014,1,18,35.9635,-0.8177,0.266072
2014,1,18,35.9635,-0.8073,0.266072
2014,1,18,35.9635,-0.776,0.266072
2014,1,18,35.9635,-0.7552,0.266072
2014,1,18,35.9635,-0.724,0.266072
2014,1,18,35.9635,-0.6823,0.266072
2014,1,18,35.9531,-0.9115,0.266072
2014,1,18,35.9531,-0.8281,0.266072
2014,1,18,35.9531,-0.8177,0.266072
2014,1,18,35.9531,-0.8073,0.266072
2014,1,18,35.9427,-0.8698,0.266072
2014,1,18,35.9427,-0.8073,0.266072
2014,1,18,35.9427,-0.7969,0.266072
2014,1,18,35.9427,-0.776,0.266072
2014,1,18,35.9427,-0.7656,0.266072
2014,1,18,35.9427,-0.7552,0.266072
2014,1,18,35.9427,-0.7344,0.266072
2014,1,18,35.9323,-0.849,0.266072
2014,1,18,35.9323,-0.7969,0.266072
2014,1,18,35.9323,-0.776,0.266072
2014,1,18,35.9323,-0.7448,0.266072
2014,1,18,35.9219,-0.8385,0.266072
2014,1,18,35.9219,-0.8281,0.266072
2014,1,18,35.9115,-0.9844,0.266072
2014,1,18,35.9115,-0.974,0.266072
2014,1,18,35.9115,-0.8385,0.266072
2014,1,18,35.9115,-0.8281,0.266072
2014,1,18,35.9115,-0.8073,0.266072
2014,1,18,35.901,-0.9948,0.266072
2014,1,18,35.901,-0.9635,0.266072
2014,1,18,35.901,-0.8073,0.266072
2014,1,18,35.901,-0.7448,0.266072
2014,1,18,35.8906,-0.9844,0.266072
2014,1,18,35.8906,-0.9531,0.266072
2014,1,18,35.8906,-0.8594,0.266072
2014,1,18,35.8906,-0.8385,0.266072
2014,1,18,35.8802,-0.849,0.266072
2014,1,18,35.8802,-0.8385,0.266072
2014,1,18,35.8802,-0.8281,0.266072
2014,1,18,35.8802,-0.7552,0.266072
2014,1,18,35.8802,-0.7448,0.266072
2014,1,18,35.8698,-0.8385,0.266072
2014,1,18,35.8177,-0.7031,0.266072
2014,1,18,35.7969,-0.9948,0.266072
2014,1,18,35.7865,-0.6719,0.266072
2014,1,18,35.7552,-0.6823,0.266072
2014,1,18,35.7448,-0.974,0.266072
2014,1,18,35.7448,-0.9115,0.266072
2014,1,18,36.8073,-0.3177,0.266072
2014,1,18,36.7865,-0.3281,0.266072
2014,1,18,36.7135,-0.5885,0.266072
2014,1,18,36.7135,-0.4635,0.266072
2014,1,18,36.7135,-0.3698,0.266072
2014,1,18,36.7031,-0.5885,0.266072
2014,1,18,36.7031,-0.401,0.266072
2014,1,18,36.7031,-0.2552,0.266072
2014,1,18,36.6719,-0.151,0.266072
2014,1,18,36.6615,-0.2552,0.266072
2014,1,18,36.651,-0.2656,0.266072
2014,1,18,36.651,-0.1094,0.266072
2014,1,18,36.6198,-0.2448,0.266072
2014,1,18,36.6094,-0.151,0.266072
2014,1,18,36.599,-0.276,0.266072
2014,1,18,36.5885,-0.6094,0.266072
2014,1,18,36.5469,-0.349,0.266072
2014,1,18,36.5365,-0.3385,0.266072
2014,1,18,36.4323,-0.6615,0.266072
2014,1,18,36.4219,-0.651,0.266072
2014,1,18,36.4219,-0.5365,0.266072
2014,1,18,36.3073,-0.0469,0.266072
2014,1,18,36.3073,-0.0156,0.266072
2014,1,18,36.3073,0.0052,0.266072
2014,1,18,36.2865,-0.0052,0.266072
2014,1,18,36.2865,0.151,0.266072
2014,1,18,36.276,0.1823,0.266072
2014,1,18,36.2656,-0.0885,0.266072
2014,1,18,36.2656,-0.0677,0.266072
2014,1,18,36.2552,-0.1198,0.266072
2014,1,18,36.2552,-0.0677,0.266072
2014,1,18,36.2552,-0.0573,0.266072
2014,1,18,36.2552,-0.0365,0.266072
2014,1,18,36.2552,0.026,0.266072
2014,1,18,36.2448,-0.1302,0.266072
2014,1,18,36.2448,-0.0469,0.266072
2014,1,18,36.2448,-0.026,0.266072
2014,1,18,36.2448,0.0052,0.266072
2014,1,18,36.2448,0.2031,0.266072
2014,1,18,36.2344,-0.0677,0.266072
2014,1,18,36.2344,-0.0573,0.266072
2014,1,18,36.2344,-0.0469,0.266072
2014,1,18,36.2344,-0.0365,0.266072
2014,1,18,36.2344,-0.026,0.266072
2014,1,18,36.2344,-0.0156,0.266072
2014,1,18,36.2344,0.0052,0.266072
2014,1,18,36.2344,0.2031,0.266072
2014,1,18,36.224,-0.0573,0.266072
2014,1,18,36.224,-0.0469,0.266072
2014,1,18,36.224,-0.0365,0.266072
2014,1,18,36.224,0.224,0.266072
2014,1,18,36.224,0.2448,0.266072
2014,1,18,36.2135,-0.151,0.266072
2014,1,18,36.2135,-0.1094,0.266072
2014,1,18,36.2135,-0.0052,0.266072
2014,1,18,36.2135,0.2135,0.266072
2014,1,18,36.1927,-0.026,0.266072
2014,1,18,36.1927,-0.0052,0.266072
2014,1,18,36.1823,-0.0781,0.266072
2014,1,18,36.1823,-0.0156,0.266072
2014,1,18,36.1615,-0.0052,0.266072
2014,1,18,36.1615,0.2031,0.266072
2014,1,18,36.151,-0.2552,0.266072
2014,1,18,36.1406,-0.3385,0.266072
2014,1,18,36.1406,-0.1719,0.266072
2014,1,18,36.1406,-0.1615,0.266072
2014,1,18,36.1406,-0.0573,0.266072
2014,1,18,36.1406,-0.0365,0.266072
2014,1,18,36.1302,-0.349,0.266072
2014,1,18,36.1302,-0.3385,0.266072
2014,1,18,36.1302,-0.3177,0.266072
2014,1,18,36.1302,-0.3073,0.266072
2014,1,18,36.1302,-0.2969,0.266072
2014,1,18,36.1302,-0.2865,0.266072
2014,1,18,36.1302,-0.224,0.266072
2014,1,18,36.1302,-0.1927,0.266072
2014,1,18,36.1302,-0.1615,0.266072
2014,1,18,36.1198,-0.3698,0.266072
2014,1,18,36.1198,-0.349,0.266072
2014,1,18,36.1198,-0.3281,0.266072
2014,1,18,36.1198,-0.3073,0.266072
2014,1,18,36.1198,-0.2552,0.266072
2014,1,18,36.1198,-0.2135,0.266072
2014,1,18,36.1198,-0.1615,0.266072
2014,1,18,36.1094,-0.349,0.266072
2014,1,18,36.1094,-0.3281,0.266072
2014,1,18,36.1094,-0.2865,0.266072
2014,1,18,36.1094,-0.276,0.266072
2014,1,18,36.1094,-0.1615,0.266072
2014,1,18,36.099,-0.4531,0.266072
2014,1,18,36.099,-0.3385,0.266072
2014,1,18,36.099,-0.3073,0.266072
2014,1,18,36.099,0.151,0.266072
2014,1,18,36.0885,-0.4635,0.266072
2014,1,18,36.0885,-0.3698,0.266072
2014,1,18,36.0885,-0.3594,0.266072
2014,1,18,36.0885,-0.349,0.266072
2014,1,18,36.0885,-0.1719,0.266072
2014,1,18,36.0781,-0.3385,0.266072
2014,1,18,36.0677,-0.4948,0.266072
2014,1,18,36.0677,-0.4844,0.266072
2014,1,18,36.0677,-0.401,0.266072
2014,1,18,36.0677,-0.349,0.266072
2014,1,18,36.0573,-0.5677,0.266072
2014,1,18,36.0573,-0.5573,0.266072
2014,1,18,36.0573,-0.3906,0.266072
2014,1,18,36.0573,-0.3698,0.266072
2014,1,18,36.0573,-0.2344,0.266072
2014,1,18,36.0573,-0.2135,0.266072
2014,1,18,36.0469,-0.599,0.266072
2014,1,18,36.0469,-0.5781,0.266072
2014,1,18,36.0469,-0.5365,0.266072
2014,1,18,36.0469,-0.3698,0.266072
2014,1,18,36.0469,-0.3594,0.266072
2014,1,18,36.0469,-0.2865,0.266072
2014,1,18,36.0469,-0.2656,0.266072
2014,1,18,36.0469,-0.1823,0.266072
2014,1,18,36.0365,-0.5365,0.266072
2014,1,18,36.0365,-0.3802,0.266072
2014,1,18,36.0365,-0.3385,0.266072
2014,1,18,36.0365,-0.2656,0.266072
2014,1,18,36.0365,-0.2552,0.266072
2014,1,18,36.0365,-0.2344,0.266072
2014,1,18,36.0365,-0.224,0.266072
2014,1,18,36.0365,-0.151,0.266072
2014,1,18,36.026,-0.6094,0.266072
2014,1,18,36.026,-0.5052,0.266072
2014,1,18,36.026,-0.2656,0.266072
2014,1,18,36.026,-0.2448,0.266072
2014,1,18,36.026,-0.2031,0.266072
2014,1,18,36.0156,-0.651,0.266072
2014,1,18,36.0156,-0.6302,0.266072
2014,1,18,36.0156,-0.5156,0.266072
2014,1,18,36.0156,-0.4844,0.266072
2014,1,18,36.0156,-0.474,0.266072
2014,1,18,36.0052,-0.6615,0.266072
2014,1,18,36.0052,-0.651,0.266072
2014,1,18,36.0052,-0.224,0.266072
2014,1,18,35.9948,-0.6615,0.266072
2014,1,18,35.9948,-0.6198,0.266072
2014,1,18,35.9948,-0.4948,0.266072
2014,1,18,35.9948,-0.3073,0.266072
2014,1,18,35.9844,-0.5573,0.266072
2014,1,18,35.9844,-0.5365,0.266072
2014,1,18,35.9844,-0.526,0.266072
2014,1,18,35.9844,-0.2135,0.266072
2014,1,18,35.974,-0.651,0.266072
2014,1,18,35.974,-0.599,0.266072
2014,1,18,35.974,-0.5781,0.266072
2014,1,18,35.974,-0.2969,0.266072
2014,1,18,35.974,-0.2865,0.266072
2014,1,18,35.974,-0.276,0.266072
2014,1,18,35.9635,-0.6615,0.266072
2014,1,18,35.9635,-0.4844,0.266072
2014,1,18,35.9635,-0.2135,0.266072
2014,1,18,35.9531,-0.6615,0.266072
2014,1,18,35.9531,-0.599,0.266072
2014,1,18,35.9531,-0.5365,0.266072
2014,1,18,35.9531,-0.4948,0.266072
2014,1,18,35.9427,-0.6615,0.266072
2014,1,18,35.9427,-0.5885,0.266072
2014,1,18,35.9427,-0.3073,0.266072
2014,1,18,35.9323,-0.6615,0.266072
2014,1,18,35.9323,-0.599,0.266072
2014,1,18,35.9323,-0.5365,0.266072
2014,1,18,35.9323,-0.474,0.266072
2014,1,18,35.9219,-0.6302,0.266072
2014,1,18,35.9219,-0.5885,0.266072
2014,1,18,35.9219,-0.4323,0.266072
2014,1,18,35.9115,-0.5781,0.266072
2014,1,18,35.9115,-0.5052,0.266072
2014,1,18,35.901,-0.5573,0.266072
2014,1,18,35.901,-0.526,0.266072
2014,1,18,35.8906,-0.5469,0.266072
2014,1,20,36.1406,-0.8073,0.266072
2014,1,20,36.0156,-0.9219,0.266072
2014,1,20,36.0156,-0.7135,0.266072
2014,1,20,36.0052,-0.9427,0.266072
2014,1,20,35.9948,-0.8698,0.266072
2014,1,20,35.9948,-0.6927,0.266072
2014,1,20,35.9844,-0.9844,0.266072
2014,1,20,35.9844,-0.7135,0.266072
2014,1,20,35.9844,-0.6823,0.266072
2014,1,20,35.974,-0.776,0.266072
2014,1,20,35.974,-0.7344,0.266072
2014,1,20,35.974,-0.7135,0.266072
2014,1,20,35.9635,-0.8073,0.266072
2014,1,20,35.9635,-0.7969,0.266072
2014,1,20,35.9635,-0.7552,0.266072
2014,1,20,35.9531,-0.8906,0.266072
2014,1,20,35.9531,-0.7865,0.266072
2014,1,20,35.9427,-0.974,0.266072
2014,1,20,35.9427,-0.776,0.266072
2014,1,20,35.9427,-0.7448,0.266072
2014,1,20,35.9427,-0.6823,0.266072
2014,1,20,35.9323,-0.974,0.266072
2014,1,20,35.9219,-0.8906,0.266072
2014,1,20,35.9219,-0.8802,0.266072
2014,1,20,35.9115,-0.9115,0.266072
2014,1,20,35.9115,-0.724,0.266072
2014,1,20,35.901,-0.974,0.266072
2014,1,20,35.901,-0.9635,0.266072
2014,1,20,35.901,-0.8073,0.266072
2014,1,20,35.849,-0.7865,0.266072
2014,1,20,35.849,-0.7656,0.266072
2014,1,20,35.849,-0.6927,0.266072
2014,1,20,37.0677,0.8594,0.266072
2014,1,20,36.9635,0.974,0.266072
2014,1,20,36.9635,0.9844,0.266072
2014,1,20,36.7969,0.9323,0.266072
2014,1,20,36.6198,0.9427,0.266072
2014,1,20,36.5469,0.5885,0.266072
2014,1,20,36.5469,0.8906,0.266072
2014,1,20,36.5365,0.724,0.266072
2014,1,20,36.5365,0.776,0.266072
2014,1,20,36.526,0.7656,0.266072
2014,1,20,36.526,0.776,0.266072
2014,1,20,36.5052,-0.0781,0.266072
2014,1,20,36.474,-0.0052,0.266072
2014,1,20,36.474,0.0052,0.266072
2014,1,20,36.4115,-0.0885,0.266072
2014,1,20,36.3177,-0.3281,0.266072
2014,1,20,36.224,-0.5469,0.266072
2014,1,20,36.2135,-0.349,0.266072
2014,1,20,36.2135,-0.099,0.266072
2014,1,20,36.2031,-0.3594,0.266072
2014,1,20,36.2031,-0.3385,0.266072
2014,1,20,36.2031,-0.0469,0.266072
2014,1,20,36.1927,-0.3802,0.266072
2014,1,20,36.1719,-0.6615,0.266072
2014,1,20,36.1615,-0.3698,0.266072
2014,1,20,36.1615,-0.349,0.266072
2014,1,20,36.1615,-0.2969,0.266072
2014,1,20,36.1406,-0.3594,0.266072
2014,1,20,36.099,-0.474,0.266072
2014,1,20,36.099,-0.2344,0.266072
2014,1,20,36.0885,-0.4531,0.266072
2014,1,20,36.0885,-0.2865,0.266072
2014,1,20,36.0677,-0.4844,0.266072
2014,1,20,36.0677,-0.4323,0.266072
2014,1,20,36.0677,-0.3802,0.266072
2014,1,20,36.0677,-0.3698,0.266072
2014,1,20,36.0573,-0.5052,0.266072
2014,1,20,36.0573,-0.2135,0.266072
2014,1,20,36.0469,-0.5156,0.266072
2014,1,20,36.026,-0.5573,0.266072
2014,1,20,36.026,-0.5052,0.266072
2014,1,20,36.0156,-0.5885,0.266072
2014,1,20,35.9844,-0.651,0.266072
2014,1,20,35.974,-0.3385,0.266072
2014,1,20,35.9635,-0.599,0.266072
2014,1,20,35.9427,-0.4427,0.266072
2014,1,20,35.9219,-0.526,0.266072
2014,1,21,36.526,-0.8698,0.266072
2014,1,21,36.526,-0.8385,0.266072
2014,1,21,36.526,-0.8281,0.266072
2014,1,21,36.526,-0.8177,0.266072
2014,1,21,36.526,-0.7865,0.266072
2014,1,21,36.5156,-0.8698,0.266072
2014,1,21,36.5156,-0.8594,0.266072
2014,1,21,36.5156,-0.849,0.266072
2014,1,21,36.5156,-0.8385,0.266072
2014,1,21,36.5156,-0.8281,0.266072
2014,1,21,36.5156,-0.8073,0.266072
2014,1,21,36.5156,-0.7969,0.266072
2014,1,21,36.5156,-0.6927,0.266072
2014,1,21,36.5052,-0.7552,0.266072
2014,1,21,36.4948,-0.8177,0.266072
2014,1,21,36.4948,-0.8073,0.266072
2014,1,21,36.4948,-0.7865,0.266072
2014,1,21,36.474,-0.724,0.266072
2014,1,21,36.4635,-0.7135,0.266072
2014,1,21,36.4531,-0.7135,0.266072
2014,1,21,36.4427,-0.724,0.266072
2014,1,21,36.3802,-0.6927,0.266072
2014,1,21,36.3802,-0.6823,0.266072
2014,1,21,36.3802,-0.6719,0.266072
2014,1,21,36.2865,-0.9323,0.266072
2014,1,21,36.1406,-0.9323,0.266072
2014,1,21,36.1406,-0.9219,0.266072
2014,1,21,36.1406,-0.9115,0.266072
2014,1,21,36.1406,-0.901,0.266072
2014,1,21,36.1406,-0.8906,0.266072
2014,1,21,36.1094,-0.9844,0.266072
2014,1,21,36.099,-0.9115,0.266072
2014,1,21,36.099,-0.8698,0.266072
2014,1,21,36.0885,-0.9844,0.266072
2014,1,21,36.0885,-0.9635,0.266072
2014,1,21,36.0781,-0.9844,0.266072
2014,1,21,36.0781,-0.9635,0.266072
2014,1,21,37.0365,0.7865,0.266072
2014,1,21,36.3906,-0.6615,0.266072
2014,1,23,36.5365,-0.7865,0.266072
2014,1,23,36.5052,-0.8073,0.266072
2014,1,23,36.4635,-0.7135,0.266072
2014,1,23,36.4531,-0.724,0.266072
2014,1,23,36.4427,-0.7448,0.266072
2014,1,23,36.4427,-0.7344,0.266072
2014,1,23,36.4427,-0.724,0.266072
2014,1,23,36.4427,-0.7135,0.266072
2014,1,23,36.4323,-0.776,0.266072
2014,1,23,36.4323,-0.724,0.266072
2014,1,23,36.4219,-0.7344,0.266072
2014,1,23,36.4115,-0.7135,0.266072
2014,1,23,36.4115,-0.7031,0.266072
2014,1,23,36.401,-0.7552,0.266072
2014,1,23,36.401,-0.7448,0.266072
2014,1,23,36.401,-0.7344,0.266072
2014,1,23,36.401,-0.724,0.266072
2014,1,23,36.401,-0.7135,0.266072
2014,1,23,36.401,-0.7031,0.266072
2014,1,23,36.401,-0.6927,0.266072
2014,1,23,36.3906,-0.7552,0.266072
2014,1,23,36.3906,-0.7448,0.266072
2014,1,23,36.3906,-0.6927,0.266072
2014,1,23,36.3698,-0.7552,0.266072
2014,1,23,36.3281,-0.7552,0.266072
2014,1,23,36.3281,-0.7448,0.266072
2014,1,23,36.3177,-0.7552,0.266072
2014,1,23,36.2969,-0.7656,0.266072
2014,1,23,36.2969,-0.7135,0.266072
2014,1,23,36.2865,-0.7969,0.266072
2014,1,23,36.276,-0.7656,0.266072
2014,1,23,36.2656,-0.6823,0.266072
2014,1,23,36.2552,-0.776,0.266072
2014,1,23,36.2448,-0.7448,0.266072
2014,1,23,36.2344,-0.7969,0.266072
2014,1,23,36.2344,-0.7656,0.266072
2014,1,23,36.2344,-0.7552,0.266072
2014,1,23,36.2344,-0.7448,0.266072
2014,1,23,36.224,-0.7552,0.266072
2014,1,23,36.224,-0.7448,0.266072
2014,1,23,36.2031,-0.7552,0.266072
2014,1,23,36.2031,-0.7344,0.266072
2014,1,23,36.2031,-0.724,0.266072
2014,1,23,36.1927,-0.724,0.266072
2014,1,23,36.1927,-0.7135,0.266072
2014,1,23,36.1927,-0.7031,0.266072
2014,1,23,36.1823,-0.6927,0.266072
2014,1,23,36.1719,-0.7135,0.266072
2014,1,23,36.1719,-0.7031,0.266072
2014,1,23,37.0885,0.2969,0.266072
2014,1,23,37.0781,0.2969,0.266072
2014,1,23,37.0677,0.3073,0.266072
2014,1,23,36.7344,-0.401,0.266072
2014,1,23,36.7135,-0.276,0.266072
2014,1,23,36.6302,-0.1823,0.266072
2014,1,23,36.6302,-0.1719,0.266072
2014,1,23,36.6302,-0.1615,0.266072
2014,1,23,36.6198,-0.1719,0.266072
2014,1,23,36.6198,-0.1615,0.266072
2014,1,23,36.5156,-0.1823,0.266072
2014,1,23,36.5052,-0.2656,0.266072
2014,1,23,36.5052,-0.224,0.266072
2014,1,23,36.2656,-0.5156,0.266072
2014,1,23,36.2656,-0.4948,0.266072
2014,1,24,36.9948,0.776,0.266072
2014,1,24,36.849,0.6198,0.266072
2014,1,24,36.8385,0.5677,0.266072
2014,1,24,36.7656,0.4635,0.266072
2014,1,24,36.7552,0.4635,0.266072
2014,1,24,36.7448,0.3802,0.266072
2014,1,24,36.724,0.401,0.266072
2014,1,24,36.7135,0.401,0.266072
2014,1,26,36.7448,0.4219,0.266072
2014,1,26,36.7135,0.4115,0.266072
2014,1,26,36.6198,0.3802,0.266072
2014,1,26,36.6094,0.3698,0.266072
2014,1,26,36.526,0.8802,0.266072
2014,1,26,36.526,0.8906,0.266072
2014,1,26,36.5156,0.8906,0.266072
2014,1,26,36.5156,0.9115,0.266072
2014,1,26,36.5156,0.9219,0.266072
2014,1,26,36.5052,0.8177,0.266072
2014,1,26,36.5052,0.8802,0.266072
2014,1,26,36.5052,0.9115,0.266072
2014,1,26,36.4948,0.8073,0.266072
2014,1,26,36.4948,0.8594,0.266072
2014,1,26,36.4948,0.8698,0.266072
2014,1,26,36.4948,0.8802,0.266072
2014,1,26,36.4844,0.8073,0.266072
2014,1,26,36.4844,0.8698,0.266072
2014,1,26,36.4844,0.8802,0.266072
2014,1,26,36.4844,0.8906,0.266072
2014,1,26,36.474,0.2031,0.266072
2014,1,26,36.474,0.724,0.266072
2014,1,26,36.474,0.7969,0.266072
2014,1,26,36.474,0.8073,0.266072
2014,1,26,36.474,0.8385,0.266072
2014,1,26,36.474,0.8594,0.266072
2014,1,26,36.474,0.8698,0.266072
2014,1,26,36.4635,0.224,0.266072
2014,1,26,36.4635,0.2344,0.266072
2014,1,26,36.4635,0.7969,0.266072
2014,1,26,36.4635,0.8073,0.266072
2014,1,26,36.4635,0.8698,0.266072
2014,1,26,36.4531,0.7656,0.266072
2014,1,26,36.4427,0.7552,0.266072
2014,1,26,36.4427,0.7656,0.266072
2014,1,26,36.4427,0.776,0.266072
2014,1,26,36.4427,0.7865,0.266072
2014,1,26,36.4323,0.7865,0.266072
2014,1,26,36.4219,0.724,0.266072
2014,1,26,36.349,0.224,0.266072
2014,1,26,36.3281,0.1719,0.266072
2014,1,26,36.3281,0.2135,0.266072
2014,1,26,36.3177,0.1719,0.266072
2014,1,26,36.3177,0.2135,0.266072
2014,1,26,36.3073,0.1719,0.266072
2014,1,26,36.3073,0.1823,0.266072
2014,1,26,36.2969,0.2135,0.266072
2014,1,26,36.2969,0.2448,0.266072
2014,1,26,36.2865,0.224,0.266072
2014,1,26,36.2656,0.1094,0.266072
2014,1,26,36.2552,0.0052,0.266072
2014,1,26,36.2552,0.0885,0.266072
2014,1,26,36.2552,0.1198,0.266072
2014,1,26,36.2552,0.2344,0.266072
2014,1,26,36.2552,0.2448,0.266072
2014,1,26,36.2448,0.1823,0.266072
2014,1,26,36.2448,0.2031,0.266072
2014,1,26,36.2448,0.224,0.266072
2014,1,26,36.2344,-0.026,0.266072
2014,1,26,36.2344,0.1823,0.266072
2014,1,26,36.224,-0.1302,0.266072
2014,1,26,36.224,0.1719,0.266072
2014,1,26,36.2135,-0.0781,0.266072
2014,1,26,36.2135,0.1719,0.266072
2014,1,26,36.1927,0.1302,0.266072
2014,1,26,36.1823,0.1198,0.266072
2014,1,26,36.1719,-0.1823,0.266072
2014,1,26,36.1615,-0.2031,0.266072
2014,1,26,36.1615,-0.1927,0.266072
2014,1,26,36.1615,-0.1823,0.266072
2014,1,26,36.151,-0.1927,0.266072
2014,1,26,36.151,-0.1719,0.266072
2014,1,26,36.151,-0.1198,0.266072
2014,1,26,36.1406,-0.2448,0.266072
2014,1,26,36.1406,-0.224,0.266072
2014,1,26,36.1406,-0.2135,0.266072
2014,1,26,36.1406,-0.2031,0.266072
2014,1,26,36.1406,-0.1927,0.266072
2014,1,26,36.1406,-0.1823,0.266072
2014,1,26,36.1406,-0.1719,0.266072
2014,1,26,36.1406,-0.1615,0.266072
2014,1,26,36.1406,-0.1302,0.266072
2014,1,26,36.1406,-0.1094,0.266072
2014,1,26,36.1406,0.0573,0.266072
2014,1,26,36.1302,-0.224,0.266072
2014,1,26,36.1302,-0.2031,0.266072
2014,1,26,36.1302,-0.1719,0.266072
2014,1,26,36.1302,-0.1302,0.266072
2014,1,26,36.1302,-0.1198,0.266072
2014,1,26,36.1302,-0.1094,0.266072
2014,1,26,36.1198,-0.2344,0.266072
2014,1,26,36.1198,-0.1927,0.266072
2014,1,26,36.1198,-0.1302,0.266072
2014,1,26,36.1198,-0.1094,0.266072
2014,1,26,36.1094,-0.2031,0.266072
2014,1,26,36.0781,-0.2448,0.266072
2014,1,26,36.0781,-0.2344,0.266072
2014,1,26,36.0677,-0.2344,0.266072
2014,1,26,36.0677,-0.224,0.266072
2014,1,27,36.0469,-0.7552,0.266072
2014,1,27,35.9948,-0.7552,0.266072
2014,1,27,35.9948,-0.6823,0.266072
2014,1,27,35.8802,-0.6719,0.266072
2014,1,27,36.4531,0.5469,0.266072
2014,1,27,36.401,0.2969,0.266072
2014,1,27,36.401,0.349,0.266072
2014,1,27,36.3906,0.2969,0.266072
2014,1,27,36.3906,0.3073,0.266072
2014,1,27,36.3906,0.3177,0.266072
2014,1,27,36.3802,0.3073,0.266072
2014,1,27,36.3698,0.2969,0.266072
2014,1,27,36.3698,0.3906,0.266072
2014,1,27,36.3698,0.401,0.266072
2014,1,27,36.3594,0.276,0.266072
2014,1,27,36.3594,0.3802,0.266072
2014,1,27,36.3594,0.4219,0.266072
2014,1,27,36.349,0.0156,0.266072
2014,1,27,36.349,0.0365,0.266072
2014,1,27,36.349,0.099,0.266072
2014,1,27,36.349,0.3802,0.266072
2014,1,27,36.349,0.3906,0.266072
2014,1,27,36.349,0.4219,0.266072
2014,1,27,36.349,0.4323,0.266072
2014,1,27,36.3385,0.099,0.266072
2014,1,27,36.3385,0.2448,0.266072
2014,1,27,36.3385,0.2656,0.266072
2014,1,27,36.3385,0.276,0.266072
2014,1,27,36.3385,0.2865,0.266072
2014,1,27,36.3385,0.3385,0.266072
2014,1,27,36.3385,0.349,0.266072
2014,1,27,36.3385,0.3594,0.266072
2014,1,27,36.3385,0.3698,0.266072
2014,1,27,36.3385,0.3802,0.266072
2014,1,27,36.3385,0.3906,0.266072
2014,1,27,36.3385,0.401,0.266072
2014,1,27,36.3281,0.0469,0.266072
2014,1,27,36.3281,0.0781,0.266072
2014,1,27,36.3281,0.0885,0.266072
2014,1,27,36.3281,0.099,0.266072
2014,1,27,36.3281,0.1094,0.266072
2014,1,27,36.3281,0.1198,0.266072
2014,1,27,36.3281,0.1615,0.266072
2014,1,27,36.3281,0.2865,0.266072
2014,1,27,36.3281,0.3073,0.266072
2014,1,27,36.3281,0.3177,0.266072
2014,1,27,36.3281,0.3385,0.266072
2014,1,27,36.3281,0.349,0.266072
2014,1,27,36.3281,0.3594,0.266072
2014,1,27,36.3177,0.0573,0.266072
2014,1,27,36.3177,0.0885,0.266072
2014,1,27,36.3177,0.099,0.266072
2014,1,27,36.3177,0.1094,0.266072
2014,1,27,36.3177,0.1198,0.266072
2014,1,27,36.3177,0.1302,0.266072
2014,1,27,36.3177,0.1406,0.266072
2014,1,27,36.3177,0.151,0.266072
2014,1,27,36.3177,0.1823,0.266072
2014,1,27,36.3177,0.224,0.266072
2014,1,27,36.3177,0.2656,0.266072
2014,1,27,36.3177,0.2865,0.266072
2014,1,27,36.3177,0.2969,0.266072
2014,1,27,36.3177,0.349,0.266072
2014,1,27,36.3177,0.3594,0.266072
2014,1,27,36.3177,0.3698,0.266072
2014,1,27,36.3073,0.099,0.266072
2014,1,27,36.3073,0.1406,0.266072
2014,1,27,36.3073,0.1719,0.266072
2014,1,27,36.3073,0.1823,0.266072
2014,1,27,36.3073,0.2135,0.266072
2014,1,27,36.3073,0.349,0.266072
2014,1,27,36.3073,0.3594,0.266072
2014,1,27,36.3073,0.3698,0.266072
2014,1,27,36.2969,0.0781,0.266072
2014,1,27,36.2969,0.1615,0.266072
2014,1,27,36.2969,0.1719,0.266072
2014,1,27,36.2969,0.1927,0.266072
2014,1,27,36.2969,0.2031,0.266072
2014,1,27,36.2969,0.3177,0.266072
2014,1,27,36.2969,0.3281,0.266072
2014,1,27,36.2865,0.1823,0.266072
2014,1,27,36.2865,0.1927,0.266072
2014,1,27,36.2865,0.3073,0.266072
2014,1,27,36.276,0.3177,0.266072
2014,1,27,36.2656,0.2969,0.266072
2014,1,27,36.2656,0.3177,0.266072
2014,1,27,36.2031,0.0677,0.266072
2014,1,27,36.2031,0.224,0.266072
2014,1,27,36.1823,0.1302,0.266072
2014,1,27,36.0156,-0.6198,0.266072
2014,1,27,35.9844,-0.5469,0.266072
2014,1,27,35.9844,-0.5365,0.266072
2014,1,27,35.974,-0.5365,0.266072
2014,1,27,35.974,-0.5156,0.266072
2014,1,27,35.9531,-0.651,0.266072
2014,1,27,35.9531,-0.5885,0.266072
2014,1,27,35.9531,-0.5365,0.266072
2014,1,27,35.9531,-0.099,0.266072
2014,1,27,35.9427,-0.5885,0.266072
2014,1,27,35.9427,-0.5781,0.266072
2014,1,27,35.9427,-0.3177,0.266072
2014,1,27,35.9323,-0.5677,0.266072
2014,1,27,35.9323,-0.526,0.266072
2014,1,27,35.9323,-0.3177,0.266072
2014,1,27,35.9219,-0.5573,0.266072
2014,1,27,35.9115,-0.5573,0.266072
2014,1,27,35.901,-0.599,0.266072
2014,1,27,35.901,-0.5781,0.266072
2014,1,27,35.901,-0.5677,0.266072
2014,1,27,35.901,-0.526,0.266072
2014,1,27,35.8906,-0.599,0.266072
2014,1,27,35.8906,-0.5573,0.266072
2014,1,27,35.8802,-0.5573,0.266072
2014,1,27,35.849,-0.5781,0.266072
2014,1,27,35.849,-0.5677,0.266072
2014,1,27,35.849,-0.5365,0.266072
2014,1,27,35.8385,-0.5573,0.266072
2014,1,28,36.776,0.8906,0.266072
2014,1,28,36.7552,-0.401,0.266072
2014,1,28,36.7552,0.8906,0.266072
2014,1,28,36.7448,0.849,0.266072
2014,1,28,36.7448,0.8594,0.266072
2014,1,28,36.724,0.8281,0.266072
2014,1,28,36.7135,0.8177,0.266072
2014,1,28,36.7031,0.8073,0.266072
2014,1,28,36.6927,0.7552,0.266072
2014,1,28,36.6927,0.7656,0.266072
2014,1,28,36.6927,0.776,0.266072
2014,1,28,36.651,0.651,0.266072
2014,1,28,36.6302,0.4635,0.266072
2014,1,28,36.6302,0.5156,0.266072
2014,1,28,36.6302,0.5365,0.266072
2014,1,28,36.6302,0.599,0.266072
2014,1,28,36.6198,0.4323,0.266072
2014,1,28,36.6094,0.4115,0.266072
2014,1,28,36.599,0.401,0.266072
2014,1,28,36.2344,0.2031,0.266072
2014,1,28,36.224,0.151,0.266072
2014,1,30,36.2969,-0.9323,0.266072
2014,1,30,36.0469,-0.7344,0.266072
2014,1,30,36.0365,-0.7135,0.266072
2014,1,30,35.9531,-0.8906,0.266072
2014,1,30,35.9323,-0.9115,0.266072
2014,1,30,35.8698,-0.9219,0.266072
2014,1,30,35.8594,-0.9323,0.266072
2014,1,30,35.8594,-0.901,0.266072
2014,1,30,35.8594,-0.8385,0.266072
2014,1,30,35.849,-0.9635,0.266072
2014,1,30,35.849,-0.9115,0.266072
2014,1,30,35.8385,-0.9948,0.266072
2014,1,30,35.8385,-0.974,0.266072
2014,1,30,35.8385,-0.9219,0.266072
2014,1,30,35.8385,-0.8906,0.266072
2014,1,30,35.8281,-0.9219,0.266072
2014,1,30,36.6927,0.9323,0.266072
2014,1,30,36.6823,0.9115,0.266072
2014,1,30,36.6823,0.9323,0.266072
2014,1,30,36.6615,0.9323,0.266072
2014,1,30,36.651,0.8906,0.266072
2014,1,30,36.651,0.901,0.266072
2014,1,30,36.651,0.9115,0.266072
2014,1,30,36.6406,0.901,0.266072
2014,1,30,36.6406,0.9115,0.266072
2014,1,30,36.6406,0.9323,0.266072
2014,1,30,36.6302,0.849,0.266072
2014,1,30,36.6302,0.8802,0.266072
2014,1,30,36.6302,0.9427,0.266072
2014,1,30,36.6302,0.974,0.266072
2014,1,30,36.6094,0.9219,0.266072
2014,1,30,36.6094,0.9323,0.266072
2014,1,30,36.6094,0.974,0.266072
2014,1,30,36.599,0.9948,0.266072
2014,1,30,36.5781,0.9115,0.266072
2014,1,30,36.5677,0.9948,0.266072
2014,1,30,36.5573,0.8906,0.266072
2014,1,30,36.5573,0.901,0.266072
2014,1,30,36.5573,0.9844,0.266072
2014,1,30,36.5469,0.8802,0.266072
2014,1,30,36.5365,0.8698,0.266072
2014,1,30,36.5365,0.901,0.266072
2014,1,30,36.5365,0.9115,0.266072
2014,1,30,36.526,0.8906,0.266072
2014,1,30,36.3906,0.4635,0.266072
2014,1,30,36.3698,0.2865,0.266072
2014,1,30,36.3698,0.3802,0.266072
2014,1,30,36.3698,0.401,0.266072
2014,1,30,36.3594,0.2448,0.266072
2014,1,30,36.3594,0.401,0.266072
2014,1,30,36.349,0.2552,0.266072
2014,1,30,36.349,0.276,0.266072
2014,1,30,36.349,0.2865,0.266072
2014,1,30,36.349,0.3177,0.266072
2014,1,30,36.349,0.349,0.266072
2014,1,30,36.3385,0.2344,0.266072
2014,1,30,36.3385,0.2448,0.266072
2014,1,30,36.3385,0.2656,0.266072
2014,1,30,36.3385,0.276,0.266072
2014,1,30,36.3385,0.2865,0.266072
2014,1,30,36.3385,0.3281,0.266072
2014,1,30,36.3385,0.3594,0.266072
2014,1,30,36.3281,0.1927,0.266072
2014,1,30,36.3281,0.2135,0.266072
2014,1,30,36.3281,0.2344,0.266072
2014,1,30,36.3281,0.2656,0.266072
2014,1,30,36.3281,0.3177,0.266072
2014,1,30,36.3281,0.3281,0.266072
2014,1,30,36.3281,0.349,0.266072
2014,1,30,36.3177,0.1927,0.266072
2014,1,30,36.3177,0.224,0.266072
2014,1,30,36.3177,0.2552,0.266072
2014,1,30,36.3177,0.2969,0.266072
2014,1,30,36.3177,0.3281,0.266072
2014,1,30,36.3073,0.2135,0.266072
2014,1,30,36.2969,0.3073,0.266072
2014,1,30,36.2969,0.3281,0.266072
2014,1,30,36.2865,0.1615,0.266072
2014,1,30,36.2865,0.1823,0.266072
2014,1,30,36.276,0.1615,0.266072
2014,1,30,36.276,0.2969,0.266072
2014,1,30,36.276,0.3073,0.266072
2014,1,30,36.276,0.3177,0.266072
2014,1,30,36.2656,0.1406,0.266072
2014,1,30,36.2552,0.2865,0.266072
2014,1,30,36.2448,0.1094,0.266072
2014,1,30,36.2344,0.2552,0.266072
2014,1,30,36.224,0.0573,0.266072
2014,1,30,36.224,0.0781,0.266072
2014,1,30,36.2135,0.0156,0.266072
2014,1,30,36.2135,0.2031,0.266072
2014,1,30,36.2135,0.2135,0.266072
2014,1,30,36.2135,0.224,0.266072
2014,1,30,36.2031,-0.026,0.266072
2014,1,30,36.2031,0.1927,0.266072
2014,1,30,36.1927,-0.0365,0.266072
2014,1,30,36.1927,0.1719,0.266072
2014,1,30,36.1927,0.1823,0.266072
2014,1,30,36.1823,-0.1615,0.266072
2014,1,30,36.1823,-0.151,0.266072
2014,1,30,36.1823,-0.1406,0.266072
2014,1,30,36.1823,-0.099,0.266072
2014,1,30,36.1823,-0.0781,0.266072
2014,1,30,36.1823,-0.0469,0.266072
2014,1,30,36.1823,-0.0156,0.266072
2014,1,30,36.1823,0.151,0.266072
2014,1,30,36.1719,-0.276,0.266072
2014,1,30,36.1719,0.1198,0.266072
2014,1,30,36.1615,-0.3698,0.266072
2014,1,30,36.1615,-0.3594,0.266072
2014,1,30,36.1615,-0.0573,0.266072
2014,1,30,36.1406,0.0885,0.266072
2014,1,30,36.1302,-0.3073,0.266072
2014,1,30,36.1302,-0.2969,0.266072
2014,1,30,36.1302,-0.276,0.266072
2014,1,30,36.1198,-0.3385,0.266072
2014,1,30,36.1198,-0.3073,0.266072
2014,1,30,36.1198,-0.276,0.266072
2014,1,30,36.1094,-0.3802,0.266072
2014,1,30,36.1094,-0.3594,0.266072
2014,1,30,36.1094,-0.349,0.266072
2014,1,30,36.099,-0.4219,0.266072
2014,1,30,36.099,-0.3906,0.266072
2014,1,30,36.0885,-0.4531,0.266072
2014,1,30,36.0885,0.0469,0.266072
2014,1,30,36.0781,-0.4635,0.266072
2014,1,30,36.0677,0.0052,0.266072
2014,1,30,36.0469,-0.5781,0.266072
2014,1,30,36.0469,-0.5573,0.266072
2014,1,30,36.0469,-0.526,0.266072
2014,1,30,36.0469,-0.5052,0.266072
2014,1,30,36.0469,-0.4844,0.266072
2014,1,30,36.0469,-0.0677,0.266072
2014,1,30,36.0365,-0.6615,0.266072
2014,1,30,36.0365,-0.6406,0.266072
2014,1,30,36.0365,-0.6302,0.266072
2014,1,30,36.0365,-0.6198,0.266072
2014,1,30,36.0365,-0.599,0.266072
2014,1,30,36.026,-0.5885,0.266072
2014,1,30,36.0052,-0.6302,0.266072
2014,1,30,36.0052,-0.6198,0.266072
2014,1,30,36.0052,-0.599,0.266072
2014,1,30,36.0052,-0.5573,0.266072
2014,1,31,36.599,-0.724,0.266072
2014,1,31,36.5365,-0.8594,0.266072
2014,1,31,36.5365,-0.849,0.266072
2014,1,31,36.526,-0.8698,0.266072
2014,1,31,36.5052,-0.8281,0.266072
2014,1,31,36.4115,-0.901,0.266072
2014,1,31,36.401,-0.9115,0.266072
2014,1,31,36.401,-0.901,0.266072
2014,1,31,36.3906,-0.9115,0.266072
2014,1,31,36.3906,-0.901,0.266072
2014,1,31,36.3802,-0.9531,0.266072
2014,1,31,36.3594,-0.9844,0.266072
2014,1,31,36.3594,-0.974,0.266072
2014,1,31,36.3594,-0.9635,0.266072
2014,1,31,36.3594,-0.9531,0.266072
2014,1,31,36.349,-0.9323,0.266072
2014,1,31,36.3385,-0.9635,0.266072
2014,1,31,36.3385,-0.9531,0.266072
2014,1,31,36.3281,-0.9635,0.266072
2014,1,31,36.3281,-0.9531,0.266072
2014,1,31,36.3281,-0.9427,0.266072
2014,1,31,36.3177,-0.9531,0.266072
2014,1,31,36.3073,-0.9635,0.266072
2014,1,31,36.3073,-0.9531,0.266072
2014,1,31,36.2969,-0.9531,0.266072
2014,1,31,36.2552,-0.9948,0.266072
2014,1,31,36.2552,-0.9531,0.266072
2014,1,31,36.2448,-0.9115,0.266072
2014,1,31,35.9115,-0.7552,0.266072
2014,1,31,35.849,-0.7135,0.266072
2014,1,31,35.8281,-0.724,0.266072
2014,1,31,36.4635,-0.5052,0.266072
2014,1,31,36.4635,-0.4948,0.266072
2014,1,31,36.4635,-0.3698,0.266072
2014,1,31,36.4531,-0.5052,0.266072
2014,1,31,36.4531,-0.4323,0.266072
2014,1,31,36.3802,-0.3281,0.266072
2014,1,31,36.349,-0.2656,0.266072
2014,1,31,36.3177,0.401,0.266072
2014,1,31,36.3073,0.401,0.266072
2014,1,31,36.2969,0.3594,0.266072
2014,1,31,36.2969,0.3802,0.266072
2014,1,31,36.2865,0.1406,0.266072
2014,1,31,36.2865,0.349,0.266072
2014,1,31,36.276,0.3281,0.266072
2014,1,31,36.276,0.3385,0.266072
2014,1,31,36.2656,0.026,0.266072
2014,1,31,36.2656,0.1927,0.266072
2014,1,31,36.2656,0.3073,0.266072
2014,1,31,36.2656,0.3177,0.266072
2014,1,31,36.2656,0.3281,0.266072
2014,1,31,36.2552,0.2865,0.266072
2014,1,31,36.2552,0.3177,0.266072
2014,1,31,36.2448,0.1719,0.266072
2014,1,31,36.2448,0.2448,0.266072
2014,1,31,36.2448,0.2969,0.266072
2014,1,31,36.2344,0.1823,0.266072
2014,1,31,36.2344,0.2656,0.266072
2014,1,31,36.2344,0.276,0.266072
2014,1,31,36.1927,0.2135,0.266072
2014,1,31,36.0469,-0.4948,0.266072
2014,1,31,36.0469,-0.4844,0.266072
2014,1,31,35.9948,-0.3177,0.266072
2014,1,31,35.9844,-0.224,0.266072
2014,1,1,36.5885,-0.7552,0.275423
2014,1,1,36.5573,-0.7552,0.275423
2014,1,1,36.5469,-0.7865,0.275423
2014,1,1,36.5469,-0.6927,0.275423
2014,1,1,36.526,-0.7865,0.275423
2014,1,1,36.5156,-0.7344,0.275423
2014,1,1,36.4948,-0.6927,0.275423
2014,1,1,36.4948,-0.6719,0.275423
2014,1,1,36.4844,-0.7135,0.275423
2014,1,1,36.1823,-0.6823,0.275423
2014,1,1,36.1823,-0.6719,0.275423
2014,1,1,36.1719,-0.7135,0.275423
2014,1,1,36.1615,-0.7135,0.275423
2014,1,1,36.151,-0.7344,0.275423
2014,1,1,36.151,-0.7135,0.275423
2014,1,1,36.1094,-0.7865,0.275423
2014,1,1,36.1094,-0.776,0.275423
2014,1,1,36.099,-0.8281,0.275423
2014,1,1,36.0885,-0.8594,0.275423
2014,1,1,36.0885,-0.849,0.275423
2014,1,1,36.0677,-0.8802,0.275423
2014,1,1,36.0573,-0.9531,0.275423
2014,1,1,36.0365,-0.9844,0.275423
2014,1,1,36.0365,-0.9635,0.275423
2014,1,1,37.1406,0.3698,0.275423
2014,1,1,37.1302,0.3802,0.275423
2014,1,1,37.1302,0.4427,0.275423
2014,1,1,37.1198,0.3906,0.275423
2014,1,1,37.1198,0.4219,0.275423
2014,1,1,37.1094,0.3594,0.275423
2014,1,1,37.1094,0.3906,0.275423
2014,1,1,37.1094,0.4219,0.275423
2014,1,1,37.1094,0.4948,0.275423
2014,1,1,37.099,0.3906,0.275423
2014,1,1,37.099,0.4115,0.275423
2014,1,1,37.099,0.4219,0.275423
2014,1,1,37.0781,0.474,0.275423
2014,1,1,37.0365,0.4948,0.275423
2014,1,1,37.026,0.5052,0.275423
2014,1,1,37.0156,0.5469,0.275423
2014,1,1,37.0156,0.5781,0.275423
2014,1,1,37.0052,0.5885,0.275423
2014,1,1,36.9948,0.599,0.275423
2014,1,1,36.9844,0.6302,0.275423
2014,1,1,36.9844,0.6406,0.275423
2014,1,1,36.9219,0.7135,0.275423
2014,1,1,36.9219,0.9219,0.275423
2014,1,1,36.8698,0.8281,0.275423
2014,1,1,36.849,0.9844,0.275423
2014,1,1,36.724,-0.5365,0.275423
2014,1,1,36.7135,-0.526,0.275423
2014,1,1,36.7031,-0.5781,0.275423
2014,1,1,36.6927,-0.6615,0.275423
2014,1,1,36.6927,-0.651,0.275423
2014,1,1,36.6615,-0.5885,0.275423
2014,1,1,36.6615,0.7031,0.275423
2014,1,1,36.651,-0.5365,0.275423
2014,1,1,36.651,-0.4844,0.275423
2014,1,1,36.5885,0.6823,0.275423
2014,1,1,36.5677,-0.5469,0.275423
2014,1,1,36.5469,0.0885,0.275423
2014,1,1,36.5365,-0.6094,0.275423
2014,1,1,36.5365,-0.599,0.275423
2014,1,1,36.5365,0.6302,0.275423
2014,1,1,36.5365,0.6406,0.275423
2014,1,1,36.526,-0.599,0.275423
2014,1,1,36.526,0.6198,0.275423
2014,1,1,36.5156,-0.5885,0.275423
2014,1,1,36.4531,0.099,0.275423
2014,1,1,36.4531,0.5052,0.275423
2014,1,1,36.4427,0.151,0.275423
2014,1,1,36.4115,0.2135,0.275423
2014,1,1,36.3594,-0.224,0.275423
2014,1,1,36.3594,-0.1198,0.275423
2014,1,1,36.349,-0.1927,0.275423
2014,1,1,36.349,-0.1406,0.275423
2014,1,1,36.349,-0.099,0.275423
2014,1,1,36.349,-0.0885,0.275423
2014,1,1,36.3385,-0.2969,0.275423
2014,1,1,36.3177,-0.3594,0.275423
2014,1,1,36.2656,-0.4323,0.275423
2014,1,1,36.2656,-0.4219,0.275423
2014,1,1,36.2656,-0.151,0.275423
2014,1,1,36.2552,-0.1094,0.275423
2014,1,1,36.2448,-0.1094,0.275423
2014,1,1,36.2344,-0.6302,0.275423
2014,1,1,36.224,-0.5469,0.275423
2014,1,1,36.224,-0.1094,0.275423
2014,1,1,36.2135,-0.5781,0.275423
2014,1,1,36.2031,-0.5885,0.275423
2014,1,1,36.1927,-0.6406,0.275423
2014,1,1,36.151,-0.6198,0.275423
2014,1,4,37.1615,0.6823,0.275423
2014,1,4,37.151,0.9115,0.275423
2014,1,4,37.0052,0.6302,0.275423
2014,1,4,36.9948,0.4948,0.275423
2014,1,4,36.9844,0.4844,0.275423
2014,1,4,36.9844,0.5156,0.275423
2014,1,4,36.9531,0.4115,0.275423
2014,1,4,36.9115,0.9531,0.275423
2014,1,6,36.901,-0.1406,0.275423
2014,1,8,36.5573,-0.7865,0.275423
2014,1,8,36.9531,-0.0469,0.275423
2014,1,8,36.9115,-0.099,0.275423
2014,1,8,36.7865,0.1198,0.275423
2014,1,8,36.7031,0.0677,0.275423
2014,1,8,36.5781,-0.026,0.275423
2014,1,8,36.526,-0.0781,0.275423
2014,1,8,36.526,-0.0573,0.275423
2014,1,8,36.5052,-0.0781,0.275423
2014,1,8,36.4844,-0.1094,0.275423
2014,1,8,36.4427,-0.1302,0.275423
2014,1,8,36.4219,-0.1615,0.275423
2014,1,8,36.4115,-0.1719,0.275423
2014,1,8,36.4115,-0.1615,0.275423
2014,1,8,36.401,-0.1719,0.275423
2014,1,8,36.3906,-0.1927,0.275423
2014,1,8,36.3906,-0.1823,0.275423
2014,1,8,36.3802,-0.224,0.275423
2014,1,8,36.3802,-0.2135,0.275423
2014,1,8,36.3802,-0.1927,0.275423
2014,1,8,36.3594,-0.2969,0.275423
2014,1,8,36.3594,-0.2448,0.275423
2014,1,8,36.349,-0.3177,0.275423
2014,1,8,36.349,-0.2969,0.275423
2014,1,8,36.349,0.6198,0.275423
2014,1,8,36.3385,-0.2656,0.275423
2014,1,8,36.3281,-0.3594,0.275423
2014,1,8,36.3281,-0.3177,0.275423
2014,1,8,36.3177,-0.3594,0.275423
2014,1,8,36.3177,-0.3177,0.275423
2014,1,8,36.3177,-0.3073,0.275423
2014,1,8,36.3073,-0.526,0.275423
2014,1,8,36.3073,-0.5156,0.275423
2014,1,8,36.3073,-0.4635,0.275423
2014,1,8,36.3073,-0.4427,0.275423
2014,1,8,36.3073,-0.4323,0.275423
2014,1,8,36.3073,-0.3802,0.275423
2014,1,8,36.2656,-0.5677,0.275423
2014,1,8,36.2552,-0.5573,0.275423
2014,1,8,36.2344,-0.5781,0.275423
2014,1,8,36.224,-0.5573,0.275423
2014,1,8,36.224,-0.526,0.275423
2014,1,8,36.1302,-0.5781,0.275423
2014,1,8,35.8385,-0.526,0.275423
2014,1,8,35.8281,-0.5156,0.275423
2014,1,9,36.5469,-0.7135,0.275423
2014,1,9,36.5365,-0.7552,0.275423
2014,1,9,36.7448,-0.276,0.275423
2014,1,9,36.6823,-0.2135,0.275423
2014,1,9,36.6302,-0.1823,0.275423
2014,1,9,36.6198,-0.4948,0.275423
2014,1,9,36.5677,-0.4948,0.275423
2014,1,14,36.6615,0.5156,0.275423
2014,1,15,36.276,-0.7344,0.275423
2014,1,15,36.2656,-0.6719,0.275423
2014,1,15,36.2552,-0.6823,0.275423
2014,1,15,36.2448,-0.7448,0.275423
2014,1,15,36.2448,-0.7344,0.275423
2014,1,15,36.2448,-0.6719,0.275423
2014,1,15,36.224,-0.724,0.275423
2014,1,15,36.224,-0.6927,0.275423
2014,1,15,36.224,-0.6719,0.275423
2014,1,15,36.2135,-0.7031,0.275423
2014,1,15,36.2031,-0.9948,0.275423
2014,1,15,36.1615,-0.7552,0.275423
2014,1,15,36.151,-0.974,0.275423
2014,1,15,36.151,-0.9531,0.275423
2014,1,15,36.151,-0.7448,0.275423
2014,1,15,36.151,-0.6823,0.275423
2014,1,15,36.1406,-0.974,0.275423
2014,1,15,36.1406,-0.9635,0.275423
2014,1,15,36.1406,-0.9531,0.275423
2014,1,15,36.1406,-0.8802,0.275423
2014,1,15,36.1406,-0.7656,0.275423
2014,1,15,36.1406,-0.7135,0.275423
2014,1,15,36.1406,-0.6719,0.275423
2014,1,15,36.1302,-0.9844,0.275423
2014,1,15,36.1302,-0.974,0.275423
2014,1,15,36.1302,-0.9115,0.275423
2014,1,15,36.1302,-0.8802,0.275423
2014,1,15,36.1302,-0.776,0.275423
2014,1,15,36.1302,-0.7344,0.275423
2014,1,15,36.1198,-0.9844,0.275423
2014,1,15,36.1198,-0.974,0.275423
2014,1,15,36.1198,-0.9323,0.275423
2014,1,15,36.1198,-0.901,0.275423
2014,1,15,36.1198,-0.8906,0.275423
2014,1,15,36.1198,-0.8802,0.275423
2014,1,15,36.1198,-0.8073,0.275423
2014,1,15,36.1094,-0.9635,0.275423
2014,1,15,36.1094,-0.9531,0.275423
2014,1,15,36.1094,-0.9219,0.275423
2014,1,15,36.1094,-0.901,0.275423
2014,1,15,36.1094,-0.8906,0.275423
2014,1,15,36.1094,-0.6927,0.275423
2014,1,15,36.099,-0.9531,0.275423
2014,1,15,36.099,-0.8385,0.275423
2014,1,15,36.099,-0.7865,0.275423
2014,1,15,36.0885,-0.9948,0.275423
2014,1,15,36.0885,-0.7448,0.275423
2014,1,15,36.0781,-0.6719,0.275423
2014,1,15,36.0677,-0.9844,0.275423
2014,1,15,36.0677,-0.9427,0.275423
2014,1,15,36.0677,-0.724,0.275423
2014,1,15,36.0365,-0.8073,0.275423
2014,1,15,36.026,-0.9844,0.275423
2014,1,15,36.0052,-0.776,0.275423
2014,1,15,35.9844,-0.9948,0.275423
2014,1,15,35.974,-0.9948,0.275423
2014,1,15,35.974,-0.9115,0.275423
2014,1,15,35.974,-0.901,0.275423
2014,1,15,35.9635,-0.9844,0.275423
2014,1,15,35.9635,-0.9323,0.275423
2014,1,15,35.9635,-0.9219,0.275423
2014,1,15,35.9635,-0.8177,0.275423
2014,1,15,35.9531,-0.9427,0.275423
2014,1,15,35.9531,-0.8594,0.275423
2014,1,15,35.9531,-0.8177,0.275423
2014,1,15,35.9531,-0.7865,0.275423
2014,1,15,35.9531,-0.7552,0.275423
2014,1,15,35.9531,-0.7448,0.275423
2014,1,15,35.9531,-0.7031,0.275423
2014,1,15,35.9531,-0.6927,0.275423
2014,1,15,35.9427,-0.9844,0.275423
2014,1,15,35.9427,-0.9635,0.275423
2014,1,15,35.9427,-0.9531,0.275423
2014,1,15,35.9427,-0.776,0.275423
2014,1,15,35.9323,-0.9948,0.275423
2014,1,15,35.9323,-0.9844,0.275423
2014,1,15,35.9323,-0.974,0.275423
2014,1,15,35.9323,-0.7865,0.275423
2014,1,15,35.9323,-0.776,0.275423
2014,1,15,35.9323,-0.6927,0.275423
2014,1,15,35.9323,-0.6823,0.275423
2014,1,15,35.9219,-0.9948,0.275423
2014,1,15,35.9219,-0.9844,0.275423
2014,1,15,35.9219,-0.974,0.275423
2014,1,15,35.9219,-0.8594,0.275423
2014,1,15,35.9219,-0.8073,0.275423
2014,1,15,35.9219,-0.7969,0.275423
2014,1,15,35.9219,-0.7448,0.275423
2014,1,15,35.9219,-0.7344,0.275423
2014,1,15,35.9219,-0.6927,0.275423
2014,1,15,35.9219,-0.6719,0.275423
2014,1,15,35.9115,-0.9844,0.275423
2014,1,15,35.9115,-0.9427,0.275423
2014,1,15,35.9115,-0.8073,0.275423
2014,1,15,35.9115,-0.7552,0.275423
2014,1,15,35.9115,-0.7031,0.275423
2014,1,15,35.9115,-0.6719,0.275423
2014,1,15,35.901,-0.8177,0.275423
2014,1,15,35.901,-0.8073,0.275423
2014,1,15,35.901,-0.7865,0.275423
2014,1,15,35.8906,-0.9323,0.275423
2014,1,15,35.8906,-0.6823,0.275423
2014,1,15,35.8906,-0.6719,0.275423
2014,1,15,35.8802,-0.9323,0.275423
2014,1,15,35.8802,-0.8281,0.275423
2014,1,15,35.8802,-0.8177,0.275423
2014,1,15,35.8802,-0.6823,0.275423
2014,1,15,35.8698,-0.9531,0.275423
2014,1,15,35.8698,-0.849,0.275423
2014,1,15,35.8698,-0.8281,0.275423
2014,1,15,35.8698,-0.7135,0.275423
2014,1,15,35.8698,-0.6719,0.275423
2014,1,15,35.8594,-0.9323,0.275423
2014,1,15,35.8594,-0.8177,0.275423
2014,1,15,35.8594,-0.7031,0.275423
2014,1,15,35.8594,-0.6823,0.275423
2014,1,15,35.849,-0.9948,0.275423
2014,1,15,35.849,-0.9844,0.275423
2014,1,15,35.849,-0.8281,0.275423
2014,1,15,35.849,-0.7344,0.275423
2014,1,15,35.849,-0.724,0.275423
2014,1,15,35.849,-0.6719,0.275423
2014,1,15,35.8385,-0.9948,0.275423
2014,1,15,35.8385,-0.849,0.275423
2014,1,15,35.8385,-0.7344,0.275423
2014,1,15,35.8281,-0.9948,0.275423
2014,1,15,35.8281,-0.849,0.275423
2014,1,15,35.8281,-0.7344,0.275423
2014,1,15,35.8177,-0.9531,0.275423
2014,1,15,35.8177,-0.9427,0.275423
2014,1,15,35.8177,-0.8594,0.275423
2014,1,15,35.8177,-0.8385,0.275423
2014,1,15,35.8177,-0.8177,0.275423
2014,1,15,35.8073,-0.8177,0.275423
2014,1,15,35.8073,-0.7135,0.275423
2014,1,15,35.7865,-0.9948,0.275423
2014,1,15,35.7865,-0.9531,0.275423
2014,1,15,35.7865,-0.9323,0.275423
2014,1,15,35.7865,-0.9219,0.275423
2014,1,15,35.7865,-0.7135,0.275423
2014,1,15,35.776,-0.9844,0.275423
2014,1,15,35.776,-0.974,0.275423
2014,1,15,35.776,-0.6927,0.275423
2014,1,15,35.7656,-0.9948,0.275423
2014,1,15,37.0885,0.224,0.275423
2014,1,15,37.0781,0.7448,0.275423
2014,1,15,37.0156,0.0781,0.275423
2014,1,15,36.8385,-0.2552,0.275423
2014,1,15,36.8281,-0.2656,0.275423
2014,1,15,36.7448,-0.0052,0.275423
2014,1,15,36.7135,-0.3906,0.275423
2014,1,15,36.6615,-0.2865,0.275423
2014,1,15,36.6406,-0.5573,0.275423
2014,1,15,36.3594,0.6198,0.275423
2014,1,15,36.3281,-0.6406,0.275423
2014,1,15,36.3177,-0.5573,0.275423
2014,1,15,36.3177,-0.5365,0.275423
2014,1,15,36.3177,-0.526,0.275423
2014,1,15,36.3177,-0.4948,0.275423
2014,1,15,36.3177,-0.474,0.275423
2014,1,15,36.3073,-0.5885,0.275423
2014,1,15,36.3073,-0.5052,0.275423
2014,1,15,36.3073,-0.4635,0.275423
2014,1,15,36.2969,-0.5885,0.275423
2014,1,15,36.2969,-0.5052,0.275423
2014,1,15,36.2865,-0.526,0.275423
2014,1,15,36.2865,-0.4323,0.275423
2014,1,15,36.276,-0.4219,0.275423
2014,1,15,36.2656,-0.4323,0.275423
2014,1,15,36.2656,-0.4219,0.275423
2014,1,15,36.2656,-0.4115,0.275423
2014,1,15,36.2552,-0.651,0.275423
2014,1,15,36.2552,-0.4115,0.275423
2014,1,15,36.2448,-0.3906,0.275423
2014,1,15,36.2344,-0.6302,0.275423
2014,1,15,36.2344,-0.4219,0.275423
2014,1,15,36.2344,-0.3906,0.275423
2014,1,15,36.224,-0.3802,0.275423
2014,1,15,36.1927,-0.401,0.275423
2014,1,15,36.1927,-0.3802,0.275423
2014,1,15,36.1823,-0.3698,0.275423
2014,1,15,36.1719,-0.5469,0.275423
2014,1,15,36.1719,-0.5365,0.275423
2014,1,15,36.1719,-0.3594,0.275423
2014,1,15,36.1719,-0.349,0.275423
2014,1,15,36.1615,-0.5365,0.275423
2014,1,15,36.1615,-0.5156,0.275423
2014,1,15,36.1615,-0.4948,0.275423
2014,1,15,36.151,-0.5885,0.275423
2014,1,15,36.151,-0.5365,0.275423
2014,1,15,36.151,-0.526,0.275423
2014,1,15,36.151,-0.5156,0.275423
2014,1,15,36.151,-0.5052,0.275423
2014,1,15,36.151,-0.4844,0.275423
2014,1,15,36.151,-0.474,0.275423
2014,1,15,36.1406,-0.5781,0.275423
2014,1,15,36.1406,-0.5365,0.275423
2014,1,15,36.1406,-0.4635,0.275423
2014,1,15,36.1406,-0.3385,0.275423
2014,1,15,36.1302,-0.5677,0.275423
2014,1,15,36.1302,-0.5469,0.275423
2014,1,15,36.1302,-0.4948,0.275423
2014,1,15,36.1302,-0.4844,0.275423
2014,1,15,36.1302,-0.4635,0.275423
2014,1,15,36.1302,-0.3594,0.275423
2014,1,15,36.1198,-0.599,0.275423
2014,1,15,36.1198,-0.5469,0.275423
2014,1,15,36.1198,-0.5156,0.275423
2014,1,15,36.1198,-0.5052,0.275423
2014,1,15,36.1198,-0.474,0.275423
2014,1,15,36.1198,-0.401,0.275423
2014,1,15,36.1094,-0.526,0.275423
2014,1,15,36.1094,-0.5052,0.275423
2014,1,15,36.1094,-0.4635,0.275423
2014,1,15,36.1094,-0.401,0.275423
2014,1,15,36.099,-0.3802,0.275423
2014,1,15,36.0885,0.0365,0.275423
2014,1,15,36.0781,-0.4323,0.275423
2014,1,15,36.0781,-0.4219,0.275423
2014,1,15,36.0677,-0.4323,0.275423
2014,1,15,36.0573,-0.349,0.275423
2014,1,15,36.0573,-0.0156,0.275423
2014,1,15,36.0469,-0.1823,0.275423
2014,1,15,36.0469,-0.0781,0.275423
2014,1,15,36.0469,-0.0677,0.275423
2014,1,15,36.0469,-0.0156,0.275423
2014,1,15,36.0365,-0.1927,0.275423
2014,1,15,36.0365,-0.1302,0.275423
2014,1,15,36.0365,-0.1094,0.275423
2014,1,15,36.0365,-0.0885,0.275423
2014,1,15,36.0365,-0.0677,0.275423
2014,1,15,36.0365,-0.0156,0.275423
2014,1,15,36.026,-0.1927,0.275423
2014,1,15,36.026,-0.1823,0.275423
2014,1,15,36.026,-0.1198,0.275423
2014,1,15,36.026,-0.1094,0.275423
2014,1,15,36.026,-0.099,0.275423
2014,1,15,36.026,-0.0781,0.275423
2014,1,15,36.026,-0.0677,0.275423
2014,1,15,36.0156,-0.224,0.275423
2014,1,15,36.0156,-0.1927,0.275423
2014,1,15,36.0156,-0.1823,0.275423
2014,1,15,36.0156,-0.1719,0.275423
2014,1,15,36.0156,-0.1615,0.275423
2014,1,15,36.0156,-0.1406,0.275423
2014,1,15,36.0156,-0.1198,0.275423
2014,1,15,36.0156,-0.099,0.275423
2014,1,15,36.0156,-0.0156,0.275423
2014,1,15,36.0052,-0.2135,0.275423
2014,1,15,36.0052,-0.2031,0.275423
2014,1,15,36.0052,-0.1927,0.275423
2014,1,15,36.0052,-0.1823,0.275423
2014,1,15,36.0052,-0.0885,0.275423
2014,1,15,36.0052,-0.0781,0.275423
2014,1,15,35.9948,-0.2552,0.275423
2014,1,15,35.9948,-0.2448,0.275423
2014,1,15,35.9948,-0.099,0.275423
2014,1,15,35.9948,-0.0885,0.275423
2014,1,15,35.9948,-0.0781,0.275423
2014,1,15,35.9948,-0.0677,0.275423
2014,1,15,35.9844,-0.3698,0.275423
2014,1,15,35.9844,-0.2344,0.275423
2014,1,15,35.9844,-0.224,0.275423
2014,1,15,35.9844,-0.0677,0.275423
2014,1,15,35.9844,-0.0573,0.275423
2014,1,15,35.9844,-0.026,0.275423
2014,1,15,35.974,-0.4115,0.275423
2014,1,15,35.974,-0.276,0.275423
2014,1,15,35.974,-0.2656,0.275423
2014,1,15,35.974,-0.2135,0.275423
2014,1,15,35.974,-0.099,0.275423
2014,1,15,35.9635,-0.4635,0.275423
2014,1,15,35.9635,-0.401,0.275423
2014,1,15,35.9635,-0.3906,0.275423
2014,1,15,35.9635,-0.0885,0.275423
2014,1,15,35.9635,-0.0677,0.275423
2014,1,15,35.9531,-0.5573,0.275423
2014,1,15,35.9531,-0.401,0.275423
2014,1,15,35.9531,-0.3594,0.275423
2014,1,15,35.9531,-0.3385,0.275423
2014,1,15,35.9531,-0.0885,0.275423
2014,1,15,35.9531,-0.0573,0.275423
2014,1,15,35.9427,-0.5677,0.275423
2014,1,15,35.9427,-0.5573,0.275423
2014,1,15,35.9427,-0.4219,0.275423
2014,1,15,35.9427,-0.4115,0.275423
2014,1,15,35.9427,-0.3594,0.275423
2014,1,15,35.9323,-0.6615,0.275423
2014,1,15,35.9323,-0.651,0.275423
2014,1,15,35.9323,-0.6302,0.275423
2014,1,15,35.9323,-0.6094,0.275423
2014,1,15,35.9323,-0.599,0.275423
2014,1,15,35.9323,-0.5885,0.275423
2014,1,15,35.9323,-0.5677,0.275423
2014,1,15,35.9323,-0.5469,0.275423
2014,1,15,35.9323,-0.474,0.275423
2014,1,15,35.9323,-0.0365,0.275423
2014,1,15,35.9219,-0.6406,0.275423
2014,1,15,35.9219,-0.6198,0.275423
2014,1,15,35.9219,-0.599,0.275423
2014,1,15,35.9219,-0.5781,0.275423
2014,1,15,35.9219,-0.5677,0.275423
2014,1,15,35.9219,-0.4948,0.275423
2014,1,15,35.9219,-0.0781,0.275423
2014,1,15,35.9219,-0.0677,0.275423
2014,1,15,35.9219,-0.0469,0.275423
2014,1,15,35.9115,-0.651,0.275423
2014,1,15,35.9115,-0.6406,0.275423
2014,1,15,35.9115,-0.6302,0.275423
2014,1,15,35.9115,-0.599,0.275423
2014,1,15,35.9115,-0.5677,0.275423
2014,1,15,35.9115,-0.5573,0.275423
2014,1,15,35.9115,-0.5365,0.275423
2014,1,15,35.9115,-0.526,0.275423
2014,1,15,35.9115,-0.5156,0.275423
2014,1,15,35.9115,-0.4844,0.275423
2014,1,15,35.9115,-0.0677,0.275423
2014,1,15,35.901,-0.651,0.275423
2014,1,15,35.901,-0.6406,0.275423
2014,1,15,35.901,-0.6302,0.275423
2014,1,15,35.901,-0.599,0.275423
2014,1,15,35.901,-0.5677,0.275423
2014,1,15,35.901,-0.5469,0.275423
2014,1,15,35.901,-0.5365,0.275423
2014,1,15,35.901,-0.4948,0.275423
2014,1,15,35.901,-0.4844,0.275423
2014,1,15,35.8906,-0.6615,0.275423
2014,1,15,35.8906,-0.651,0.275423
2014,1,15,35.8906,-0.6406,0.275423
2014,1,15,35.8906,-0.6198,0.275423
2014,1,15,35.8906,-0.5781,0.275423
2014,1,15,35.8906,-0.5365,0.275423
2014,1,15,35.8906,-0.0885,0.275423
2014,1,15,35.8802,-0.6615,0.275423
2014,1,15,35.8802,-0.6406,0.275423
2014,1,15,35.8802,-0.599,0.275423
2014,1,15,35.8802,-0.5052,0.275423
2014,1,15,35.8698,-0.6615,0.275423
2014,1,15,35.8698,-0.651,0.275423
2014,1,15,35.8698,-0.6406,0.275423
2014,1,15,35.8698,-0.6094,0.275423
2014,1,15,35.849,-0.6198,0.275423
2014,1,17,36.2031,-0.974,0.275423
2014,1,17,37.2448,0.6615,0.275423
2014,1,17,37.2344,0.6302,0.275423
2014,1,17,37.2135,0.599,0.275423
2014,1,17,36.9323,-0.026,0.275423
2014,1,17,36.776,-0.4635,0.275423
2014,1,17,36.7135,-0.5052,0.275423
2014,1,18,36.5365,-0.9219,0.275423
2014,1,18,36.526,-0.9219,0.275423
2014,1,18,36.5052,-0.724,0.275423
2014,1,18,36.4844,-0.724,0.275423
2014,1,18,36.4531,-0.7135,0.275423
2014,1,18,36.4323,-0.6719,0.275423
2014,1,18,36.401,-0.6823,0.275423
2014,1,18,36.401,-0.6719,0.275423
2014,1,18,36.349,-0.849,0.275423
2014,1,18,36.3281,-0.901,0.275423
2014,1,18,36.3177,-0.9115,0.275423
2014,1,18,36.1198,-0.6927,0.275423
2014,1,18,36.0885,-0.776,0.275423
2014,1,18,36.0781,-0.9635,0.275423
2014,1,18,36.0781,-0.9427,0.275423
2014,1,18,36.0781,-0.7969,0.275423
2014,1,18,36.0781,-0.7865,0.275423
2014,1,18,36.0677,-0.9635,0.275423
2014,1,18,36.0677,-0.9427,0.275423
2014,1,18,36.0573,-0.9948,0.275423
2014,1,18,36.0573,-0.9844,0.275423
2014,1,18,36.0469,-0.9948,0.275423
2014,1,18,36.0156,-0.9948,0.275423
2014,1,18,36.0052,-0.9948,0.275423
2014,1,18,36.0052,-0.901,0.275423
2014,1,18,35.9948,-0.9427,0.275423
2014,1,18,35.9948,-0.9323,0.275423
2014,1,18,35.9948,-0.9115,0.275423
2014,1,18,35.9948,-0.6823,0.275423
2014,1,18,35.9844,-0.974,0.275423
2014,1,18,35.9844,-0.776,0.275423
2014,1,18,35.974,-0.9844,0.275423
2014,1,18,35.974,-0.8177,0.275423
2014,1,18,35.974,-0.8073,0.275423
2014,1,18,35.974,-0.776,0.275423
2014,1,18,35.974,-0.7552,0.275423
2014,1,18,35.974,-0.6823,0.275423
2014,1,18,35.974,-0.6719,0.275423
2014,1,18,35.9635,-0.7969,0.275423
2014,1,18,35.9635,-0.7865,0.275423
2014,1,18,35.9635,-0.7448,0.275423
2014,1,18,35.9531,-0.7969,0.275423
2014,1,18,35.9531,-0.7865,0.275423
2014,1,18,35.9531,-0.776,0.275423
2014,1,18,35.9531,-0.7656,0.275423
2014,1,18,35.9531,-0.7552,0.275423
2014,1,18,35.9427,-0.8594,0.275423
2014,1,18,35.9427,-0.8177,0.275423
2014,1,18,35.9427,-0.7865,0.275423
2014,1,18,35.9323,-0.8281,0.275423
2014,1,18,35.9323,-0.7656,0.275423
2014,1,18,35.9219,-0.9844,0.275423
2014,1,18,35.9219,-0.974,0.275423
2014,1,18,35.9219,-0.849,0.275423
2014,1,18,35.9115,-0.9531,0.275423
2014,1,18,35.9115,-0.7344,0.275423
2014,1,18,35.8802,-0.7344,0.275423
2014,1,18,35.8802,-0.724,0.275423
2014,1,18,35.8698,-0.8281,0.275423
2014,1,18,35.8698,-0.776,0.275423
2014,1,18,35.8594,-0.849,0.275423
2014,1,18,35.8385,-0.7031,0.275423
2014,1,18,35.8281,-0.7656,0.275423
2014,1,18,35.8073,-0.7552,0.275423
2014,1,18,35.8073,-0.7031,0.275423
2014,1,18,35.7865,-0.6823,0.275423
2014,1,18,35.776,-0.8594 *,0.275423
2014,1,18,35.776,-0.6927,0.275423
2014,1,18,35.776,-0.6823,0.275423
2014,1,18,35.7552,-0.9635,0.275423
2014,1,18,36.7969,-0.3281,0.275423
2014,1,18,36.7344,-0.2552,0.275423
2014,1,18,36.724,-0.599,0.275423
2014,1,18,36.724,-0.3698,0.275423
2014,1,18,36.7135,-0.401,0.275423
2014,1,18,36.6927,-0.5885,0.275423
2014,1,18,36.6927,-0.1406,0.275423
2014,1,18,36.6823,-0.1823,0.275423
2014,1,18,36.6719,-0.1719,0.275423
2014,1,18,36.6302,-0.2865,0.275423
2014,1,18,36.6302,-0.2448,0.275423
2014,1,18,36.6302,-0.1094,0.275423
2014,1,18,36.599,-0.2552,0.275423
2014,1,18,36.599,-0.2448,0.275423
2014,1,18,36.5885,-0.276,0.275423
2014,1,18,36.5885,-0.2656,0.275423
2014,1,18,36.5885,-0.2552,0.275423
2014,1,18,36.5885,-0.2448,0.275423
2014,1,18,36.5781,-0.276,0.275423
2014,1,18,36.5677,-0.2865,0.275423
2014,1,18,36.5573,-0.2969,0.275423
2014,1,18,36.5365,-0.349,0.275423
2014,1,18,36.5052,-0.3698,0.275423
2014,1,18,36.4948,-0.3906,0.275423
2014,1,18,36.4427,-0.4948,0.275423
2014,1,18,36.4219,-0.6406,0.275423
2014,1,18,36.4115,-0.6302,0.275423
2014,1,18,36.3385,-0.0469,0.275423
2014,1,18,36.3281,-0.0469,0.275423
2014,1,18,36.3281,-0.0365,0.275423
2014,1,18,36.3177,-0.0573,0.275423
2014,1,18,36.3177,-0.0469,0.275423
2014,1,18,36.3177,-0.0365,0.275423
2014,1,18,36.3177,-0.0052,0.275423
2014,1,18,36.3177,0.0052,0.275423
2014,1,18,36.3073,-0.0573,0.275423
2014,1,18,36.3073,-0.0365,0.275423
2014,1,18,36.2969,-0.0885,0.275423
2014,1,18,36.2969,-0.0573,0.275423
2014,1,18,36.2969,0.0052,0.275423
2014,1,18,36.2865,-0.0885,0.275423
2014,1,18,36.2865,-0.0781,0.275423
2014,1,18,36.2865,-0.0573,0.275423
2014,1,18,36.2865,-0.0469,0.275423
2014,1,18,36.2865,0.1615,0.275423
2014,1,18,36.2865,0.2344,0.275423
2014,1,18,36.276,-0.1094,0.275423
2014,1,18,36.276,-0.099,0.275423
2014,1,18,36.276,-0.0885,0.275423
2014,1,18,36.276,-0.0677,0.275423
2014,1,18,36.276,-0.0573,0.275423
2014,1,18,36.276,0.2448,0.275423
2014,1,18,36.2656,-0.1094,0.275423
2014,1,18,36.2656,-0.099,0.275423
2014,1,18,36.2656,-0.0781,0.275423
2014,1,18,36.2656,-0.0573,0.275423
2014,1,18,36.2656,0.1823,0.275423
2014,1,18,36.2656,0.224,0.275423
2014,1,18,36.2656,0.2344,0.275423
2014,1,18,36.2552,-0.1302,0.275423
2014,1,18,36.2552,-0.1094,0.275423
2014,1,18,36.2552,-0.099,0.275423
2014,1,18,36.2552,-0.0885,0.275423
2014,1,18,36.2552,-0.0156,0.275423
2014,1,18,36.2448,-0.1094,0.275423
2014,1,18,36.2448,-0.099,0.275423
2014,1,18,36.2448,-0.0885,0.275423
2014,1,18,36.2448,-0.0052,0.275423
2014,1,18,36.2448,0.026,0.275423
2014,1,18,36.2448,0.1927,0.275423
2014,1,18,36.2344,-0.151,0.275423
2014,1,18,36.2344,-0.1094,0.275423
2014,1,18,36.2344,-0.0885,0.275423
2014,1,18,36.2344,-0.0781,0.275423
2014,1,18,36.2344,-0.0052,0.275423
2014,1,18,36.224,-0.1406,0.275423
2014,1,18,36.224,-0.099,0.275423
2014,1,18,36.224,-0.0781,0.275423
2014,1,18,36.224,-0.026,0.275423
2014,1,18,36.224,-0.0052,0.275423
2014,1,18,36.224,0.2552,0.275423
2014,1,18,36.2135,-0.1719,0.275423
2014,1,18,36.2135,-0.0677,0.275423
2014,1,18,36.2135,-0.0573,0.275423
2014,1,18,36.2135,-0.0469,0.275423
2014,1,18,36.2135,-0.0365,0.275423
2014,1,18,36.2135,-0.0156,0.275423
2014,1,18,36.2031,-0.1094,0.275423
2014,1,18,36.2031,-0.0677,0.275423
2014,1,18,36.2031,-0.0573,0.275423
2014,1,18,36.2031,-0.0469,0.275423
2014,1,18,36.2031,-0.0365,0.275423
2014,1,18,36.2031,-0.0156,0.275423
2014,1,18,36.2031,0.2448,0.275423
2014,1,18,36.2031,0.2656,0.275423
2014,1,18,36.1927,-0.1094,0.275423
2014,1,18,36.1927,-0.0885,0.275423
2014,1,18,36.1927,-0.0156,0.275423
2014,1,18,36.1927,0.0052,0.275423
2014,1,18,36.1823,-0.1719,0.275423
2014,1,18,36.1823,-0.026,0.275423
2014,1,18,36.1719,-0.0156,0.275423
2014,1,18,36.1615,-0.2552,0.275423
2014,1,18,36.1615,-0.2448,0.275423
2014,1,18,36.1615,-0.1927,0.275423
2014,1,18,36.1615,-0.1823,0.275423
2014,1,18,36.151,-0.349,0.275423
2014,1,18,36.151,-0.2656,0.275423
2014,1,18,36.151,-0.2448,0.275423
2014,1,18,36.151,-0.2344,0.275423
2014,1,18,36.151,-0.1927,0.275423
2014,1,18,36.151,-0.1719,0.275423
2014,1,18,36.1406,-0.3177,0.275423
2014,1,18,36.1406,-0.3073,0.275423
2014,1,18,36.1406,-0.2969,0.275423
2014,1,18,36.1406,-0.276,0.275423
2014,1,18,36.1406,-0.224,0.275423
2014,1,18,36.1406,-0.1823,0.275423
2014,1,18,36.1302,-0.3802,0.275423
2014,1,18,36.1302,-0.3698,0.275423
2014,1,18,36.1302,-0.3594,0.275423
2014,1,18,36.1302,-0.3281,0.275423
2014,1,18,36.1302,-0.2552,0.275423
2014,1,18,36.1302,-0.0885,0.275423
2014,1,18,36.1198,-0.4323,0.275423
2014,1,18,36.1198,-0.4219,0.275423
2014,1,18,36.1198,-0.3385,0.275423
2014,1,18,36.1198,-0.3177,0.275423
2014,1,18,36.1198,-0.276,0.275423
2014,1,18,36.1198,-0.151,0.275423
2014,1,18,36.1198,-0.099,0.275423
2014,1,18,36.1094,-0.3177,0.275423
2014,1,18,36.1094,-0.3073,0.275423
2014,1,18,36.1094,-0.1719,0.275423
2014,1,18,36.099,-0.3698,0.275423
2014,1,18,36.099,-0.3177,0.275423
2014,1,18,36.0885,-0.3385,0.275423
2014,1,18,36.0885,-0.3177,0.275423
2014,1,18,36.0781,-0.3594,0.275423
2014,1,18,36.0781,-0.349,0.275423
2014,1,18,36.0781,-0.3281,0.275423
2014,1,18,36.0781,-0.2031,0.275423
2014,1,18,36.0677,-0.5156,0.275423
2014,1,18,36.0677,-0.3594,0.275423
2014,1,18,36.0573,-0.5885,0.275423
2014,1,18,36.0573,-0.526,0.275423
2014,1,18,36.0573,-0.5156,0.275423
2014,1,18,36.0573,-0.3802,0.275423
2014,1,18,36.0573,-0.1406,0.275423
2014,1,18,36.0469,-0.5885,0.275423
2014,1,18,36.0469,-0.5677,0.275423
2014,1,18,36.0469,-0.5469,0.275423
2014,1,18,36.0469,-0.401,0.275423
2014,1,18,36.0469,-0.2969,0.275423
2014,1,18,36.0469,-0.2552,0.275423
2014,1,18,36.0469,-0.2344,0.275423
2014,1,18,36.0365,-0.474,0.275423
2014,1,18,36.0365,-0.3698,0.275423
2014,1,18,36.0365,-0.349,0.275423
2014,1,18,36.0365,-0.2865,0.275423
2014,1,18,36.0365,-0.2448,0.275423
2014,1,18,36.026,-0.3698,0.275423
2014,1,18,36.026,-0.2969,0.275423
2014,1,18,36.026,-0.2865,0.275423
2014,1,18,36.026,-0.276,0.275423
2014,1,18,36.026,-0.2552,0.275423
2014,1,18,36.026,-0.2344,0.275423
2014,1,18,36.026,-0.1719,0.275423
2014,1,18,36.0156,-0.6615,0.275423
2014,1,18,36.0156,-0.2865,0.275423
2014,1,18,36.0156,-0.2344,0.275423
2014,1,18,36.0052,-0.2865,0.275423
2014,1,18,36.0052,-0.2344,0.275423
2014,1,18,36.0052,-0.1823,0.275423
2014,1,18,35.9948,-0.5052,0.275423
2014,1,18,35.9844,-0.6198,0.275423
2014,1,18,35.9844,-0.5156,0.275423
2014,1,18,35.9844,-0.5052,0.275423
2014,1,18,35.9844,-0.4948,0.275423
2014,1,18,35.9844,-0.2865,0.275423
2014,1,18,35.974,-0.5885,0.275423
2014,1,18,35.974,-0.5365,0.275423
2014,1,18,35.974,-0.526,0.275423
2014,1,18,35.974,-0.5052,0.275423
2014,1,18,35.974,-0.4948,0.275423
2014,1,18,35.974,-0.4844,0.275423
2014,1,18,35.9635,-0.6302,0.275423
2014,1,18,35.9635,-0.599,0.275423
2014,1,18,35.9635,-0.5885,0.275423
2014,1,18,35.9635,-0.5052,0.275423
2014,1,18,35.9635,-0.2656,0.275423
2014,1,18,35.9531,-0.651,0.275423
2014,1,18,35.9531,-0.5885,0.275423
2014,1,18,35.9531,-0.5052,0.275423
2014,1,18,35.9531,-0.4844,0.275423
2014,1,18,35.9531,-0.474,0.275423
2014,1,18,35.9427,-0.599,0.275423
2014,1,18,35.9427,-0.5781,0.275423
2014,1,18,35.9427,-0.5677,0.275423
2014,1,18,35.9427,-0.5573,0.275423
2014,1,18,35.9427,-0.5365,0.275423
2014,1,18,35.9427,-0.5156,0.275423
2014,1,18,35.9427,-0.5052,0.275423
2014,1,18,35.9427,-0.4844,0.275423
2014,1,18,35.9427,-0.474,0.275423
2014,1,18,35.9427,-0.2135,0.275423
2014,1,18,35.9219,-0.5573,0.275423
2014,1,18,35.9219,-0.5469,0.275423
2014,1,18,35.9219,-0.4948,0.275423
2014,1,18,35.9115,-0.5469,0.275423
2014,1,18,35.9115,-0.5365,0.275423
2014,1,18,35.9115,-0.2865,0.275423
2014,1,18,35.901,-0.5365,0.275423
2014,1,18,35.849,-0.224,0.275423
2014,1,18,35.7969,-0.5469,0.275423
2014,1,18,35.7865,-0.5885,0.275423
2014,1,18,35.7656,-0.5885,0.275423
2014,1,20,36.1302,-0.9427,0.275423
2014,1,20,36.026,-0.724,0.275423
2014,1,20,36.026,-0.6823,0.275423
2014,1,20,35.9948,-0.8281,0.275423
2014,1,20,35.974,-0.7031,0.275423
2014,1,20,35.9635,-0.8802,0.275423
2014,1,20,35.9635,-0.7448,0.275423
2014,1,20,35.9635,-0.7031,0.275423
2014,1,20,35.9531,-0.901,0.275423
2014,1,20,35.9323,-0.7865,0.275423
2014,1,20,35.9323,-0.776,0.275423
2014,1,20,35.9323,-0.6927,0.275423
2014,1,20,35.9219,-0.8177,0.275423
2014,1,20,35.9219,-0.724,0.275423
2014,1,20,35.9115,-0.8802,0.275423
2014,1,20,35.901,-0.9531,0.275423
2014,1,20,35.8906,-0.9115,0.275423
2014,1,20,35.7865,-0.9427,0.275423
2014,1,20,37.2344,0.974,0.275423
2014,1,20,37.1615,0.9323,0.275423
2014,1,20,37.0469,0.9948,0.275423
2014,1,20,36.724,0.8281,0.275423
2014,1,20,36.5781,0.8906,0.275423
2014,1,20,36.5469,0.4948,0.275423
2014,1,20,36.5469,0.8594,0.275423
2014,1,20,36.5365,0.4219,0.275423
2014,1,20,36.5365,0.4323,0.275423
2014,1,20,36.5365,0.6198,0.275423
2014,1,20,36.5365,0.7135,0.275423
2014,1,20,36.526,0.2135,0.275423
2014,1,20,36.5156,0.1615,0.275423
2014,1,20,36.5156,0.5781,0.275423
2014,1,20,36.5156,0.7448,0.275423
2014,1,20,36.5156,0.776,0.275423
2014,1,20,36.5156,0.9323,0.275423
2014,1,20,36.4948,0.651,0.275423
2014,1,20,36.4844,-0.401,0.275423
2014,1,20,36.4531,-0.0573,0.275423
2014,1,20,36.4219,0.1615,0.275423
2014,1,20,36.4115,-0.1198,0.275423
2014,1,20,36.401,-0.224,0.275423
2014,1,20,36.3594,-0.276,0.275423
2014,1,20,36.276,-0.3906,0.275423
2014,1,20,36.276,-0.3802,0.275423
2014,1,20,36.2031,0.0052,0.275423
2014,1,20,36.1927,-0.3698,0.275423
2014,1,20,36.1927,0.1198,0.275423
2014,1,20,36.1719,-0.651,0.275423
2014,1,20,36.1719,-0.3281,0.275423
2014,1,20,36.1615,-0.5052,0.275423
2014,1,20,36.1615,-0.3177,0.275423
2014,1,20,36.151,-0.3698,0.275423
2014,1,20,36.151,-0.3177,0.275423
2014,1,20,36.151,-0.1094,0.275423
2014,1,20,36.1406,-0.4219,0.275423
2014,1,20,36.1198,-0.4115,0.275423
2014,1,20,36.1094,-0.5052,0.275423
2014,1,20,36.099,-0.5052,0.275423
2014,1,20,36.099,-0.2865,0.275423
2014,1,20,36.099,-0.1406,0.275423
2014,1,20,36.0885,-0.5156,0.275423
2014,1,20,36.0885,-0.5052,0.275423
2014,1,20,36.0885,-0.4427,0.275423
2014,1,20,36.0885,-0.4323,0.275423
2014,1,20,36.0781,-0.5677,0.275423
2014,1,20,36.0677,-0.5677,0.275423
2014,1,20,36.0573,-0.5573,0.275423
2014,1,20,36.0573,-0.5365,0.275423
2014,1,20,36.0573,-0.5156,0.275423
2014,1,20,36.0573,-0.3802,0.275423
2014,1,20,36.0573,-0.3385,0.275423
2014,1,20,36.0469,-0.5677,0.275423
2014,1,20,36.0365,-0.5573,0.275423
2014,1,20,36.026,-0.1823,0.275423
2014,1,20,36.0156,-0.4948,0.275423
2014,1,20,35.974,-0.5156,0.275423
2014,1,20,35.9635,-0.5156,0.275423
2014,1,20,35.9635,-0.1719,0.275423
2014,1,20,35.9531,-0.651,0.275423
2014,1,20,35.9531,-0.5885,0.275423
2014,1,21,36.5156,-0.7656,0.275423
2014,1,21,36.5156,-0.7344,0.275423
2014,1,21,36.5052,-0.8698,0.275423
2014,1,21,36.5052,-0.8385,0.275423
2014,1,21,36.5052,-0.8281,0.275423
2014,1,21,36.5052,-0.7656,0.275423
2014,1,21,36.5052,-0.7344,0.275423
2014,1,21,36.5052,-0.724,0.275423
2014,1,21,36.4948,-0.8802,0.275423
2014,1,21,36.4948,-0.776,0.275423
2014,1,21,36.4948,-0.724,0.275423
2014,1,21,36.4844,-0.8802,0.275423
2014,1,21,36.4844,-0.8177,0.275423
2014,1,21,36.4844,-0.8073,0.275423
2014,1,21,36.4844,-0.7969,0.275423
2014,1,21,36.4844,-0.7865,0.275423
2014,1,21,36.474,-0.7552,0.275423
2014,1,21,36.4635,-0.7031,0.275423
2014,1,21,36.4635,-0.6719,0.275423
2014,1,21,36.4427,-0.7135,0.275423
2014,1,21,36.4323,-0.7135,0.275423
2014,1,21,36.4115,-0.724,0.275423
2014,1,21,36.3906,-0.8802,0.275423
2014,1,21,36.3906,-0.6927,0.275423
2014,1,21,36.3906,-0.6719,0.275423
2014,1,21,36.3073,-0.9219,0.275423
2014,1,21,36.2865,-0.9531,0.275423
2014,1,21,36.1094,-0.8802,0.275423
2014,1,21,36.099,-0.974,0.275423
2014,1,21,36.099,-0.9635,0.275423
2014,1,21,36.099,-0.9427,0.275423
2014,1,21,36.0885,-0.9948,0.275423
2014,1,21,36.0885,-0.974,0.275423
2014,1,21,36.0885,-0.9427,0.275423
2014,1,21,36.0781,-0.9948,0.275423
2014,1,21,36.0781,-0.974,0.275423
2014,1,21,36.0677,-0.9635,0.275423
2014,1,21,36.0573,-0.9635,0.275423
2014,1,21,36.0469,-0.9635,0.275423
2014,1,21,36.0469,-0.9427,0.275423
2014,1,21,36.0469,-0.9323,0.275423
2014,1,21,36.4115,-0.6615,0.275423
2014,1,21,36.4115,-0.6302,0.275423
2014,1,21,36.401,-0.6615,0.275423
2014,1,23,36.4844,-0.776,0.275423
2014,1,23,36.474,-0.724,0.275423
2014,1,23,36.4635,-0.724,0.275423
2014,1,23,36.4531,-0.7135,0.275423
2014,1,23,36.4531,-0.7031,0.275423
2014,1,23,36.4323,-0.7135,0.275423
2014,1,23,36.4323,-0.7031,0.275423
2014,1,23,36.4219,-0.724,0.275423
2014,1,23,36.4219,-0.7135,0.275423
2014,1,23,36.4219,-0.7031,0.275423
2014,1,23,36.4219,-0.6927,0.275423
2014,1,23,36.4115,-0.7344,0.275423
2014,1,23,36.4115,-0.724,0.275423
2014,1,23,36.4115,-0.6927,0.275423
2014,1,23,36.3906,-0.7135,0.275423
2014,1,23,36.3906,-0.7031,0.275423
2014,1,23,36.3802,-0.7135,0.275423
2014,1,23,36.3802,-0.7031,0.275423
2014,1,23,36.3177,-0.7448,0.275423
2014,1,23,36.3177,-0.7344,0.275423
2014,1,23,36.2969,-0.7448,0.275423
2014,1,23,36.2969,-0.7344,0.275423
2014,1,23,36.276,-0.8385,0.275423
2014,1,23,36.276,-0.8177,0.275423
2014,1,23,36.2552,-0.8385,0.275423
2014,1,23,36.2552,-0.7552,0.275423
2014,1,23,36.2552,-0.7344,0.275423
2014,1,23,36.2448,-0.7656,0.275423
2014,1,23,36.2344,-0.7344,0.275423
2014,1,23,36.224,-0.724,0.275423
2014,1,23,36.2135,-0.724,0.275423
2014,1,23,36.2031,-0.7135,0.275423
2014,1,23,36.2031,-0.7031,0.275423
2014,1,23,36.1927,-0.7344,0.275423
2014,1,23,36.1615,-0.6823,0.275423
2014,1,23,36.1615,-0.6719,0.275423
2014,1,23,37.0781,0.2865,0.275423
2014,1,23,37.0781,0.3073,0.275423
2014,1,23,36.6823,-0.2552,0.275423
2014,1,23,36.6198,-0.1823,0.275423
2014,1,23,36.526,-0.224,0.275423
2014,1,24,36.849,0.6302,0.275423
2014,1,24,36.7865,0.5156,0.275423
2014,1,24,36.724,0.3906,0.275423
2014,1,26,35.9219,-0.9531,0.275423
2014,1,26,35.901,-0.9948,0.275423
2014,1,26,36.7552,0.4219,0.275423
2014,1,26,36.7552,0.4635,0.275423
2014,1,26,36.7448,0.401,0.275423
2014,1,26,36.7448,0.4427,0.275423
2014,1,26,36.7344,0.3385,0.275423
2014,1,26,36.724,0.3906,0.275423
2014,1,26,36.6094,0.349,0.275423
2014,1,26,36.599,0.3594,0.275423
2014,1,26,36.5365,0.8906,0.275423
2014,1,26,36.526,0.9427,0.275423
2014,1,26,36.5156,0.901,0.275423
2014,1,26,36.5156,0.9323,0.275423
2014,1,26,36.5052,0.8698,0.275423
2014,1,26,36.5052,0.901,0.275423
2014,1,26,36.5052,0.9219,0.275423
2014,1,26,36.5052,0.9323,0.275423
2014,1,26,36.4948,0.8906,0.275423
2014,1,26,36.4948,0.901,0.275423
2014,1,26,36.4948,0.9115,0.275423
2014,1,26,36.4948,0.9323,0.275423
2014,1,26,36.4844,0.8594,0.275423
2014,1,26,36.474,0.2135,0.275423
2014,1,26,36.474,0.849,0.275423
2014,1,26,36.474,0.8802,0.275423
2014,1,26,36.474,0.901,0.275423
2014,1,26,36.4635,0.8177,0.275423
2014,1,26,36.4635,0.8385,0.275423
2014,1,26,36.4635,0.8594,0.275423
2014,1,26,36.4635,0.8802,0.275423
2014,1,26,36.4531,0.7969,0.275423
2014,1,26,36.4531,0.8073,0.275423
2014,1,26,36.4531,0.8177,0.275423
2014,1,26,36.4531,0.8281,0.275423
2014,1,26,36.4531,0.849,0.275423
2014,1,26,36.4531,0.8594,0.275423
2014,1,26,36.4427,0.7448,0.275423
2014,1,26,36.4427,0.7969,0.275423
2014,1,26,36.4427,0.8177,0.275423
2014,1,26,36.4427,0.8281,0.275423
2014,1,26,36.4427,0.8698,0.275423
2014,1,26,36.4323,0.7552,0.275423
2014,1,26,36.4323,0.7656,0.275423
2014,1,26,36.4323,0.8281,0.275423
2014,1,26,36.4323,0.8385,0.275423
2014,1,26,36.4219,0.7344,0.275423
2014,1,26,36.349,0.2344,0.275423
2014,1,26,36.3385,0.224,0.275423
2014,1,26,36.3177,0.1406,0.275423
2014,1,26,36.3177,0.224,0.275423
2014,1,26,36.3073,0.1406,0.275423
2014,1,26,36.3073,0.1615,0.275423
2014,1,26,36.2969,0.1406,0.275423
2014,1,26,36.2969,0.1615,0.275423
2014,1,26,36.2865,0.0781,0.275423
2014,1,26,36.2865,0.151,0.275423
2014,1,26,36.2656,-0.0052,0.275423
2014,1,26,36.2552,0.1823,0.275423
2014,1,26,36.2552,0.224,0.275423
2014,1,26,36.2448,0.2448,0.275423
2014,1,26,36.2344,0.0365,0.275423
2014,1,26,36.2344,0.2031,0.275423
2014,1,26,36.224,0.0156,0.275423
2014,1,26,36.224,0.1927,0.275423
2014,1,26,36.224,0.2031,0.275423
2014,1,26,36.2135,-0.0677,0.275423
2014,1,26,36.2135,0.151,0.275423
2014,1,26,36.2135,0.1927,0.275423
2014,1,26,36.2031,-0.151,0.275423
2014,1,26,36.2031,-0.1302,0.275423
2014,1,26,36.1927,-0.1615,0.275423
2014,1,26,36.1823,0.1302,0.275423
2014,1,26,36.1823,0.1406,0.275423
2014,1,26,36.1719,-0.1719,0.275423
2014,1,26,36.1719,-0.1615,0.275423
2014,1,26,36.1719,0.1198,0.275423
2014,1,26,36.1615,-0.1719,0.275423
2014,1,26,36.1615,-0.1615,0.275423
2014,1,26,36.1615,-0.1406,0.275423
2014,1,26,36.1615,-0.1198,0.275423
2014,1,26,36.1615,-0.1094,0.275423
2014,1,26,36.1615,0.099,0.275423
2014,1,26,36.1615,0.1094,0.275423
2014,1,26,36.151,-0.2031,0.275423
2014,1,26,36.151,-0.1823,0.275423
2014,1,26,36.151,-0.151,0.275423
2014,1,26,36.151,-0.1302,0.275423
2014,1,26,36.151,-0.1094,0.275423
2014,1,26,36.151,0.0781,0.275423
2014,1,26,36.151,0.0885,0.275423
2014,1,26,36.1406,-0.2344,0.275423
2014,1,26,36.1406,-0.151,0.275423
2014,1,26,36.1406,-0.1406,0.275423
2014,1,26,36.1406,-0.1198,0.275423
2014,1,26,36.1406,-0.099,0.275423
2014,1,26,36.1406,0.0677,0.275423
2014,1,26,36.1406,0.0781,0.275423
2014,1,26,36.1302,-0.2552,0.275423
2014,1,26,36.1302,-0.2448,0.275423
2014,1,26,36.1302,-0.2135,0.275423
2014,1,26,36.1302,-0.1927,0.275423
2014,1,26,36.1302,-0.1823,0.275423
2014,1,26,36.1302,-0.1615,0.275423
2014,1,26,36.1302,-0.151,0.275423
2014,1,26,36.1302,-0.1406,0.275423
2014,1,26,36.1302,-0.099,0.275423
2014,1,26,36.1302,0.0469,0.275423
2014,1,26,36.1302,0.0573,0.275423
2014,1,26,36.1302,0.0677,0.275423
2014,1,26,36.1302,0.0781,0.275423
2014,1,26,36.1198,-0.2448,0.275423
2014,1,26,36.1198,-0.224,0.275423
2014,1,26,36.1198,-0.2135,0.275423
2014,1,26,36.1198,-0.2031,0.275423
2014,1,26,36.1198,-0.1198,0.275423
2014,1,26,36.1198,-0.099,0.275423
2014,1,26,36.1094,-0.2552,0.275423
2014,1,26,36.1094,-0.2344,0.275423
2014,1,26,36.1094,-0.2135,0.275423
2014,1,26,36.099,-0.2448,0.275423
2014,1,26,36.099,-0.2344,0.275423
2014,1,26,36.099,-0.224,0.275423
2014,1,26,36.099,-0.2135,0.275423
2014,1,26,36.0885,-0.2448,0.275423
2014,1,26,36.0885,-0.2344,0.275423
2014,1,26,36.0885,-0.2135,0.275423
2014,1,26,36.0781,-0.224,0.275423
2014,1,26,36.0781,-0.2135,0.275423
2014,1,26,36.0677,-0.2552,0.275423
2014,1,26,36.0677,-0.2448,0.275423
2014,1,26,36.0677,-0.2135,0.275423
2014,1,26,36.0573,-0.2448,0.275423
2014,1,26,36.0573,-0.224,0.275423
2014,1,27,36.0469,-0.7448,0.275423
2014,1,27,36.0365,-0.7552,0.275423
2014,1,27,36.0156,-0.7656,0.275423
2014,1,27,36.0052,-0.7344,0.275423
2014,1,27,36.0052,-0.724,0.275423
2014,1,27,36.0052,-0.7031,0.275423
2014,1,27,36.0052,-0.6927,0.275423
2014,1,27,35.9948,-0.6927,0.275423
2014,1,27,36.776,0.9948,0.275423
2014,1,27,36.7656,0.9844,0.275423
2014,1,27,36.4948,0.6198,0.275423
2014,1,27,36.4531,0.5365,0.275423
2014,1,27,36.4323,0.5052,0.275423
2014,1,27,36.4115,0.3594,0.275423
2014,1,27,36.4115,0.3698,0.275423
2014,1,27,36.4115,0.4531,0.275423
2014,1,27,36.401,0.3073,0.275423
2014,1,27,36.401,0.3177,0.275423
2014,1,27,36.401,0.3281,0.275423
2014,1,27,36.401,0.3385,0.275423
2014,1,27,36.401,0.3594,0.275423
2014,1,27,36.401,0.3698,0.275423
2014,1,27,36.3906,0.0052,0.275423
2014,1,27,36.3906,0.3281,0.275423
2014,1,27,36.3906,0.3385,0.275423
2014,1,27,36.3906,0.349,0.275423
2014,1,27,36.3906,0.3698,0.275423
2014,1,27,36.3802,-0.0469,0.275423
2014,1,27,36.3802,0.2865,0.275423
2014,1,27,36.3802,0.2969,0.275423
2014,1,27,36.3802,0.3177,0.275423
2014,1,27,36.3802,0.3281,0.275423
2014,1,27,36.3802,0.3594,0.275423
2014,1,27,36.3802,0.3698,0.275423
2014,1,27,36.3802,0.3802,0.275423
2014,1,27,36.3802,0.4323,0.275423
2014,1,27,36.3802,0.4427,0.275423
2014,1,27,36.3698,-0.0052,0.275423
2014,1,27,36.3698,0.0052,0.275423
2014,1,27,36.3698,0.2865,0.275423
2014,1,27,36.3698,0.3177,0.275423
2014,1,27,36.3698,0.3281,0.275423
2014,1,27,36.3698,0.3594,0.275423
2014,1,27,36.3698,0.3698,0.275423
2014,1,27,36.3698,0.3802,0.275423
2014,1,27,36.3698,0.4115,0.275423
2014,1,27,36.3698,0.4323,0.275423
2014,1,27,36.3698,0.4427,0.275423
2014,1,27,36.3698,0.5885,0.275423
2014,1,27,36.3594,-0.1302,0.275423
2014,1,27,36.3594,0.0156,0.275423
2014,1,27,36.3594,0.026,0.275423
2014,1,27,36.3594,0.2656,0.275423
2014,1,27,36.3594,0.2969,0.275423
2014,1,27,36.3594,0.3281,0.275423
2014,1,27,36.3594,0.3594,0.275423
2014,1,27,36.3594,0.3698,0.275423
2014,1,27,36.3594,0.401,0.275423
2014,1,27,36.3594,0.4323,0.275423
2014,1,27,36.3594,0.4427,0.275423
2014,1,27,36.3594,0.5677,0.275423
2014,1,27,36.349,0.0469,0.275423
2014,1,27,36.349,0.1198,0.275423
2014,1,27,36.349,0.151,0.275423
2014,1,27,36.349,0.2552,0.275423
2014,1,27,36.349,0.2656,0.275423
2014,1,27,36.349,0.2865,0.275423
2014,1,27,36.349,0.2969,0.275423
2014,1,27,36.349,0.3073,0.275423
2014,1,27,36.349,0.3177,0.275423
2014,1,27,36.349,0.3281,0.275423
2014,1,27,36.349,0.3385,0.275423
2014,1,27,36.349,0.3594,0.275423
2014,1,27,36.349,0.3698,0.275423
2014,1,27,36.349,0.401,0.275423
2014,1,27,36.349,0.4427,0.275423
2014,1,27,36.3385,0.0677,0.275423
2014,1,27,36.3385,0.0781,0.275423
2014,1,27,36.3385,0.0885,0.275423
2014,1,27,36.3385,0.1094,0.275423
2014,1,27,36.3385,0.1302,0.275423
2014,1,27,36.3385,0.1406,0.275423
2014,1,27,36.3385,0.1719,0.275423
2014,1,27,36.3385,0.1927,0.275423
2014,1,27,36.3385,0.2969,0.275423
2014,1,27,36.3385,0.3073,0.275423
2014,1,27,36.3385,0.4323,0.275423
2014,1,27,36.3385,0.526,0.275423
2014,1,27,36.3281,0.0573,0.275423
2014,1,27,36.3281,0.1302,0.275423
2014,1,27,36.3281,0.1406,0.275423
2014,1,27,36.3281,0.151,0.275423
2014,1,27,36.3281,0.1719,0.275423
2014,1,27,36.3281,0.1823,0.275423
2014,1,27,36.3281,0.1927,0.275423
2014,1,27,36.3281,0.2031,0.275423
2014,1,27,36.3281,0.2344,0.275423
2014,1,27,36.3281,0.2969,0.275423
2014,1,27,36.3281,0.3906,0.275423
2014,1,27,36.3281,0.401,0.275423
2014,1,27,36.3281,0.4115,0.275423
2014,1,27,36.3281,0.4219,0.275423
2014,1,27,36.3177,0.0677,0.275423
2014,1,27,36.3177,0.1615,0.275423
2014,1,27,36.3177,0.1719,0.275423
2014,1,27,36.3177,0.1927,0.275423
2014,1,27,36.3177,0.2031,0.275423
2014,1,27,36.3177,0.2135,0.275423
2014,1,27,36.3177,0.3281,0.275423
2014,1,27,36.3177,0.3906,0.275423
2014,1,27,36.3177,0.401,0.275423
2014,1,27,36.3073,0.1198,0.275423
2014,1,27,36.3073,0.151,0.275423
2014,1,27,36.3073,0.1615,0.275423
2014,1,27,36.3073,0.1927,0.275423
2014,1,27,36.3073,0.224,0.275423
2014,1,27,36.2969,0.2135,0.275423
2014,1,27,36.2969,0.3594,0.275423
2014,1,27,36.2865,0.099,0.275423
2014,1,27,36.2865,0.1615,0.275423
2014,1,27,36.2865,0.3281,0.275423
2014,1,27,36.276,0.0885,0.275423
2014,1,27,36.276,0.1719,0.275423
2014,1,27,36.276,0.3073,0.275423
2014,1,27,36.276,0.3281,0.275423
2014,1,27,36.276,0.3385,0.275423
2014,1,27,36.276,0.3594,0.275423
2014,1,27,36.2656,0.1615,0.275423
2014,1,27,36.2656,0.3073,0.275423
2014,1,27,36.2448,0.151,0.275423
2014,1,27,36.2448,0.2969,0.275423
2014,1,27,36.224,0.1302,0.275423
2014,1,27,36.224,0.1927,0.275423
2014,1,27,36.2135,0.2135,0.275423
2014,1,27,36.0156,-0.6302,0.275423
2014,1,27,36.0052,-0.6406,0.275423
2014,1,27,35.9948,-0.6615,0.275423
2014,1,27,35.9948,-0.651,0.275423
2014,1,27,35.9844,-0.6302,0.275423
2014,1,27,35.9844,-0.2135,0.275423
2014,1,27,35.974,-0.5573,0.275423
2014,1,27,35.974,-0.2552,0.275423
2014,1,27,35.974,-0.2448,0.275423
2014,1,27,35.9635,-0.651,0.275423
2014,1,27,35.9531,-0.599,0.275423
2014,1,27,35.9531,-0.2969,0.275423
2014,1,27,35.9427,-0.6615,0.275423
2014,1,27,35.9427,-0.1302,0.275423
2014,1,27,35.9323,-0.6094,0.275423
2014,1,27,35.9323,-0.5781,0.275423
2014,1,27,35.9219,-0.5781,0.275423
2014,1,27,35.9115,-0.5781,0.275423
2014,1,27,35.901,-0.5885,0.275423
2014,1,27,35.8906,-0.651,0.275423
2014,1,27,35.8906,-0.6198,0.275423
2014,1,27,35.8906,-0.6094,0.275423
2014,1,27,35.8906,-0.5885,0.275423
2014,1,27,35.8906,-0.5781,0.275423
2014,1,27,35.8906,-0.5677,0.275423
2014,1,27,35.8906,-0.5469,0.275423
2014,1,27,35.8906,-0.5365,0.275423
2014,1,27,35.8698,-0.5573,0.275423
2014,1,27,35.8594,-0.6094,0.275423
2014,1,27,35.8594,-0.5885,0.275423
2014,1,27,35.8594,-0.5365,0.275423
2014,1,27,35.849,-0.5885,0.275423
2014,1,27,35.8385,-0.5781,0.275423
2014,1,27,35.8385,-0.5677,0.275423
2014,1,27,35.8281,-0.5885,0.275423
2014,1,27,35.8281,-0.5573,0.275423
2014,1,27,35.8177,-0.5573,0.275423
2014,1,28,36.8073,0.9844,0.275423
2014,1,28,36.8073,0.9948,0.275423
2014,1,28,36.7969,0.9427,0.275423
2014,1,28,36.7969,0.974,0.275423
2014,1,28,36.7969,0.9948,0.275423
2014,1,28,36.7865,0.9219,0.275423
2014,1,28,36.7865,0.9531,0.275423
2014,1,28,36.7865,0.974,0.275423
2014,1,28,36.776,0.9323,0.275423
2014,1,28,36.7656,-0.2448,0.275423
2014,1,28,36.7552,0.974,0.275423
2014,1,28,36.7344,-0.6302,0.275423
2014,1,28,36.7344,0.849,0.275423
2014,1,28,36.7031,0.7969,0.275423
2014,1,28,36.6823,0.7344,0.275423
2014,1,28,36.6719,0.6927,0.275423
2014,1,28,36.6615,0.6719,0.275423
2014,1,28,36.651,0.224,0.275423
2014,1,28,36.651,0.2448,0.275423
2014,1,28,36.651,0.6615,0.275423
2014,1,28,36.6406,0.4635,0.275423
2014,1,28,36.6406,0.5156,0.275423
2014,1,28,36.6406,0.5677,0.275423
2014,1,28,36.6302,0.4219,0.275423
2014,1,28,36.6302,0.4844,0.275423
2014,1,28,36.6302,0.4948,0.275423
2014,1,28,36.6302,0.5052,0.275423
2014,1,28,36.6302,0.5885,0.275423
2014,1,28,36.6198,0.4219,0.275423
2014,1,28,36.6094,0.401,0.275423
2014,1,28,36.2448,0.1927,0.275423
2014,1,28,36.224,0.2448,0.275423
2014,1,30,36.0365,-0.724,0.275423
2014,1,30,35.9427,-0.901,0.275423
2014,1,30,35.9219,-0.8177,0.275423
2014,1,30,35.8802,-0.8698,0.275423
2014,1,30,35.8698,-0.9427,0.275423
2014,1,30,35.8698,-0.9323,0.275423
2014,1,30,35.8698,-0.901,0.275423
2014,1,30,35.8594,-0.9635,0.275423
2014,1,30,35.8594,-0.9531,0.275423
2014,1,30,35.8594,-0.849,0.275423
2014,1,30,35.8594,-0.8177,0.275423
2014,1,30,35.8594,-0.8073,0.275423
2014,1,30,35.849,-0.9948,0.275423
2014,1,30,35.849,-0.974,0.275423
2014,1,30,35.849,-0.9531,0.275423
2014,1,30,35.8385,-0.901,0.275423
2014,1,30,35.8385,-0.8802,0.275423
2014,1,30,35.8281,-0.8906,0.275423
2014,1,30,35.8281,-0.8802,0.275423
2014,1,30,35.8281,-0.8698,0.275423
2014,1,30,36.724,0.974,0.275423
2014,1,30,36.7135,0.9844,0.275423
2014,1,30,36.7031,0.9323,0.275423
2014,1,30,36.6927,0.901,0.275423
2014,1,30,36.6927,0.9531,0.275423
2014,1,30,36.6823,0.9844,0.275423
2014,1,30,36.6823,0.9948,0.275423
2014,1,30,36.6719,0.9219,0.275423
2014,1,30,36.6719,0.9635,0.275423
2014,1,30,36.6719,0.974,0.275423
2014,1,30,36.6719,0.9844,0.275423
2014,1,30,36.6615,0.8906,0.275423
2014,1,30,36.6615,0.9635,0.275423
2014,1,30,36.6406,0.7969,0.275423
2014,1,30,36.6406,0.8802,0.275423
2014,1,30,36.6302,0.8594,0.275423
2014,1,30,36.6302,0.8906,0.275423
2014,1,30,36.6302,0.9323,0.275423
2014,1,30,36.6198,0.8802,0.275423
2014,1,30,36.6198,0.9115,0.275423
2014,1,30,36.6198,0.9219,0.275423
2014,1,30,36.6198,0.9323,0.275423
2014,1,30,36.6094,0.8594,0.275423
2014,1,30,36.6094,0.9948,0.275423
2014,1,30,36.599,0.974,0.275423
2014,1,30,36.5885,0.974,0.275423
2014,1,30,36.5677,0.901,0.275423
2014,1,30,36.5573,0.974,0.275423
2014,1,30,36.5573,0.9948,0.275423
2014,1,30,36.5469,0.9635,0.275423
2014,1,30,36.5365,0.8802,0.275423
2014,1,30,36.526,0.8698,0.275423
2014,1,30,36.4323,0.5365,0.275423
2014,1,30,36.4219,0.4948,0.275423
2014,1,30,36.4115,0.4531,0.275423
2014,1,30,36.3906,0.401,0.275423
2014,1,30,36.3906,0.4323,0.275423
2014,1,30,36.3802,0.401,0.275423
2014,1,30,36.3802,0.4115,0.275423
2014,1,30,36.3698,0.4323,0.275423
2014,1,30,36.3698,0.4427,0.275423
2014,1,30,36.3594,0.276,0.275423
2014,1,30,36.3594,0.2969,0.275423
2014,1,30,36.3594,0.3073,0.275423
2014,1,30,36.3594,0.3177,0.275423
2014,1,30,36.3594,0.3594,0.275423
2014,1,30,36.3594,0.3698,0.275423
2014,1,30,36.3594,0.4115,0.275423
2014,1,30,36.349,0.2031,0.275423
2014,1,30,36.349,0.2135,0.275423
2014,1,30,36.349,0.224,0.275423
2014,1,30,36.349,0.2344,0.275423
2014,1,30,36.349,0.2656,0.275423
2014,1,30,36.349,0.2969,0.275423
2014,1,30,36.349,0.3281,0.275423
2014,1,30,36.349,0.3698,0.275423
2014,1,30,36.349,0.3802,0.275423
2014,1,30,36.349,0.3906,0.275423
2014,1,30,36.3385,0.1927,0.275423
2014,1,30,36.3385,0.2135,0.275423
2014,1,30,36.3385,0.224,0.275423
2014,1,30,36.3385,0.2552,0.275423
2014,1,30,36.3385,0.3385,0.275423
2014,1,30,36.3385,0.349,0.275423
2014,1,30,36.3385,0.3698,0.275423
2014,1,30,36.3385,0.3906,0.275423
2014,1,30,36.3281,0.224,0.275423
2014,1,30,36.3281,0.3385,0.275423
2014,1,30,36.3281,0.3594,0.275423
2014,1,30,36.3281,0.3698,0.275423
2014,1,30,36.3177,0.3385,0.275423
2014,1,30,36.3177,0.3594,0.275423
2014,1,30,36.3073,0.3073,0.275423
2014,1,30,36.3073,0.3385,0.275423
2014,1,30,36.2969,0.1615,0.275423
2014,1,30,36.2969,0.1823,0.275423
2014,1,30,36.2969,0.3385,0.275423
2014,1,30,36.2969,0.3594,0.275423
2014,1,30,36.2865,0.151,0.275423
2014,1,30,36.2865,0.1719,0.275423
2014,1,30,36.276,0.151,0.275423
2014,1,30,36.2552,0.1302,0.275423
2014,1,30,36.2552,0.1406,0.275423
2014,1,30,36.2448,0.099,0.275423
2014,1,30,36.2344,0.0885,0.275423
2014,1,30,36.224,0.0365,0.275423
2014,1,30,36.224,0.0469,0.275423
2014,1,30,36.224,0.2344,0.275423
2014,1,30,36.2135,0.026,0.275423
2014,1,30,36.2135,0.0365,0.275423
2014,1,30,36.2031,-0.0469,0.275423
2014,1,30,36.2031,-0.0365,0.275423
2014,1,30,36.1927,-0.1198,0.275423
2014,1,30,36.1927,-0.0885,0.275423
2014,1,30,36.1927,-0.0781,0.275423
2014,1,30,36.1927,-0.0573,0.275423
2014,1,30,36.1823,-0.1719,0.275423
2014,1,30,36.1823,-0.0677,0.275423
2014,1,30,36.1719,-0.3802,0.275423
2014,1,30,36.1719,0.151,0.275423
2014,1,30,36.1615,-0.3281,0.275423
2014,1,30,36.1406,-0.2969,0.275423
2014,1,30,36.1406,-0.224,0.275423
2014,1,30,36.1406,-0.1927,0.275423
2014,1,30,36.1302,-0.3385,0.275423
2014,1,30,36.1302,-0.2865,0.275423
2014,1,30,36.1302,0.0781,0.275423
2014,1,30,36.1198,-0.3594,0.275423
2014,1,30,36.1198,-0.349,0.275423
2014,1,30,36.1198,-0.3281,0.275423
2014,1,30,36.1094,-0.3385,0.275423
2014,1,30,36.099,-0.4531,0.275423
2014,1,30,36.0885,-0.4323,0.275423
2014,1,30,36.0781,-0.2656,0.275423
2014,1,30,36.0677,-0.3073,0.275423
2014,1,30,36.0677,-0.2865,0.275423
2014,1,30,36.0677,0.0469,0.275423
2014,1,30,36.0573,-0.4948,0.275423
2014,1,30,36.0573,-0.4844,0.275423
2014,1,30,36.0573,-0.474,0.275423
2014,1,30,36.0573,-0.2969,0.275423
2014,1,30,36.0573,0.0365,0.275423
2014,1,30,36.0469,-0.5885,0.275423
2014,1,30,36.0469,-0.5677,0.275423
2014,1,30,36.026,-0.6198,0.275423
2014,1,30,36.026,-0.6094,0.275423
2014,1,30,36.026,-0.599,0.275423
2014,1,30,36.0156,-0.6198,0.275423
2014,1,30,36.0156,-0.599,0.275423
2014,1,30,35.8906,-0.6094,0.275423
2014,1,30,35.8698,-0.6615,0.275423
2014,1,31,36.5365,-0.8281,0.275423
2014,1,31,36.526,-0.8594,0.275423
2014,1,31,36.526,-0.849,0.275423
2014,1,31,36.526,-0.8385,0.275423
2014,1,31,36.4635,-0.8698,0.275423
2014,1,31,36.4531,-0.901,0.275423
2014,1,31,36.4219,-0.901,0.275423
2014,1,31,36.4219,-0.8906,0.275423
2014,1,31,36.4115,-0.9115,0.275423
2014,1,31,36.4115,-0.8906,0.275423
2014,1,31,36.401,-0.9219,0.275423
2014,1,31,36.401,-0.8802,0.275423
2014,1,31,36.3802,-0.9635,0.275423
2014,1,31,36.3698,-0.974,0.275423
2014,1,31,36.3698,-0.9635,0.275423
2014,1,31,36.3698,-0.9531,0.275423
2014,1,31,36.3698,-0.9323,0.275423
2014,1,31,36.349,-0.9948,0.275423
2014,1,31,36.349,-0.9844,0.275423
2014,1,31,36.349,-0.9635,0.275423
2014,1,31,36.3385,-0.974,0.275423
2014,1,31,36.3385,-0.9427,0.275423
2014,1,31,36.3281,-0.974,0.275423
2014,1,31,36.3177,-0.9844,0.275423
2014,1,31,36.3177,-0.974,0.275423
2014,1,31,36.3177,-0.9635,0.275423
2014,1,31,36.2969,-0.9635,0.275423
2014,1,31,36.2656,-0.9531,0.275423
2014,1,31,36.2552,-0.9427,0.275423
2014,1,31,36.2448,-0.974,0.275423
2014,1,31,36.2448,-0.9635,0.275423
2014,1,31,36.1927,-0.974,0.275423
2014,1,31,36.1823,-0.974,0.275423
2014,1,31,35.849,-0.7031,0.275423
2014,1,31,35.8281,-0.7344,0.275423
2014,1,31,35.7552,-0.6927,0.275423
2014,1,31,36.6198,0.9531,0.275423
2014,1,31,36.5469,-0.4531,0.275423
2014,1,31,36.474,-0.4948,0.275423
2014,1,31,36.474,-0.4844,0.275423
2014,1,31,36.4531,-0.4635,0.275423
2014,1,31,36.3802,-0.3177,0.275423
2014,1,31,36.3594,0.2969,0.275423
2014,1,31,36.3385,-0.2135,0.275423
2014,1,31,36.3385,0.474,0.275423
2014,1,31,36.3281,0.3906,0.275423
2014,1,31,36.3281,0.4115,0.275423
2014,1,31,36.3281,0.4219,0.275423
2014,1,31,36.3281,0.4323,0.275423
2014,1,31,36.3281,0.4531,0.275423
2014,1,31,36.3177,0.2448,0.275423
2014,1,31,36.3177,0.4115,0.275423
2014,1,31,36.3177,0.4219,0.275423
2014,1,31,36.3073,0.276,0.275423
2014,1,31,36.3073,0.3802,0.275423
2014,1,31,36.3073,0.3906,0.275423
2014,1,31,36.3073,0.4115,0.275423
2014,1,31,36.2969,0.349,0.275423
2014,1,31,36.2969,0.3698,0.275423
2014,1,31,36.2969,0.3906,0.275423
2014,1,31,36.2865,0.3281,0.275423
2014,1,31,36.2865,0.3385,0.275423
2014,1,31,36.2865,0.3698,0.275423
2014,1,31,36.276,0.1615,0.275423
2014,1,31,36.276,0.1823,0.275423
2014,1,31,36.276,0.276,0.275423
2014,1,31,36.276,0.3177,0.275423
2014,1,31,36.276,0.349,0.275423
2014,1,31,36.2552,0.2656,0.275423
2014,1,31,36.2552,0.276,0.275423
2014,1,31,36.2552,0.2969,0.275423
2014,1,31,36.2552,0.3073,0.275423
2014,1,31,36.2448,0.2865,0.275423
2014,1,31,36.2135,0.1823,0.275423
2014,1,31,36.2135,0.2031,0.275423
2014,1,31,36.0573,-0.1094,0.275423
2014,1,31,36.0365,-0.1302,0.275423
2014,1,31,36.0365,-0.1198,0.275423
2014,1,31,36.0052,-0.3594,0.275423
2014,1,31,36.0052,-0.3073,0.275423
2014,1,31,35.9219,-0.349,0.275423
2014,1,1,36.5781,-0.7552,0.285102
2014,1,1,36.5365,-0.8073,0.285102
2014,1,1,36.5365,-0.7865,0.285102
2014,1,1,36.5365,-0.7135,0.285102
2014,1,1,36.526,-0.724,0.285102
2014,1,1,36.5052,-0.8073,0.285102
2014,1,1,36.4948,-0.8594,0.285102
2014,1,1,36.4948,-0.7031,0.285102
2014,1,1,36.4948,-0.6823,0.285102
2014,1,1,36.4844,-0.776,0.285102
2014,1,1,36.4844,-0.7552,0.285102
2014,1,1,36.4844,-0.7031,0.285102
2014,1,1,36.474,-0.7135,0.285102
2014,1,1,36.1719,-0.6823,0.285102
2014,1,1,36.1615,-0.7031,0.285102
2014,1,1,36.1615,-0.6927,0.285102
2014,1,1,36.151,-0.7448,0.285102
2014,1,1,36.151,-0.724,0.285102
2014,1,1,36.1302,-0.7448,0.285102
2014,1,1,36.1302,-0.7344,0.285102
2014,1,1,36.1198,-0.7135,0.285102
2014,1,1,36.1094,-0.8177,0.285102
2014,1,1,36.099,-0.8073,0.285102
2014,1,1,36.0885,-0.8385,0.285102
2014,1,1,36.0885,-0.8281,0.285102
2014,1,1,36.0573,-0.901,0.285102
2014,1,1,36.0469,-0.9531,0.285102
2014,1,1,36.0365,-0.974,0.285102
2014,1,1,37.1094,0.5052,0.285102
2014,1,1,37.0885,0.4844,0.285102
2014,1,1,37.0677,0.4844,0.285102
2014,1,1,37.0573,0.4844,0.285102
2014,1,1,37.0469,0.4844,0.285102
2014,1,1,37.026,0.5781,0.285102
2014,1,1,37.0052,0.599,0.285102
2014,1,1,37.0052,0.6094,0.285102
2014,1,1,36.9948,0.6198,0.285102
2014,1,1,36.9948,0.6302,0.285102
2014,1,1,36.9844,0.6198,0.285102
2014,1,1,36.9323,0.6927,0.285102
2014,1,1,36.9323,0.7031,0.285102
2014,1,1,36.8906,0.7552,0.285102
2014,1,1,36.8906,0.7656,0.285102
2014,1,1,36.8802,0.7865,0.285102
2014,1,1,36.8698,0.9948,0.285102
2014,1,1,36.724,-0.5781,0.285102
2014,1,1,36.6927,-0.6198,0.285102
2014,1,1,36.599,-0.599,0.285102
2014,1,1,36.5781,-0.6094,0.285102
2014,1,1,36.5781,-0.599,0.285102
2014,1,1,36.5677,-0.599,0.285102
2014,1,1,36.5573,-0.6094,0.285102
2014,1,1,36.5573,-0.5885,0.285102
2014,1,1,36.5573,-0.5781,0.285102
2014,1,1,36.5469,-0.5573,0.285102
2014,1,1,36.526,-0.5885,0.285102
2014,1,1,36.526,-0.5781,0.285102
2014,1,1,36.5156,-0.651,0.285102
2014,1,1,36.5052,0.224,0.285102
2014,1,1,36.4531,-0.6615,0.285102
2014,1,1,36.4427,0.224,0.285102
2014,1,1,36.3594,0.3594,0.285102
2014,1,1,36.349,-0.2865,0.285102
2014,1,1,36.349,-0.2656,0.285102
2014,1,1,36.349,-0.1823,0.285102
2014,1,1,36.349,-0.151,0.285102
2014,1,1,36.349,-0.1302,0.285102
2014,1,1,36.3385,-0.1094,0.285102
2014,1,1,36.3385,-0.0885,0.285102
2014,1,1,36.3281,-0.349,0.285102
2014,1,1,36.3281,0.0781,0.285102
2014,1,1,36.3281,0.276,0.285102
2014,1,1,36.3073,-0.3906,0.285102
2014,1,1,36.3073,0.0469,0.285102
2014,1,1,36.2969,0.0365,0.285102
2014,1,1,36.2865,-0.1406,0.285102
2014,1,1,36.276,-0.1406,0.285102
2014,1,1,36.2656,-0.1615,0.285102
2014,1,1,36.2552,-0.1615,0.285102
2014,1,1,36.2448,-0.4844,0.285102
2014,1,1,36.2448,-0.4635,0.285102
2014,1,1,36.2448,-0.1406,0.285102
2014,1,1,36.2344,-0.1406,0.285102
2014,1,1,36.224,-0.526,0.285102
2014,1,1,36.224,-0.1198,0.285102
2014,1,1,36.1823,-0.6615,0.285102
2014,1,1,36.1823,-0.6198,0.285102
2014,1,1,36.1719,-0.6406,0.285102
2014,1,4,37.1927,0.6719,0.285102
2014,1,4,37.1927,0.8177,0.285102
2014,1,4,37.151,0.6719,0.285102
2014,1,4,37.1198,0.651,0.285102
2014,1,4,37.099,0.6406,0.285102
2014,1,4,37.099,0.651,0.285102
2014,1,4,37.0885,0.6406,0.285102
2014,1,4,37.0781,0.6302,0.285102
2014,1,4,37.0677,0.6198,0.285102
2014,1,4,37.0677,0.6302,0.285102
2014,1,4,36.9844,0.5365,0.285102
2014,1,4,36.974,0.526,0.285102
2014,1,4,36.9427,0.3906,0.285102
2014,1,8,36.9427,-0.026,0.285102
2014,1,8,36.9427,-0.0156,0.285102
2014,1,8,36.9323,-0.0885,0.285102
2014,1,8,36.9323,-0.026,0.285102
2014,1,8,36.9323,-0.0156,0.285102
2014,1,8,36.9323,0.0052,0.285102
2014,1,8,36.9219,-0.026,0.285102
2014,1,8,36.8594,0.1406,0.285102
2014,1,8,36.776,0.1094,0.285102
2014,1,8,36.776,0.1198,0.285102
2014,1,8,36.7552,0.0885,0.285102
2014,1,8,36.724,0.0885,0.285102
2014,1,8,36.6927,0.0677,0.285102
2014,1,8,36.6823,0.0573,0.285102
2014,1,8,36.5677,-0.0365,0.285102
2014,1,8,36.5573,-0.0469,0.285102
2014,1,8,36.4948,-0.0885,0.285102
2014,1,8,36.4635,-0.1094,0.285102
2014,1,8,36.4635,-0.0885,0.285102
2014,1,8,36.4531,-0.1406,0.285102
2014,1,8,36.4531,-0.1094,0.285102
2014,1,8,36.4219,-0.151,0.285102
2014,1,8,36.4115,-0.151,0.285102
2014,1,8,36.3906,-0.2552,0.285102
2014,1,8,36.3906,-0.2031,0.285102
2014,1,8,36.3906,-0.1719,0.285102
2014,1,8,36.3802,-0.2031,0.285102
2014,1,8,36.3698,-0.2344,0.285102
2014,1,8,36.3698,-0.224,0.285102
2014,1,8,36.3698,-0.2135,0.285102
2014,1,8,36.3594,-0.2135,0.285102
2014,1,8,36.349,-0.3073,0.285102
2014,1,8,36.349,-0.2865,0.285102
2014,1,8,36.349,-0.2448,0.285102
2014,1,8,36.349,0.6302,0.285102
2014,1,8,36.349,0.6406,0.285102
2014,1,8,36.3385,-0.3177,0.285102
2014,1,8,36.3385,-0.3073,0.285102
2014,1,8,36.3385,-0.276,0.285102
2014,1,8,36.3385,-0.2552,0.285102
2014,1,8,36.3385,0.651,0.285102
2014,1,8,36.3281,-0.3073,0.285102
2014,1,8,36.3177,-0.3385,0.285102
2014,1,8,36.3177,-0.3281,0.285102
2014,1,8,36.3073,-0.5677,0.285102
2014,1,8,36.3073,-0.3906,0.285102
2014,1,8,36.3073,-0.3698,0.285102
2014,1,8,36.2969,-0.5573,0.285102
2014,1,8,36.2969,-0.4948,0.285102
2014,1,8,36.276,-0.5677,0.285102
2014,1,8,36.2448,-0.5677,0.285102
2014,1,8,36.2344,-0.5365,0.285102
2014,1,8,36.2344,-0.526,0.285102
2014,1,8,36.1927,-0.5365,0.285102
2014,1,8,36.1719,-0.5469,0.285102
2014,1,8,36.1406,-0.5573,0.285102
2014,1,8,35.901,-0.4219,0.285102
2014,1,9,36.776,-0.5156,0.285102
2014,1,9,36.6719,-0.224,0.285102
2014,1,9,36.599,-0.4531,0.285102
2014,1,9,36.5781,-0.2969,0.285102
2014,1,15,36.3073,-0.7552,0.285102
2014,1,15,36.276,-0.6823,0.285102
2014,1,15,36.276,-0.6719,0.285102
2014,1,15,36.2656,-0.7031,0.285102
2014,1,15,36.2552,-0.7552,0.285102
2014,1,15,36.2552,-0.724,0.285102
2014,1,15,36.2552,-0.7135,0.285102
2014,1,15,36.2552,-0.6927,0.285102
2014,1,15,36.2552,-0.6719,0.285102
2014,1,15,36.2448,-0.7135,0.285102
2014,1,15,36.2448,-0.7031,0.285102
2014,1,15,36.2448,-0.6927,0.285102
2014,1,15,36.2344,-0.724,0.285102
2014,1,15,36.2344,-0.7031,0.285102
2014,1,15,36.2344,-0.6927,0.285102
2014,1,15,36.2344,-0.6823,0.285102
2014,1,15,36.224,-0.9948,0.285102
2014,1,15,36.1615,-0.9948,0.285102
2014,1,15,36.1615,-0.8594,0.285102
2014,1,15,36.151,-0.8698,0.285102
2014,1,15,36.1302,-0.8906,0.285102
2014,1,15,36.1302,-0.7448,0.285102
2014,1,15,36.1198,-0.8177,0.285102
2014,1,15,36.1198,-0.7865,0.285102
2014,1,15,36.1094,-0.9115,0.285102
2014,1,15,36.099,-0.9635,0.285102
2014,1,15,36.099,-0.8906,0.285102
2014,1,15,36.0885,-0.7135,0.285102
2014,1,15,36.0781,-0.776,0.285102
2014,1,15,36.0781,-0.7135,0.285102
2014,1,15,36.0469,-0.9948,0.285102
2014,1,15,36.0469,-0.8594,0.285102
2014,1,15,36.0156,-0.8177,0.285102
2014,1,15,36.0156,-0.7865,0.285102
2014,1,15,36.0052,-0.7865,0.285102
2014,1,15,35.9948,-0.776,0.285102
2014,1,15,35.9844,-0.6823,0.285102
2014,1,15,35.974,-0.9844,0.285102
2014,1,15,35.974,-0.974,0.285102
2014,1,15,35.974,-0.7656,0.285102
2014,1,15,35.9635,-0.974,0.285102
2014,1,15,35.9531,-0.9844,0.285102
2014,1,15,35.9531,-0.9531,0.285102
2014,1,15,35.9531,-0.9323,0.285102
2014,1,15,35.9531,-0.849,0.285102
2014,1,15,35.9531,-0.8281,0.285102
2014,1,15,35.9531,-0.7656,0.285102
2014,1,15,35.9427,-0.974,0.285102
2014,1,15,35.9427,-0.9427,0.285102
2014,1,15,35.9427,-0.9323,0.285102
2014,1,15,35.9427,-0.8594,0.285102
2014,1,15,35.9427,-0.8177,0.285102
2014,1,15,35.9427,-0.7656,0.285102
2014,1,15,35.9427,-0.7552,0.285102
2014,1,15,35.9323,-0.9531,0.285102
2014,1,15,35.9323,-0.7969,0.285102
2014,1,15,35.9219,-0.9635,0.285102
2014,1,15,35.9219,-0.9427,0.285102
2014,1,15,35.9219,-0.7865,0.285102
2014,1,15,35.9219,-0.7656,0.285102
2014,1,15,35.9219,-0.7552,0.285102
2014,1,15,35.9115,-0.974,0.285102
2014,1,15,35.9115,-0.9323,0.285102
2014,1,15,35.9115,-0.8177,0.285102
2014,1,15,35.9115,-0.776,0.285102
2014,1,15,35.9115,-0.7656,0.285102
2014,1,15,35.9115,-0.7344,0.285102
2014,1,15,35.9115,-0.724,0.285102
2014,1,15,35.9115,-0.7135,0.285102
2014,1,15,35.901,-0.8385,0.285102
2014,1,15,35.901,-0.7656,0.285102
2014,1,15,35.901,-0.7552,0.285102
2014,1,15,35.901,-0.7135,0.285102
2014,1,15,35.901,-0.6823,0.285102
2014,1,15,35.901,-0.6719,0.285102
2014,1,15,35.8906,-0.9948,0.285102
2014,1,15,35.8906,-0.9427,0.285102
2014,1,15,35.8906,-0.8281,0.285102
2014,1,15,35.8906,-0.8177,0.285102
2014,1,15,35.8906,-0.8073,0.285102
2014,1,15,35.8906,-0.7969,0.285102
2014,1,15,35.8906,-0.7552,0.285102
2014,1,15,35.8906,-0.7135,0.285102
2014,1,15,35.8906,-0.6927,0.285102
2014,1,15,35.8802,-0.9948,0.285102
2014,1,15,35.8802,-0.9844,0.285102
2014,1,15,35.8802,-0.9531,0.285102
2014,1,15,35.8802,-0.9219,0.285102
2014,1,15,35.8802,-0.8802,0.285102
2014,1,15,35.8802,-0.8594,0.285102
2014,1,15,35.8802,-0.849,0.285102
2014,1,15,35.8802,-0.6927,0.285102
2014,1,15,35.8802,-0.6719,0.285102
2014,1,15,35.8698,-0.9948,0.285102
2014,1,15,35.8698,-0.9635,0.285102
2014,1,15,35.8698,-0.9427,0.285102
2014,1,15,35.8698,-0.9219,0.285102
2014,1,15,35.8698,-0.9115,0.285102
2014,1,15,35.8698,-0.8906,0.285102
2014,1,15,35.8698,-0.8698,0.285102
2014,1,15,35.8698,-0.8594,0.285102
2014,1,15,35.8698,-0.8385,0.285102
2014,1,15,35.8698,-0.8073,0.285102
2014,1,15,35.8698,-0.6927,0.285102
2014,1,15,35.8698,-0.6823,0.285102
2014,1,15,35.8594,-0.9844,0.285102
2014,1,15,35.8594,-0.974,0.285102
2014,1,15,35.8594,-0.9635,0.285102
2014,1,15,35.8594,-0.9427,0.285102
2014,1,15,35.8594,-0.9219,0.285102
2014,1,15,35.8594,-0.849,0.285102
2014,1,15,35.8594,-0.8281,0.285102
2014,1,15,35.8594,-0.7344,0.285102
2014,1,15,35.8594,-0.724,0.285102
2014,1,15,35.8594,-0.7135,0.285102
2014,1,15,35.8594,-0.6927,0.285102
2014,1,15,35.849,-0.974,0.285102
2014,1,15,35.849,-0.9635,0.285102
2014,1,15,35.849,-0.9427,0.285102
2014,1,15,35.849,-0.9323,0.285102
2014,1,15,35.849,-0.901,0.285102
2014,1,15,35.849,-0.8385,0.285102
2014,1,15,35.849,-0.8177,0.285102
2014,1,15,35.849,-0.7135,0.285102
2014,1,15,35.8385,-0.974,0.285102
2014,1,15,35.8385,-0.9531,0.285102
2014,1,15,35.8385,-0.9427,0.285102
2014,1,15,35.8385,-0.9323,0.285102
2014,1,15,35.8385,-0.8594,0.285102
2014,1,15,35.8385,-0.8385,0.285102
2014,1,15,35.8385,-0.8281,0.285102
2014,1,15,35.8385,-0.7969,0.285102
2014,1,15,35.8385,-0.7448,0.285102
2014,1,15,35.8281,-0.9844,0.285102
2014,1,15,35.8281,-0.9635,0.285102
2014,1,15,35.8281,-0.9531,0.285102
2014,1,15,35.8281,-0.9427,0.285102
2014,1,15,35.8281,-0.8594,0.285102
2014,1,15,35.8281,-0.7552,0.285102
2014,1,15,35.8281,-0.7448,0.285102
2014,1,15,35.8177,-0.8281,0.285102
2014,1,15,35.8177,-0.7969,0.285102
2014,1,15,35.8177,-0.776,0.285102
2014,1,15,35.8177,-0.7344,0.285102
2014,1,15,35.8073,-0.849,0.285102
2014,1,15,35.8073,-0.7969,0.285102
2014,1,15,35.8073,-0.7656,0.285102
2014,1,15,35.8073,-0.7552,0.285102
2014,1,15,35.8073,-0.7344,0.285102
2014,1,15,35.8073,-0.724,0.285102
2014,1,15,35.7969,-0.9115,0.285102
2014,1,15,35.7969,-0.7448,0.285102
2014,1,15,35.7865,-0.9635,0.285102
2014,1,15,35.7865,-0.9427,0.285102
2014,1,15,35.776,-0.9531,0.285102
2014,1,15,35.7656,-0.974,0.285102
2014,1,15,35.7552,-0.9635,0.285102
2014,1,15,35.7552,-0.6927,0.285102
2014,1,15,36.8698,-0.2135,0.285102
2014,1,15,36.7656,-0.4844,0.285102
2014,1,15,36.724,-0.3802,0.285102
2014,1,15,36.7031,-0.2969,0.285102
2014,1,15,36.6927,-0.0677,0.285102
2014,1,15,36.651,-0.5469,0.285102
2014,1,15,36.6198,-0.3177,0.285102
2014,1,15,36.6198,-0.2552,0.285102
2014,1,15,36.3385,-0.5156,0.285102
2014,1,15,36.3281,-0.5052,0.285102
2014,1,15,36.3281,-0.4948,0.285102
2014,1,15,36.3281,-0.474,0.285102
2014,1,15,36.3281,-0.4635,0.285102
2014,1,15,36.3177,-0.6302,0.285102
2014,1,15,36.3177,-0.5677,0.285102
2014,1,15,36.3177,-0.5156,0.285102
2014,1,15,36.3177,-0.5052,0.285102
2014,1,15,36.3073,-0.651,0.285102
2014,1,15,36.3073,-0.6198,0.285102
2014,1,15,36.3073,-0.474,0.285102
2014,1,15,36.3073,-0.4427,0.285102
2014,1,15,36.3073,-0.4323,0.285102
2014,1,15,36.2969,-0.526,0.285102
2014,1,15,36.2969,-0.4427,0.285102
2014,1,15,36.2969,-0.4323,0.285102
2014,1,15,36.2969,-0.4219,0.285102
2014,1,15,36.2865,-0.4219,0.285102
2014,1,15,36.2865,-0.401,0.285102
2014,1,15,36.276,-0.401,0.285102
2014,1,15,36.2656,-0.401,0.285102
2014,1,15,36.2656,-0.3906,0.285102
2014,1,15,36.2552,-0.3906,0.285102
2014,1,15,36.2448,-0.6615,0.285102
2014,1,15,36.2448,-0.3802,0.285102
2014,1,15,36.224,-0.599,0.285102
2014,1,15,36.2135,-0.3906,0.285102
2014,1,15,36.2031,-0.6615,0.285102
2014,1,15,36.2031,-0.5677,0.285102
2014,1,15,36.2031,-0.3906,0.285102
2014,1,15,36.2031,-0.3802,0.285102
2014,1,15,36.2031,-0.3594,0.285102
2014,1,15,36.1927,-0.5469,0.285102
2014,1,15,36.1823,-0.5885,0.285102
2014,1,15,36.1823,-0.3594,0.285102
2014,1,15,36.1719,-0.526,0.285102
2014,1,15,36.1615,-0.6302,0.285102
2014,1,15,36.1615,-0.5573,0.285102
2014,1,15,36.1615,-0.5469,0.285102
2014,1,15,36.1615,-0.349,0.285102
2014,1,15,36.151,-0.6615,0.285102
2014,1,15,36.151,-0.5781,0.285102
2014,1,15,36.151,-0.5573,0.285102
2014,1,15,36.151,-0.3385,0.285102
2014,1,15,36.151,-0.3281,0.285102
2014,1,15,36.1406,-0.526,0.285102
2014,1,15,36.1406,-0.5156,0.285102
2014,1,15,36.1406,-0.5052,0.285102
2014,1,15,36.1302,-0.5885,0.285102
2014,1,15,36.1302,-0.3698,0.285102
2014,1,15,36.1198,-0.5885,0.285102
2014,1,15,36.1198,-0.5781,0.285102
2014,1,15,36.1198,-0.4948,0.285102
2014,1,15,36.1094,-0.5156,0.285102
2014,1,15,36.1094,-0.4427,0.285102
2014,1,15,36.1094,-0.3594,0.285102
2014,1,15,36.099,-0.526,0.285102
2014,1,15,36.099,-0.474,0.285102
2014,1,15,36.0885,-0.6615,0.285102
2014,1,15,36.0885,-0.4948,0.285102
2014,1,15,36.0885,-0.3906,0.285102
2014,1,15,36.0885,-0.3594,0.285102
2014,1,15,36.0885,-0.349,0.285102
2014,1,15,36.0885,0.0052,0.285102
2014,1,15,36.0885,0.0156,0.285102
2014,1,15,36.0885,0.026,0.285102
2014,1,15,36.0885,0.0469,0.285102
2014,1,15,36.0781,-0.6615,0.285102
2014,1,15,36.0781,-0.5573,0.285102
2014,1,15,36.0781,-0.4844,0.285102
2014,1,15,36.0781,-0.474,0.285102
2014,1,15,36.0781,-0.4531,0.285102
2014,1,15,36.0781,-0.4427,0.285102
2014,1,15,36.0781,-0.401,0.285102
2014,1,15,36.0781,-0.3594,0.285102
2014,1,15,36.0781,-0.349,0.285102
2014,1,15,36.0781,0.0052,0.285102
2014,1,15,36.0781,0.026,0.285102
2014,1,15,36.0781,0.0365,0.285102
2014,1,15,36.0677,-0.4427,0.285102
2014,1,15,36.0677,-0.3906,0.285102
2014,1,15,36.0677,0.026,0.285102
2014,1,15,36.0573,-0.3802,0.285102
2014,1,15,36.0573,-0.026,0.285102
2014,1,15,36.0573,-0.0052,0.285102
2014,1,15,36.0469,-0.5573,0.285102
2014,1,15,36.0469,-0.1406,0.285102
2014,1,15,36.0469,-0.1302,0.285102
2014,1,15,36.0469,-0.1198,0.285102
2014,1,15,36.0469,-0.099,0.285102
2014,1,15,36.0469,-0.0885,0.285102
2014,1,15,36.0469,-0.0469,0.285102
2014,1,15,36.0469,-0.0365,0.285102
2014,1,15,36.0365,-0.1823,0.285102
2014,1,15,36.0365,-0.1719,0.285102
2014,1,15,36.0365,-0.1615,0.285102
2014,1,15,36.0365,-0.151,0.285102
2014,1,15,36.0365,-0.1406,0.285102
2014,1,15,36.0365,-0.1198,0.285102
2014,1,15,36.0365,-0.0781,0.285102
2014,1,15,36.0365,-0.0052,0.285102
2014,1,15,36.026,-0.1615,0.285102
2014,1,15,36.026,-0.1406,0.285102
2014,1,15,36.0156,-0.2656,0.285102
2014,1,15,36.0156,-0.2552,0.285102
2014,1,15,36.0156,-0.2344,0.285102
2014,1,15,36.0156,-0.1302,0.285102
2014,1,15,36.0156,-0.1094,0.285102
2014,1,15,36.0052,-0.4531,0.285102
2014,1,15,36.0052,-0.4323,0.285102
2014,1,15,36.0052,-0.2969,0.285102
2014,1,15,36.0052,-0.2656,0.285102
2014,1,15,36.0052,-0.2552,0.285102
2014,1,15,36.0052,-0.2344,0.285102
2014,1,15,36.0052,-0.1302,0.285102
2014,1,15,36.0052,-0.1094,0.285102
2014,1,15,36.0052,-0.099,0.285102
2014,1,15,36.0052,-0.0156,0.285102
2014,1,15,35.9948,-0.3906,0.285102
2014,1,15,35.9948,-0.3594,0.285102
2014,1,15,35.9948,-0.3385,0.285102
2014,1,15,35.9948,-0.1927,0.285102
2014,1,15,35.9948,-0.1198,0.285102
2014,1,15,35.9948,-0.1094,0.285102
2014,1,15,35.9948,-0.0573,0.285102
2014,1,15,35.9948,-0.026,0.285102
2014,1,15,35.9948,-0.0052,0.285102
2014,1,15,35.9948,0.0156,0.285102
2014,1,15,35.9844,-0.4115,0.285102
2014,1,15,35.9844,-0.2448,0.285102
2014,1,15,35.9844,-0.2135,0.285102
2014,1,15,35.9844,-0.0885,0.285102
2014,1,15,35.9844,-0.0052,0.285102
2014,1,15,35.9844,0.0156,0.285102
2014,1,15,35.974,-0.5156,0.285102
2014,1,15,35.974,-0.4635,0.285102
2014,1,15,35.974,-0.401,0.285102
2014,1,15,35.974,-0.3906,0.285102
2014,1,15,35.974,-0.3802,0.285102
2014,1,15,35.974,-0.2552,0.285102
2014,1,15,35.974,-0.2344,0.285102
2014,1,15,35.974,-0.0885,0.285102
2014,1,15,35.974,-0.0781,0.285102
2014,1,15,35.9635,-0.4948,0.285102
2014,1,15,35.9635,-0.4844,0.285102
2014,1,15,35.9635,-0.4531,0.285102
2014,1,15,35.9635,-0.4219,0.285102
2014,1,15,35.9635,-0.3802,0.285102
2014,1,15,35.9635,-0.3177,0.285102
2014,1,15,35.9635,-0.099,0.285102
2014,1,15,35.9635,-0.0781,0.285102
2014,1,15,35.9531,-0.526,0.285102
2014,1,15,35.9531,-0.4948,0.285102
2014,1,15,35.9531,-0.4844,0.285102
2014,1,15,35.9531,-0.474,0.285102
2014,1,15,35.9531,-0.4427,0.285102
2014,1,15,35.9531,-0.4323,0.285102
2014,1,15,35.9531,-0.4115,0.285102
2014,1,15,35.9531,-0.349,0.285102
2014,1,15,35.9531,-0.3281,0.285102
2014,1,15,35.9531,-0.1094,0.285102
2014,1,15,35.9531,-0.099,0.285102
2014,1,15,35.9531,-0.0781,0.285102
2014,1,15,35.9427,-0.5469,0.285102
2014,1,15,35.9427,-0.4844,0.285102
2014,1,15,35.9427,-0.4427,0.285102
2014,1,15,35.9427,-0.4323,0.285102
2014,1,15,35.9427,-0.3802,0.285102
2014,1,15,35.9427,-0.3385,0.285102
2014,1,15,35.9427,-0.099,0.285102
2014,1,15,35.9323,-0.6198,0.285102
2014,1,15,35.9323,-0.5781,0.285102
2014,1,15,35.9323,-0.5573,0.285102
2014,1,15,35.9323,-0.4844,0.285102
2014,1,15,35.9323,-0.4427,0.285102
2014,1,15,35.9323,-0.4323,0.285102
2014,1,15,35.9323,-0.4115,0.285102
2014,1,15,35.9323,-0.349,0.285102
2014,1,15,35.9323,-0.0885,0.285102
2014,1,15,35.9219,-0.651,0.285102
2014,1,15,35.9219,-0.6302,0.285102
2014,1,15,35.9219,-0.6094,0.285102
2014,1,15,35.9219,-0.5885,0.285102
2014,1,15,35.9219,-0.5573,0.285102
2014,1,15,35.9219,-0.5469,0.285102
2014,1,15,35.9219,-0.5365,0.285102
2014,1,15,35.9219,-0.5156,0.285102
2014,1,15,35.9219,-0.5052,0.285102
2014,1,15,35.9219,-0.0573,0.285102
2014,1,15,35.9115,-0.6615,0.285102
2014,1,15,35.9115,-0.6198,0.285102
2014,1,15,35.9115,-0.6094,0.285102
2014,1,15,35.9115,-0.5885,0.285102
2014,1,15,35.9115,-0.5781,0.285102
2014,1,15,35.9115,-0.2969,0.285102
2014,1,15,35.9115,-0.276,0.285102
2014,1,15,35.9115,-0.0469,0.285102
2014,1,15,35.901,-0.6615,0.285102
2014,1,15,35.901,-0.6094,0.285102
2014,1,15,35.901,-0.5885,0.285102
2014,1,15,35.901,-0.5781,0.285102
2014,1,15,35.901,-0.526,0.285102
2014,1,15,35.901,-0.0573,0.285102
2014,1,15,35.8906,-0.6302,0.285102
2014,1,15,35.8906,-0.599,0.285102
2014,1,15,35.8802,-0.651,0.285102
2014,1,15,35.8594,-0.6198,0.285102
2014,1,15,35.8594,-0.6094,0.285102
2014,1,17,36.2135,-0.9635,0.285102
2014,1,17,37.2031,0.6198,0.285102
2014,1,17,37.1823,0.5885,0.285102
2014,1,18,36.6302,-0.6927,0.285102
2014,1,18,36.5052,-0.974,0.285102
2014,1,18,36.4531,-0.7031,0.285102
2014,1,18,36.4427,-0.6927,0.285102
2014,1,18,36.349,-0.7552,0.285102
2014,1,18,36.3385,-0.9531,0.285102
2014,1,18,36.2969,-0.8698,0.285102
2014,1,18,36.1406,-0.6719,0.285102
2014,1,18,36.1302,-0.7865,0.285102
2014,1,18,36.1302,-0.6823,0.285102
2014,1,18,36.1302,-0.6719,0.285102
2014,1,18,36.099,-0.776,0.285102
2014,1,18,36.099,-0.7656,0.285102
2014,1,18,36.099,-0.7552,0.285102
2014,1,18,36.099,-0.7448,0.285102
2014,1,18,36.0885,-0.7552,0.285102
2014,1,18,36.0781,-0.9531,0.285102
2014,1,18,36.0781,-0.9219,0.285102
2014,1,18,36.0781,-0.9115,0.285102
2014,1,18,36.0781,-0.8177,0.285102
2014,1,18,36.0781,-0.776,0.285102
2014,1,18,36.0781,-0.7656,0.285102
2014,1,18,36.0677,-0.9323,0.285102
2014,1,18,36.0573,-0.974,0.285102
2014,1,18,36.0573,-0.9635,0.285102
2014,1,18,36.0573,-0.9427,0.285102
2014,1,18,36.0573,-0.7969,0.285102
2014,1,18,36.0573,-0.724,0.285102
2014,1,18,36.0469,-0.9844,0.285102
2014,1,18,36.0365,-0.9948,0.285102
2014,1,18,36.0365,-0.974,0.285102
2014,1,18,36.0365,-0.9635,0.285102
2014,1,18,36.0365,-0.7552,0.285102
2014,1,18,36.026,-0.9948,0.285102
2014,1,18,36.026,-0.974,0.285102
2014,1,18,36.026,-0.9635,0.285102
2014,1,18,36.026,-0.8802,0.285102
2014,1,18,36.0156,-0.9844,0.285102
2014,1,18,36.0156,-0.974,0.285102
2014,1,18,36.0156,-0.9115,0.285102
2014,1,18,36.0156,-0.901,0.285102
2014,1,18,36.0156,-0.8906,0.285102
2014,1,18,36.0156,-0.8281,0.285102
2014,1,18,36.0052,-0.9844,0.285102
2014,1,18,36.0052,-0.9219,0.285102
2014,1,18,35.9948,-0.9844,0.285102
2014,1,18,35.9948,-0.9219,0.285102
2014,1,18,35.9948,-0.8906,0.285102
2014,1,18,35.9948,-0.849,0.285102
2014,1,18,35.9948,-0.7656,0.285102
2014,1,18,35.9844,-0.9948,0.285102
2014,1,18,35.9844,-0.9844,0.285102
2014,1,18,35.9844,-0.9635,0.285102
2014,1,18,35.9844,-0.9323,0.285102
2014,1,18,35.9844,-0.9219,0.285102
2014,1,18,35.9844,-0.7656,0.285102
2014,1,18,35.9844,-0.7552,0.285102
2014,1,18,35.974,-0.9635,0.285102
2014,1,18,35.974,-0.9531,0.285102
2014,1,18,35.974,-0.7969,0.285102
2014,1,18,35.974,-0.724,0.285102
2014,1,18,35.9635,-0.9948,0.285102
2014,1,18,35.9635,-0.9844,0.285102
2014,1,18,35.9635,-0.974,0.285102
2014,1,18,35.9635,-0.7656,0.285102
2014,1,18,35.9531,-0.9219,0.285102
2014,1,18,35.9531,-0.849,0.285102
2014,1,18,35.9427,-0.9219,0.285102
2014,1,18,35.9323,-0.8594,0.285102
2014,1,18,35.9219,-0.9948,0.285102
2014,1,18,35.9219,-0.9635,0.285102
2014,1,18,35.9219,-0.8698,0.285102
2014,1,18,35.9115,-0.9948,0.285102
2014,1,18,35.9115,-0.9635,0.285102
2014,1,18,35.9115,-0.9427,0.285102
2014,1,18,35.8385,-0.7656,0.285102
2014,1,18,35.8281,-0.7552,0.285102
2014,1,18,35.8073,-0.8073,0.285102
2014,1,18,35.8073,-0.6823,0.285102
2014,1,18,35.7969,-0.8073,0.285102
2014,1,18,35.7969,-0.6823,0.285102
2014,1,18,35.7865,-0.9531,0.285102
2014,1,18,35.776,-0.9635,0.285102
2014,1,18,35.7656,-0.6927,0.285102
2014,1,18,36.9427,-0.1094,0.285102
2014,1,18,36.7344,-0.3698,0.285102
2014,1,18,36.724,-0.4635,0.285102
2014,1,18,36.724,-0.4531,0.285102
2014,1,18,36.724,-0.0052,0.285102
2014,1,18,36.6823,-0.1927,0.285102
2014,1,18,36.6719,-0.2552,0.285102
2014,1,18,36.6615,-0.5885,0.285102
2014,1,18,36.6615,-0.1719,0.285102
2014,1,18,36.6094,-0.1406,0.285102
2014,1,18,36.5781,-0.2344,0.285102
2014,1,18,36.5781,-0.2135,0.285102
2014,1,18,36.5469,-0.3385,0.285102
2014,1,18,36.526,-0.349,0.285102
2014,1,18,36.5156,-0.349,0.285102
2014,1,18,36.4844,-0.3802,0.285102
2014,1,18,36.4427,-0.6615,0.285102
2014,1,18,36.4427,-0.4844,0.285102
2014,1,18,36.4427,-0.4531,0.285102
2014,1,18,36.4323,-0.6406,0.285102
2014,1,18,36.4323,-0.5781,0.285102
2014,1,18,36.4323,-0.5052,0.285102
2014,1,18,36.4219,-0.6302,0.285102
2014,1,18,36.4219,-0.6198,0.285102
2014,1,18,36.4219,-0.5781,0.285102
2014,1,18,36.4115,-0.6198,0.285102
2014,1,18,36.3281,-0.0573,0.285102
2014,1,18,36.3281,-0.026,0.285102
2014,1,18,36.3281,-0.0156,0.285102
2014,1,18,36.3281,-0.0052,0.285102
2014,1,18,36.3281,0.0052,0.285102
2014,1,18,36.3177,-0.0677,0.285102
2014,1,18,36.3177,-0.0156,0.285102
2014,1,18,36.3073,-0.0677,0.285102
2014,1,18,36.2969,-0.099,0.285102
2014,1,18,36.2969,-0.0781,0.285102
2014,1,18,36.2969,-0.0677,0.285102
2014,1,18,36.2969,-0.0469,0.285102
2014,1,18,36.2969,0.224,0.285102
2014,1,18,36.2865,-0.0677,0.285102
2014,1,18,36.2865,0.1406,0.285102
2014,1,18,36.2865,0.1719,0.285102
2014,1,18,36.2865,0.1823,0.285102
2014,1,18,36.2865,0.1927,0.285102
2014,1,18,36.276,-0.1198,0.285102
2014,1,18,36.276,-0.0781,0.285102
2014,1,18,36.276,-0.0052,0.285102
2014,1,18,36.276,0.1719,0.285102
2014,1,18,36.276,0.224,0.285102
2014,1,18,36.276,0.2344,0.285102
2014,1,18,36.2656,-0.1198,0.285102
2014,1,18,36.2656,0.2135,0.285102
2014,1,18,36.2552,-0.2135,0.285102
2014,1,18,36.2552,0.1927,0.285102
2014,1,18,36.2552,0.2031,0.285102
2014,1,18,36.2552,0.2135,0.285102
2014,1,18,36.2552,0.224,0.285102
2014,1,18,36.2448,-0.1198,0.285102
2014,1,18,36.2448,-0.0781,0.285102
2014,1,18,36.2448,-0.0677,0.285102
2014,1,18,36.2448,-0.0573,0.285102
2014,1,18,36.2448,-0.0156,0.285102
2014,1,18,36.2448,0.0365,0.285102
2014,1,18,36.2344,-0.1406,0.285102
2014,1,18,36.2344,-0.1198,0.285102
2014,1,18,36.2344,-0.099,0.285102
2014,1,18,36.2344,0.0156,0.285102
2014,1,18,36.2344,0.026,0.285102
2014,1,18,36.2344,0.224,0.285102
2014,1,18,36.224,-0.151,0.285102
2014,1,18,36.224,-0.1302,0.285102
2014,1,18,36.224,-0.1094,0.285102
2014,1,18,36.224,-0.0885,0.285102
2014,1,18,36.224,-0.0677,0.285102
2014,1,18,36.224,-0.0156,0.285102
2014,1,18,36.224,0.0365,0.285102
2014,1,18,36.224,0.2135,0.285102
2014,1,18,36.2135,-0.1823,0.285102
2014,1,18,36.2135,-0.1615,0.285102
2014,1,18,36.2135,-0.1406,0.285102
2014,1,18,36.2135,-0.1302,0.285102
2014,1,18,36.2135,-0.1198,0.285102
2014,1,18,36.2135,-0.0781,0.285102
2014,1,18,36.2135,-0.026,0.285102
2014,1,18,36.2135,0.0365,0.285102
2014,1,18,36.2031,-0.1927,0.285102
2014,1,18,36.2031,-0.1719,0.285102
2014,1,18,36.2031,-0.1615,0.285102
2014,1,18,36.2031,-0.1302,0.285102
2014,1,18,36.2031,-0.0885,0.285102
2014,1,18,36.2031,-0.026,0.285102
2014,1,18,36.2031,0.0052,0.285102
2014,1,18,36.2031,0.0156,0.285102
2014,1,18,36.2031,0.1823,0.285102
2014,1,18,36.1927,-0.2031,0.285102
2014,1,18,36.1927,-0.151,0.285102
2014,1,18,36.1927,-0.0677,0.285102
2014,1,18,36.1927,-0.0365,0.285102
2014,1,18,36.1927,0.0156,0.285102
2014,1,18,36.1823,-0.2135,0.285102
2014,1,18,36.1823,-0.1615,0.285102
2014,1,18,36.1823,-0.099,0.285102
2014,1,18,36.1823,-0.0365,0.285102
2014,1,18,36.1719,-0.2552,0.285102
2014,1,18,36.1719,-0.2344,0.285102
2014,1,18,36.1719,-0.2135,0.285102
2014,1,18,36.1719,-0.2031,0.285102
2014,1,18,36.1719,-0.1927,0.285102
2014,1,18,36.1719,-0.1719,0.285102
2014,1,18,36.1719,-0.0573,0.285102
2014,1,18,36.1615,-0.2656,0.285102
2014,1,18,36.1615,-0.224,0.285102
2014,1,18,36.1615,-0.2135,0.285102
2014,1,18,36.1615,-0.2031,0.285102
2014,1,18,36.1615,-0.1302,0.285102
2014,1,18,36.1615,-0.1198,0.285102
2014,1,18,36.1615,-0.0469,0.285102
2014,1,18,36.1615,-0.0156,0.285102
2014,1,18,36.1615,0.0052,0.285102
2014,1,18,36.1615,0.0573,0.285102
2014,1,18,36.151,-0.3385,0.285102
2014,1,18,36.151,-0.3281,0.285102
2014,1,18,36.151,-0.3177,0.285102
2014,1,18,36.151,-0.3073,0.285102
2014,1,18,36.151,-0.2969,0.285102
2014,1,18,36.151,-0.2865,0.285102
2014,1,18,36.151,-0.276,0.285102
2014,1,18,36.151,-0.2135,0.285102
2014,1,18,36.151,-0.2031,0.285102
2014,1,18,36.151,-0.1615,0.285102
2014,1,18,36.151,-0.1094,0.285102
2014,1,18,36.151,-0.026,0.285102
2014,1,18,36.1406,-0.651,0.285102
2014,1,18,36.1406,-0.3594,0.285102
2014,1,18,36.1406,-0.349,0.285102
2014,1,18,36.1406,-0.3281,0.285102
2014,1,18,36.1406,-0.2865,0.285102
2014,1,18,36.1406,-0.2656,0.285102
2014,1,18,36.1406,-0.2448,0.285102
2014,1,18,36.1406,-0.2344,0.285102
2014,1,18,36.1302,-0.276,0.285102
2014,1,18,36.1302,-0.2344,0.285102
2014,1,18,36.1302,0.1927,0.285102
2014,1,18,36.1198,-0.3802,0.285102
2014,1,18,36.1198,-0.2969,0.285102
2014,1,18,36.1198,-0.2865,0.285102
2014,1,18,36.1198,-0.2656,0.285102
2014,1,18,36.1094,-0.2969,0.285102
2014,1,18,36.1094,-0.2656,0.285102
2014,1,18,36.1094,-0.151,0.285102
2014,1,18,36.099,-0.349,0.285102
2014,1,18,36.099,-0.3281,0.285102
2014,1,18,36.0885,-0.474,0.285102
2014,1,18,36.0885,-0.3281,0.285102
2014,1,18,36.0885,-0.1198,0.285102
2014,1,18,36.0781,-0.5052,0.285102
2014,1,18,36.0781,-0.4844,0.285102
2014,1,18,36.0677,-0.5052,0.285102
2014,1,18,36.0677,-0.1302,0.285102
2014,1,18,36.0573,-0.5365,0.285102
2014,1,18,36.0573,-0.2448,0.285102
2014,1,18,36.0469,-0.3802,0.285102
2014,1,18,36.0469,-0.2448,0.285102
2014,1,18,36.0365,-0.6094,0.285102
2014,1,18,36.0365,-0.3906,0.285102
2014,1,18,36.0365,-0.2969,0.285102
2014,1,18,36.026,-0.6198,0.285102
2014,1,18,36.026,-0.224,0.285102
2014,1,18,36.026,-0.1615,0.285102
2014,1,18,36.0156,-0.2969,0.285102
2014,1,18,36.0156,-0.2656,0.285102
2014,1,18,36.0156,-0.2552,0.285102
2014,1,18,36.0052,-0.2448,0.285102
2014,1,18,35.9948,-0.276,0.285102
2014,1,18,35.9948,-0.2448,0.285102
2014,1,18,35.9948,-0.1927,0.285102
2014,1,18,35.9948,-0.1302,0.285102
2014,1,18,35.9844,-0.599,0.285102
2014,1,18,35.9844,-0.2552,0.285102
2014,1,18,35.9844,-0.2448,0.285102
2014,1,18,35.974,-0.5156,0.285102
2014,1,18,35.9635,-0.526,0.285102
2014,1,18,35.9635,-0.4948,0.285102
2014,1,18,35.9635,-0.2865,0.285102
2014,1,18,35.9531,-0.526,0.285102
2014,1,18,35.9531,-0.5156,0.285102
2014,1,18,35.9427,-0.5469,0.285102
2014,1,18,35.9427,-0.526,0.285102
2014,1,18,35.9427,-0.4948,0.285102
2014,1,18,35.9323,-0.5781,0.285102
2014,1,18,35.9323,-0.5469,0.285102
2014,1,18,35.9323,-0.5156,0.285102
2014,1,18,35.9219,-0.5781,0.285102
2014,1,18,35.9219,-0.4219,0.285102
2014,1,18,35.9115,-0.526,0.285102
2014,1,18,35.901,-0.5677,0.285102
2014,1,18,35.7865,-0.5573,0.285102
2014,1,18,35.7865,-0.5365,0.285102
2014,1,18,35.7552,-0.599,0.285102
2014,1,20,36.2031,-0.8802,0.285102
2014,1,20,36.1823,-0.974,0.285102
2014,1,20,36.026,-0.9531,0.285102
2014,1,20,36.026,-0.9219,0.285102
2014,1,20,36.026,-0.901,0.285102
2014,1,20,36.0156,-0.9844,0.285102
2014,1,20,36.0156,-0.9531,0.285102
2014,1,20,36.0052,-0.974,0.285102
2014,1,20,36.0052,-0.9635,0.285102
2014,1,20,36.0052,-0.6719,0.285102
2014,1,20,35.9844,-0.6927,0.285102
2014,1,20,35.974,-0.7969,0.285102
2014,1,20,35.974,-0.7865,0.285102
2014,1,20,35.974,-0.724,0.285102
2014,1,20,35.974,-0.6927,0.285102
2014,1,20,35.9635,-0.9115,0.285102
2014,1,20,35.9531,-0.7552,0.285102
2014,1,20,35.9531,-0.7448,0.285102
2014,1,20,35.9427,-0.8698,0.285102
2014,1,20,35.9427,-0.7656,0.285102
2014,1,20,35.9323,-0.9948,0.285102
2014,1,20,35.9323,-0.9844,0.285102
2014,1,20,35.9323,-0.8073,0.285102
2014,1,20,35.9219,-0.8698,0.285102
2014,1,20,35.9219,-0.7969,0.285102
2014,1,20,35.9219,-0.7344,0.285102
2014,1,20,35.9219,-0.7031,0.285102
2014,1,20,35.849,-0.6823,0.285102
2014,1,20,35.8073,-0.9219,0.285102
2014,1,20,37.1927,0.849,0.285102
2014,1,20,37.0677,0.8385,0.285102
2014,1,20,36.9531,0.9635,0.285102
2014,1,20,36.7448,0.9323,0.285102
2014,1,20,36.6302,0.9531,0.285102
2014,1,20,36.5573,0.8802,0.285102
2014,1,20,36.5469,0.3802,0.285102
2014,1,20,36.5469,0.4115,0.285102
2014,1,20,36.5469,0.526,0.285102
2014,1,20,36.5469,0.8073,0.285102
2014,1,20,36.5365,0.7969,0.285102
2014,1,20,36.526,0.4427,0.285102
2014,1,20,36.5156,0.4531,0.285102
2014,1,20,36.5156,0.9115,0.285102
2014,1,20,36.5052,0.0885,0.285102
2014,1,20,36.5052,0.099,0.285102
2014,1,20,36.5052,0.1198,0.285102
2014,1,20,36.5052,0.1302,0.285102
2014,1,20,36.4948,0.776,0.285102
2014,1,20,36.4844,-0.0052,0.285102
2014,1,20,36.3906,-0.2135,0.285102
2014,1,20,36.3177,-0.5365,0.285102
2014,1,20,36.2031,-0.3698,0.285102
2014,1,20,36.1927,-0.4323,0.285102
2014,1,20,36.1927,0.1615,0.285102
2014,1,20,36.1719,-0.6406,0.285102
2014,1,20,36.1719,0.1615,0.285102
2014,1,20,36.1615,-0.3594,0.285102
2014,1,20,36.1615,-0.2865,0.285102
2014,1,20,36.1094,-0.4219,0.285102
2014,1,20,36.099,-0.4427,0.285102
2014,1,20,36.0781,-0.474,0.285102
2014,1,20,36.0781,-0.4219,0.285102
2014,1,20,36.0781,-0.4115,0.285102
2014,1,20,36.0677,-0.5052,0.285102
2014,1,20,36.0677,-0.4531,0.285102
2014,1,20,36.0573,-0.526,0.285102
2014,1,20,36.0469,-0.5573,0.285102
2014,1,20,36.0469,-0.526,0.285102
2014,1,20,36.026,-0.5469,0.285102
2014,1,20,36.026,-0.3073,0.285102
2014,1,20,35.9844,-0.2448,0.285102
2014,1,20,35.974,-0.2969,0.285102
2014,1,20,35.974,-0.2656,0.285102
2014,1,20,35.974,-0.2552,0.285102
2014,1,20,35.9635,-0.3385,0.285102
2014,1,20,35.9635,-0.3073,0.285102
2014,1,20,35.9531,-0.349,0.285102
2014,1,20,35.9427,-0.4323,0.285102
2014,1,20,35.8906,-0.5573,0.285102
2014,1,21,36.5052,-0.8073,0.285102
2014,1,21,36.4948,-0.8281,0.285102
2014,1,21,36.4948,-0.7656,0.285102
2014,1,21,36.4948,-0.7344,0.285102
2014,1,21,36.4844,-0.776,0.285102
2014,1,21,36.4844,-0.7552,0.285102
2014,1,21,36.4844,-0.7448,0.285102
2014,1,21,36.4844,-0.7344,0.285102
2014,1,21,36.4844,-0.724,0.285102
2014,1,21,36.474,-0.776,0.285102
2014,1,21,36.4531,-0.7031,0.285102
2014,1,21,36.4531,-0.6719,0.285102
2014,1,21,36.401,-0.8698,0.285102
2014,1,21,36.401,-0.7135,0.285102
2014,1,21,36.3906,-0.8698,0.285102
2014,1,21,36.3802,-0.8698,0.285102
2014,1,21,36.3802,-0.7135,0.285102
2014,1,21,36.3073,-0.9115,0.285102
2014,1,21,36.2969,-0.9427,0.285102
2014,1,21,36.2969,-0.9323,0.285102
2014,1,21,36.2969,-0.9219,0.285102
2014,1,21,36.2969,-0.9115,0.285102
2014,1,21,36.2865,-0.9427,0.285102
2014,1,21,36.2865,-0.9115,0.285102
2014,1,21,36.276,-0.9531,0.285102
2014,1,21,36.2656,-0.9531,0.285102
2014,1,21,36.2552,-0.9219,0.285102
2014,1,21,36.1094,-0.974,0.285102
2014,1,21,36.1094,-0.9427,0.285102
2014,1,21,36.0885,-0.9531,0.285102
2014,1,21,36.0781,-0.9531,0.285102
2014,1,21,36.0677,-0.9948,0.285102
2014,1,21,36.0573,-0.9948,0.285102
2014,1,21,36.0573,-0.9531,0.285102
2014,1,21,36.4323,-0.6615,0.285102
2014,1,21,36.4219,-0.6615,0.285102
2014,1,22,36.8385,-0.349,0.285102
2014,1,23,36.5677,-0.7552,0.285102
2014,1,23,36.5469,-0.7865,0.285102
2014,1,23,36.526,-0.7865,0.285102
2014,1,23,36.4948,-0.7656,0.285102
2014,1,23,36.4948,-0.7552,0.285102
2014,1,23,36.4844,-0.7344,0.285102
2014,1,23,36.4844,-0.724,0.285102
2014,1,23,36.4635,-0.7031,0.285102
2014,1,23,36.4427,-0.6927,0.285102
2014,1,23,36.4323,-0.7344,0.285102
2014,1,23,36.4323,-0.6927,0.285102
2014,1,23,36.3906,-0.7344,0.285102
2014,1,23,36.3802,-0.7656,0.285102
2014,1,23,36.3802,-0.7448,0.285102
2014,1,23,36.3802,-0.724,0.285102
2014,1,23,36.3802,-0.6927,0.285102
2014,1,23,36.3698,-0.7135,0.285102
2014,1,23,36.3698,-0.7031,0.285102
2014,1,23,36.3594,-0.7135,0.285102
2014,1,23,36.349,-0.7448,0.285102
2014,1,23,36.349,-0.7135,0.285102
2014,1,23,36.349,-0.6927,0.285102
2014,1,23,36.3281,-0.7344,0.285102
2014,1,23,36.3281,-0.724,0.285102
2014,1,23,36.3177,-0.724,0.285102
2014,1,23,36.3073,-0.7552,0.285102
2014,1,23,36.3073,-0.7448,0.285102
2014,1,23,36.276,-0.7552,0.285102
2014,1,23,36.2656,-0.7448,0.285102
2014,1,23,36.2448,-0.7344,0.285102
2014,1,23,36.224,-0.7135,0.285102
2014,1,23,36.224,-0.7031,0.285102
2014,1,23,36.2135,-0.7135,0.285102
2014,1,23,36.1927,-0.6823,0.285102
2014,1,23,36.1927,-0.6719,0.285102
2014,1,23,36.1719,-0.6823,0.285102
2014,1,23,36.1719,-0.6719,0.285102
2014,1,23,36.151,-0.6823,0.285102
2014,1,23,36.151,-0.6719,0.285102
2014,1,23,37.099,0.2969,0.285102
2014,1,23,37.0885,0.2865,0.285102
2014,1,23,37.0885,0.3073,0.285102
2014,1,23,36.7344,-0.2865,0.285102
2014,1,23,36.724,-0.276,0.285102
2014,1,23,36.724,-0.2656,0.285102
2014,1,23,36.6823,-0.2448,0.285102
2014,1,23,36.5573,-0.6198,0.285102
2014,1,23,36.526,-0.2344,0.285102
2014,1,23,36.5052,-0.2135,0.285102
2014,1,24,36.9844,0.7552,0.285102
2014,1,24,36.849,0.599,0.285102
2014,1,24,36.7969,0.4635,0.285102
2014,1,24,36.7969,0.5156,0.285102
2014,1,24,36.7969,0.526,0.285102
2014,1,24,36.7865,0.5052,0.285102
2014,1,24,36.776,0.4427,0.285102
2014,1,24,36.776,0.4844,0.285102
2014,1,24,36.7656,0.5052,0.285102
2014,1,24,36.7448,0.474,0.285102
2014,1,24,36.6927,0.3906,0.285102
2014,1,24,35.9635,-0.0156,0.285102
2014,1,26,36.0573,-0.9948,0.285102
2014,1,26,35.9635,-0.8594,0.285102
2014,1,26,36.7656,0.4844,0.285102
2014,1,26,36.7448,0.4323,0.285102
2014,1,26,36.7344,0.3594,0.285102
2014,1,26,36.7135,0.3906,0.285102
2014,1,26,36.7135,0.401,0.285102
2014,1,26,36.6094,0.3594,0.285102
2014,1,26,36.599,0.3385,0.285102
2014,1,26,36.599,0.349,0.285102
2014,1,26,36.5885,0.349,0.285102
2014,1,26,36.5365,0.276,0.285102
2014,1,26,36.526,-0.4323,0.285102
2014,1,26,36.526,0.901,0.285102
2014,1,26,36.526,0.9323,0.285102
2014,1,26,36.5156,0.2448,0.285102
2014,1,26,36.5156,0.9427,0.285102
2014,1,26,36.5052,0.2656,0.285102
2014,1,26,36.5052,0.2865,0.285102
2014,1,26,36.5052,0.8906,0.285102
2014,1,26,36.4948,0.2344,0.285102
2014,1,26,36.4948,0.2552,0.285102
2014,1,26,36.4948,0.9219,0.285102
2014,1,26,36.4844,0.901,0.285102
2014,1,26,36.4844,0.9115,0.285102
2014,1,26,36.474,0.224,0.285102
2014,1,26,36.474,0.2344,0.285102
2014,1,26,36.474,0.2448,0.285102
2014,1,26,36.474,0.8906,0.285102
2014,1,26,36.4635,0.8281,0.285102
2014,1,26,36.4635,0.849,0.285102
2014,1,26,36.4531,0.8385,0.285102
2014,1,26,36.4531,0.8698,0.285102
2014,1,26,36.4531,0.8802,0.285102
2014,1,26,36.4531,0.8906,0.285102
2014,1,26,36.4427,0.8073,0.285102
2014,1,26,36.4427,0.8385,0.285102
2014,1,26,36.4427,0.849,0.285102
2014,1,26,36.4427,0.8594,0.285102
2014,1,26,36.4323,0.8177,0.285102
2014,1,26,36.4219,0.8281,0.285102
2014,1,26,36.4115,0.724,0.285102
2014,1,26,36.349,0.0365,0.285102
2014,1,26,36.3281,0.151,0.285102
2014,1,26,36.3281,0.1615,0.285102
2014,1,26,36.3281,0.2344,0.285102
2014,1,26,36.3177,0.151,0.285102
2014,1,26,36.3073,-0.1719,0.285102
2014,1,26,36.2969,0.1198,0.285102
2014,1,26,36.2969,0.1719,0.285102
2014,1,26,36.2969,0.1823,0.285102
2014,1,26,36.2969,0.1927,0.285102
2014,1,26,36.2969,0.2031,0.285102
2014,1,26,36.2865,0.1198,0.285102
2014,1,26,36.2865,0.1302,0.285102
2014,1,26,36.2865,0.1615,0.285102
2014,1,26,36.2865,0.2031,0.285102
2014,1,26,36.276,0.1198,0.285102
2014,1,26,36.2656,0.1719,0.285102
2014,1,26,36.2656,0.1927,0.285102
2014,1,26,36.2656,0.224,0.285102
2014,1,26,36.2656,0.2448,0.285102
2014,1,26,36.2552,-0.0052,0.285102
2014,1,26,36.2552,0.099,0.285102
2014,1,26,36.2552,0.1094,0.285102
2014,1,26,36.2552,0.1615,0.285102
2014,1,26,36.2448,-0.0052,0.285102
2014,1,26,36.2448,0.0885,0.285102
2014,1,26,36.2448,0.099,0.285102
2014,1,26,36.2448,0.1094,0.285102
2014,1,26,36.2448,0.1615,0.285102
2014,1,26,36.2448,0.2552,0.285102
2014,1,26,36.2344,0.151,0.285102
2014,1,26,36.2344,0.1615,0.285102
2014,1,26,36.2344,0.1927,0.285102
2014,1,26,36.2344,0.224,0.285102
2014,1,26,36.224,-0.0469,0.285102
2014,1,26,36.224,-0.0365,0.285102
2014,1,26,36.224,0.0469,0.285102
2014,1,26,36.224,0.151,0.285102
2014,1,26,36.224,0.2135,0.285102
2014,1,26,36.2135,-0.0885,0.285102
2014,1,26,36.2135,-0.0573,0.285102
2014,1,26,36.2135,-0.0469,0.285102
2014,1,26,36.2135,-0.0365,0.285102
2014,1,26,36.2135,0.026,0.285102
2014,1,26,36.2135,0.0365,0.285102
2014,1,26,36.2135,0.1406,0.285102
2014,1,26,36.2135,0.1615,0.285102
2014,1,26,36.2135,0.1823,0.285102
2014,1,26,36.2135,0.2031,0.285102
2014,1,26,36.2031,-0.1615,0.285102
2014,1,26,36.2031,-0.1406,0.285102
2014,1,26,36.2031,0.026,0.285102
2014,1,26,36.2031,0.1406,0.285102
2014,1,26,36.2031,0.151,0.285102
2014,1,26,36.2031,0.1615,0.285102
2014,1,26,36.2031,0.1927,0.285102
2014,1,26,36.1927,-0.1406,0.285102
2014,1,26,36.1927,-0.0677,0.285102
2014,1,26,36.1927,0.1406,0.285102
2014,1,26,36.1927,0.151,0.285102
2014,1,26,36.1823,-0.1615,0.285102
2014,1,26,36.1719,-0.1927,0.285102
2014,1,26,36.1719,-0.151,0.285102
2014,1,26,36.1719,0.099,0.285102
2014,1,26,36.1719,0.1094,0.285102
2014,1,26,36.1719,0.1302,0.285102
2014,1,26,36.1615,-0.151,0.285102
2014,1,26,36.1615,-0.1302,0.285102
2014,1,26,36.1615,0.1198,0.285102
2014,1,26,36.151,-0.1406,0.285102
2014,1,26,36.151,-0.099,0.285102
2014,1,26,36.1406,0.0469,0.285102
2014,1,26,36.1302,-0.2344,0.285102
2014,1,26,36.1302,0.0365,0.285102
2014,1,26,36.1198,-0.2656,0.285102
2014,1,26,36.1198,-0.2552,0.285102
2014,1,26,36.1198,-0.1823,0.285102
2014,1,26,36.1198,-0.1406,0.285102
2014,1,26,36.1198,0.0156,0.285102
2014,1,26,36.1198,0.0469,0.285102
2014,1,26,36.1094,-0.2448,0.285102
2014,1,26,36.1094,-0.224,0.285102
2014,1,26,36.1094,-0.1198,0.285102
2014,1,26,36.1094,-0.1094,0.285102
2014,1,26,36.099,-0.2552,0.285102
2014,1,26,36.099,-0.1927,0.285102
2014,1,26,36.0885,-0.2552,0.285102
2014,1,26,36.0885,-0.2031,0.285102
2014,1,26,36.0781,-0.2656,0.285102
2014,1,26,36.0781,-0.2552,0.285102
2014,1,26,36.0781,-0.2031,0.285102
2014,1,26,36.0677,-0.2656,0.285102
2014,1,26,36.0573,-0.2656,0.285102
2014,1,26,36.0573,-0.2552,0.285102
2014,1,26,36.0573,-0.2344,0.285102
2014,1,26,36.0469,-0.276,0.285102
2014,1,26,36.0469,-0.2656,0.285102
2014,1,26,36.0469,-0.2552,0.285102
2014,1,26,36.0469,-0.2448,0.285102
2014,1,26,36.0469,-0.2344,0.285102
2014,1,26,36.0469,-0.224,0.285102
2014,1,26,36.0365,-0.2865,0.285102
2014,1,26,36.0365,-0.2552,0.285102
2014,1,26,36.0365,-0.2344,0.285102
2014,1,26,36.0365,-0.224,0.285102
2014,1,26,36.026,-0.2344,0.285102
2014,1,26,36.0156,-0.3073,0.285102
2014,1,26,36.0156,-0.2448,0.285102
2014,1,26,36.0156,-0.2344,0.285102
2014,1,26,36.0052,-0.3594,0.285102
2014,1,26,35.9844,-0.3698,0.285102
2014,1,27,36.0365,-0.7344,0.285102
2014,1,27,36.026,-0.776,0.285102
2014,1,27,36.0156,-0.7344,0.285102
2014,1,27,36.0052,-0.7135,0.285102
2014,1,27,35.9948,-0.7031,0.285102
2014,1,27,35.9635,-0.7135,0.285102
2014,1,27,35.9635,-0.7031,0.285102
2014,1,27,35.9531,-0.7865,0.285102
2014,1,27,35.9531,-0.776,0.285102
2014,1,27,35.8385,-0.9844,0.285102
2014,1,27,35.7969,-0.9948,0.285102
2014,1,27,36.5365,0.6094,0.285102
2014,1,27,36.526,0.5781,0.285102
2014,1,27,36.5052,0.5677,0.285102
2014,1,27,36.474,0.6302,0.285102
2014,1,27,36.4635,0.5469,0.285102
2014,1,27,36.4531,0.5573,0.285102
2014,1,27,36.4427,0.526,0.285102
2014,1,27,36.4323,0.4844,0.285102
2014,1,27,36.4323,0.4948,0.285102
2014,1,27,36.4323,0.5156,0.285102
2014,1,27,36.4323,0.5365,0.285102
2014,1,27,36.4219,0.3594,0.285102
2014,1,27,36.4219,0.3698,0.285102
2014,1,27,36.4219,0.3906,0.285102
2014,1,27,36.4219,0.4948,0.285102
2014,1,27,36.4219,0.5052,0.285102
2014,1,27,36.4219,0.5156,0.285102
2014,1,27,36.4115,0.3281,0.285102
2014,1,27,36.4115,0.3385,0.285102
2014,1,27,36.4115,0.349,0.285102
2014,1,27,36.4115,0.3802,0.285102
2014,1,27,36.4115,0.4115,0.285102
2014,1,27,36.4115,0.4427,0.285102
2014,1,27,36.4115,0.474,0.285102
2014,1,27,36.401,0.3802,0.285102
2014,1,27,36.401,0.4531,0.285102
2014,1,27,36.401,0.4635,0.285102
2014,1,27,36.3906,0.0156,0.285102
2014,1,27,36.3906,0.3594,0.285102
2014,1,27,36.3906,0.3906,0.285102
2014,1,27,36.3906,0.4531,0.285102
2014,1,27,36.3802,-0.0156,0.285102
2014,1,27,36.3802,-0.0052,0.285102
2014,1,27,36.3802,0.0052,0.285102
2014,1,27,36.3802,0.3385,0.285102
2014,1,27,36.3802,0.349,0.285102
2014,1,27,36.3802,0.3906,0.285102
2014,1,27,36.3802,0.401,0.285102
2014,1,27,36.3802,0.4219,0.285102
2014,1,27,36.3802,0.4531,0.285102
2014,1,27,36.3802,0.4635,0.285102
2014,1,27,36.3698,-0.0156,0.285102
2014,1,27,36.3698,0.0156,0.285102
2014,1,27,36.3698,0.3073,0.285102
2014,1,27,36.3698,0.3385,0.285102
2014,1,27,36.3698,0.349,0.285102
2014,1,27,36.3698,0.4219,0.285102
2014,1,27,36.3698,0.4531,0.285102
2014,1,27,36.3594,-0.0156,0.285102
2014,1,27,36.3594,0.0052,0.285102
2014,1,27,36.3594,0.2552,0.285102
2014,1,27,36.3594,0.3073,0.285102
2014,1,27,36.3594,0.3385,0.285102
2014,1,27,36.3594,0.349,0.285102
2014,1,27,36.3594,0.4531,0.285102
2014,1,27,36.349,0.0573,0.285102
2014,1,27,36.349,0.0677,0.285102
2014,1,27,36.349,0.1094,0.285102
2014,1,27,36.349,0.1615,0.285102
2014,1,27,36.349,0.1823,0.285102
2014,1,27,36.349,0.2344,0.285102
2014,1,27,36.349,0.5677,0.285102
2014,1,27,36.3385,0.1615,0.285102
2014,1,27,36.3385,0.1823,0.285102
2014,1,27,36.3385,0.224,0.285102
2014,1,27,36.3385,0.2344,0.285102
2014,1,27,36.3385,0.3177,0.285102
2014,1,27,36.3385,0.3281,0.285102
2014,1,27,36.3281,0.2135,0.285102
2014,1,27,36.3281,0.224,0.285102
2014,1,27,36.3281,0.4323,0.285102
2014,1,27,36.3073,0.1094,0.285102
2014,1,27,36.3073,0.1302,0.285102
2014,1,27,36.3073,0.2031,0.285102
2014,1,27,36.3073,0.3906,0.285102
2014,1,27,36.2969,0.0885,0.285102
2014,1,27,36.2969,0.1094,0.285102
2014,1,27,36.2969,0.1198,0.285102
2014,1,27,36.2969,0.3698,0.285102
2014,1,27,36.2969,0.401,0.285102
2014,1,27,36.2865,0.0677,0.285102
2014,1,27,36.2865,0.0781,0.285102
2014,1,27,36.2865,0.0885,0.285102
2014,1,27,36.2865,0.3385,0.285102
2014,1,27,36.276,0.1615,0.285102
2014,1,27,36.276,0.2969,0.285102
2014,1,27,36.2135,0.1094,0.285102
2014,1,27,36.0052,-0.6615,0.285102
2014,1,27,36.0052,-0.6302,0.285102
2014,1,27,35.9948,-0.6406,0.285102
2014,1,27,35.9635,-0.276,0.285102
2014,1,27,35.9531,-0.6094,0.285102
2014,1,27,35.9531,-0.5781,0.285102
2014,1,27,35.9427,-0.6094,0.285102
2014,1,27,35.9427,-0.1094,0.285102
2014,1,27,35.9219,-0.6302,0.285102
2014,1,27,35.9219,-0.5677,0.285102
2014,1,27,35.9115,-0.6198,0.285102
2014,1,27,35.901,-0.6198,0.285102
2014,1,27,35.8802,-0.5781,0.285102
2014,1,27,35.8802,-0.5677,0.285102
2014,1,27,35.8698,-0.5781,0.285102
2014,1,27,35.8698,-0.5677,0.285102
2014,1,27,35.8594,-0.599,0.285102
2014,1,27,35.8594,-0.5781,0.285102
2014,1,28,36.7969,0.9219,0.285102
2014,1,28,36.7865,0.8906,0.285102
2014,1,28,36.7865,0.9323,0.285102
2014,1,28,36.776,0.9635,0.285102
2014,1,28,36.7656,-0.3073,0.285102
2014,1,28,36.7656,0.8698,0.285102
2014,1,28,36.7552,0.8385,0.285102
2014,1,28,36.7448,0.8177,0.285102
2014,1,28,36.7344,-0.6406,0.285102
2014,1,28,36.7344,-0.0365,0.285102
2014,1,28,36.7135,0.8073,0.285102
2014,1,28,36.7031,0.7865,0.285102
2014,1,28,36.6823,0.7135,0.285102
2014,1,28,36.6719,0.6823,0.285102
2014,1,28,36.6615,0.6615,0.285102
2014,1,28,36.6406,0.2656,0.285102
2014,1,28,36.6406,0.3177,0.285102
2014,1,28,36.6406,0.5573,0.285102
2014,1,28,36.6406,0.5781,0.285102
2014,1,28,36.6302,0.4323,0.285102
2014,1,28,36.6302,0.474,0.285102
2014,1,28,36.2344,0.1927,0.285102
2014,1,28,36.2344,0.2135,0.285102
2014,1,28,36.2344,0.2552,0.285102
2014,1,30,36.0365,-0.7344,0.285102
2014,1,30,36.026,-0.6927,0.285102
2014,1,30,35.9635,-0.901,0.285102
2014,1,30,35.9531,-0.901,0.285102
2014,1,30,35.9427,-0.849,0.285102
2014,1,30,35.9115,-0.8281,0.285102
2014,1,30,35.8906,-0.9219,0.285102
2014,1,30,35.8906,-0.8594,0.285102
2014,1,30,35.8802,-0.9323,0.285102
2014,1,30,35.8802,-0.9219,0.285102
2014,1,30,35.8802,-0.8594,0.285102
2014,1,30,35.8698,-0.9635,0.285102
2014,1,30,35.8698,-0.6927,0.285102
2014,1,30,35.8594,-0.974,0.285102
2014,1,30,35.8281,-0.901,0.285102
2014,1,30,35.8073,-0.9323,0.285102
2014,1,30,36.7031,0.974,0.285102
2014,1,30,36.7031,0.9948,0.285102
2014,1,30,36.6927,0.9844,0.285102
2014,1,30,36.6927,0.9948,0.285102
2014,1,30,36.6823,0.8906,0.285102
2014,1,30,36.6823,0.9531,0.285102
2014,1,30,36.6823,0.9635,0.285102
2014,1,30,36.6823,0.974,0.285102
2014,1,30,36.6719,0.8698,0.285102
2014,1,30,36.6719,0.8906,0.285102
2014,1,30,36.6719,0.9531,0.285102
2014,1,30,36.6615,0.9219,0.285102
2014,1,30,36.651,0.8698,0.285102
2014,1,30,36.651,0.9323,0.285102
2014,1,30,36.651,0.9427,0.285102
2014,1,30,36.6406,0.8594,0.285102
2014,1,30,36.6406,0.9427,0.285102
2014,1,30,36.6302,0.901,0.285102
2014,1,30,36.6302,0.9115,0.285102
2014,1,30,36.6198,0.8073,0.285102
2014,1,30,36.6198,0.849,0.285102
2014,1,30,36.6198,0.8594,0.285102
2014,1,30,36.6198,0.8698,0.285102
2014,1,30,36.6198,0.8906,0.285102
2014,1,30,36.6094,0.9115,0.285102
2014,1,30,36.599,0.776,0.285102
2014,1,30,36.599,0.9115,0.285102
2014,1,30,36.5781,0.901,0.285102
2014,1,30,36.5573,0.8802,0.285102
2014,1,30,36.5469,0.8698,0.285102
2014,1,30,36.5365,0.9531,0.285102
2014,1,30,36.526,0.8802,0.285102
2014,1,30,36.526,0.9427,0.285102
2014,1,30,36.4427,0.2344,0.285102
2014,1,30,36.4427,0.526,0.285102
2014,1,30,36.4219,0.474,0.285102
2014,1,30,36.4219,0.5156,0.285102
2014,1,30,36.4115,0.474,0.285102
2014,1,30,36.4115,0.4844,0.285102
2014,1,30,36.4115,0.5156,0.285102
2014,1,30,36.401,0.4115,0.285102
2014,1,30,36.401,0.4323,0.285102
2014,1,30,36.401,0.4427,0.285102
2014,1,30,36.401,0.4635,0.285102
2014,1,30,36.401,0.474,0.285102
2014,1,30,36.3906,0.4219,0.285102
2014,1,30,36.3906,0.4531,0.285102
2014,1,30,36.3802,0.3281,0.285102
2014,1,30,36.3802,0.3906,0.285102
2014,1,30,36.3802,0.4323,0.285102
2014,1,30,36.3802,0.4427,0.285102
2014,1,30,36.3802,0.4635,0.285102
2014,1,30,36.3698,0.3073,0.285102
2014,1,30,36.3698,0.3177,0.285102
2014,1,30,36.3698,0.3594,0.285102
2014,1,30,36.3698,0.3906,0.285102
2014,1,30,36.3698,0.4115,0.285102
2014,1,30,36.3698,0.4531,0.285102
2014,1,30,36.3594,0.2552,0.285102
2014,1,30,36.3594,0.2656,0.285102
2014,1,30,36.3594,0.3281,0.285102
2014,1,30,36.3594,0.349,0.285102
2014,1,30,36.3594,0.3802,0.285102
2014,1,30,36.3594,0.3906,0.285102
2014,1,30,36.3594,0.4323,0.285102
2014,1,30,36.3594,0.4531,0.285102
2014,1,30,36.349,0.3385,0.285102
2014,1,30,36.349,0.401,0.285102
2014,1,30,36.349,0.4115,0.285102
2014,1,30,36.3385,0.3802,0.285102
2014,1,30,36.3281,0.2448,0.285102
2014,1,30,36.3177,0.2031,0.285102
2014,1,30,36.3177,0.3698,0.285102
2014,1,30,36.3073,0.1719,0.285102
2014,1,30,36.3073,0.1823,0.285102
2014,1,30,36.3073,0.3594,0.285102
2014,1,30,36.2969,0.151,0.285102
2014,1,30,36.2656,0.1198,0.285102
2014,1,30,36.2656,0.1302,0.285102
2014,1,30,36.2552,0.1094,0.285102
2014,1,30,36.2552,0.1198,0.285102
2014,1,30,36.2552,0.276,0.285102
2014,1,30,36.2344,0.0573,0.285102
2014,1,30,36.2344,0.0677,0.285102
2014,1,30,36.2135,-0.026,0.285102
2014,1,30,36.2135,-0.0052,0.285102
2014,1,30,36.2135,0.0052,0.285102
2014,1,30,36.2031,-0.0781,0.285102
2014,1,30,36.2031,-0.0573,0.285102
2014,1,30,36.2031,0.2135,0.285102
2014,1,30,36.1927,-0.1302,0.285102
2014,1,30,36.1927,-0.1094,0.285102
2014,1,30,36.1927,-0.099,0.285102
2014,1,30,36.1927,-0.0677,0.285102
2014,1,30,36.1823,-0.1927,0.285102
2014,1,30,36.1823,0.1615,0.285102
2014,1,30,36.1719,-0.3698,0.285102
2014,1,30,36.1719,-0.3281,0.285102
2014,1,30,36.1719,-0.1927,0.285102
2014,1,30,36.1719,-0.0469,0.285102
2014,1,30,36.1615,-0.349,0.285102
2014,1,30,36.1615,-0.3177,0.285102
2014,1,30,36.151,0.1094,0.285102
2014,1,30,36.1406,-0.3385,0.285102
2014,1,30,36.1406,-0.3281,0.285102
2014,1,30,36.1406,-0.3073,0.285102
2014,1,30,36.1406,-0.2865,0.285102
2014,1,30,36.1302,-0.3177,0.285102
2014,1,30,36.1198,-0.3802,0.285102
2014,1,30,36.1198,-0.3698,0.285102
2014,1,30,36.1094,-0.4219,0.285102
2014,1,30,36.1094,-0.3906,0.285102
2014,1,30,36.1094,-0.3281,0.285102
2014,1,30,36.1094,0.0573,0.285102
2014,1,30,36.1094,0.0677,0.285102
2014,1,30,36.099,-0.4427,0.285102
2014,1,30,36.099,-0.4323,0.285102
2014,1,30,36.099,0.0573,0.285102
2014,1,30,36.0885,-0.4635,0.285102
2014,1,30,36.0677,-0.5781,0.285102
2014,1,30,36.0677,-0.5677,0.285102
2014,1,30,36.0677,-0.5573,0.285102
2014,1,30,36.0677,-0.5469,0.285102
2014,1,30,36.0677,-0.5052,0.285102
2014,1,30,36.0677,-0.4948,0.285102
2014,1,30,36.0677,-0.474,0.285102
2014,1,30,36.0677,-0.401,0.285102
2014,1,30,36.0677,0.0365,0.285102
2014,1,30,36.0573,-0.651,0.285102
2014,1,30,36.0573,-0.5885,0.285102
2014,1,30,36.0573,-0.5781,0.285102
2014,1,30,36.0573,-0.5573,0.285102
2014,1,30,36.0469,-0.6094,0.285102
2014,1,30,36.0469,-0.4635,0.285102
2014,1,30,36.0365,-0.4323,0.285102
2014,1,30,36.026,-0.651,0.285102
2014,1,31,36.6094,-0.7448,0.285102
2014,1,31,36.5469,-0.8385,0.285102
2014,1,31,36.5469,-0.8281,0.285102
2014,1,31,36.5156,-0.8385,0.285102
2014,1,31,36.5156,-0.8281,0.285102
2014,1,31,36.4635,-0.901,0.285102
2014,1,31,36.4427,-0.8906,0.285102
2014,1,31,36.4219,-0.8802,0.285102
2014,1,31,36.4219,-0.8698,0.285102
2014,1,31,36.4115,-0.9531,0.285102
2014,1,31,36.4115,-0.9219,0.285102
2014,1,31,36.401,-0.9531,0.285102
2014,1,31,36.401,-0.9323,0.285102
2014,1,31,36.3906,-0.9635,0.285102
2014,1,31,36.3906,-0.9531,0.285102
2014,1,31,36.3906,-0.9427,0.285102
2014,1,31,36.3906,-0.9323,0.285102
2014,1,31,36.3906,-0.8906,0.285102
2014,1,31,36.3802,-0.9844,0.285102
2014,1,31,36.3802,-0.9427,0.285102
2014,1,31,36.3698,-0.9844,0.285102
2014,1,31,36.3594,-0.9948,0.285102
2014,1,31,36.349,-0.974,0.285102
2014,1,31,36.349,-0.9427,0.285102
2014,1,31,36.3385,-0.9844,0.285102
2014,1,31,36.3281,-0.9844,0.285102
2014,1,31,36.3177,-0.9948,0.285102
2014,1,31,36.3177,-0.9427,0.285102
2014,1,31,36.3073,-0.9844,0.285102
2014,1,31,36.2969,-0.9844,0.285102
2014,1,31,36.2969,-0.974,0.285102
2014,1,31,36.2865,-0.9635,0.285102
2014,1,31,36.276,-0.9427,0.285102
2014,1,31,36.2656,-0.9323,0.285102
2014,1,31,36.2552,-0.974,0.285102
2014,1,31,36.2448,-0.9531,0.285102
2014,1,31,36.2448,-0.9323,0.285102
2014,1,31,36.2448,-0.9219,0.285102
2014,1,31,36.2344,-0.9844,0.285102
2014,1,31,36.224,-0.9948,0.285102
2014,1,31,36.2031,-0.974,0.285102
2014,1,31,35.8802,-0.7135,0.285102
2014,1,31,35.8698,-0.7135,0.285102
2014,1,31,35.8385,-0.6927,0.285102
2014,1,31,35.7448,-0.6927,0.285102
2014,1,31,36.4635,-0.5156,0.285102
2014,1,31,36.4635,-0.4219,0.285102
2014,1,31,36.4531,-0.474,0.285102
2014,1,31,36.3594,0.4219,0.285102
2014,1,31,36.3594,0.4635,0.285102
2014,1,31,36.349,0.3906,0.285102
2014,1,31,36.349,0.4635,0.285102
2014,1,31,36.349,0.474,0.285102
2014,1,31,36.349,0.5156,0.285102
2014,1,31,36.3385,-0.224,0.285102
2014,1,31,36.3385,-0.1615,0.285102
2014,1,31,36.3385,0.3281,0.285102
2014,1,31,36.3385,0.3385,0.285102
2014,1,31,36.3385,0.349,0.285102
2014,1,31,36.3385,0.401,0.285102
2014,1,31,36.3385,0.4219,0.285102
2014,1,31,36.3385,0.4323,0.285102
2014,1,31,36.3385,0.4531,0.285102
2014,1,31,36.3385,0.4635,0.285102
2014,1,31,36.3385,0.4844,0.285102
2014,1,31,36.3281,0.2448,0.285102
2014,1,31,36.3281,0.2552,0.285102
2014,1,31,36.3281,0.276,0.285102
2014,1,31,36.3281,0.3073,0.285102
2014,1,31,36.3281,0.3594,0.285102
2014,1,31,36.3281,0.3698,0.285102
2014,1,31,36.3281,0.3802,0.285102
2014,1,31,36.3281,0.4427,0.285102
2014,1,31,36.3281,0.4635,0.285102
2014,1,31,36.3281,0.4844,0.285102
2014,1,31,36.3177,0.2552,0.285102
2014,1,31,36.3177,0.2656,0.285102
2014,1,31,36.3177,0.276,0.285102
2014,1,31,36.3177,0.2969,0.285102
2014,1,31,36.3177,0.3698,0.285102
2014,1,31,36.3177,0.3802,0.285102
2014,1,31,36.3177,0.3906,0.285102
2014,1,31,36.3073,0.2448,0.285102
2014,1,31,36.3073,0.2552,0.285102
2014,1,31,36.3073,0.349,0.285102
2014,1,31,36.3073,0.3698,0.285102
2014,1,31,36.2969,0.2344,0.285102
2014,1,31,36.2969,0.2448,0.285102
2014,1,31,36.2969,0.2552,0.285102
2014,1,31,36.2969,0.2865,0.285102
2014,1,31,36.2969,0.3177,0.285102
2014,1,31,36.2969,0.3281,0.285102
2014,1,31,36.2969,0.401,0.285102
2014,1,31,36.2865,0.1094,0.285102
2014,1,31,36.2865,0.1927,0.285102
2014,1,31,36.2865,0.224,0.285102
2014,1,31,36.2865,0.2344,0.285102
2014,1,31,36.2865,0.2656,0.285102
2014,1,31,36.2865,0.276,0.285102
2014,1,31,36.2865,0.2969,0.285102
2014,1,31,36.276,0.1927,0.285102
2014,1,31,36.276,0.2031,0.285102
2014,1,31,36.276,0.2344,0.285102
2014,1,31,36.276,0.2552,0.285102
2014,1,31,36.276,0.3073,0.285102
2014,1,31,36.276,0.3594,0.285102
2014,1,31,36.2656,0.224,0.285102
2014,1,31,36.2656,0.2344,0.285102
2014,1,31,36.2656,0.2969,0.285102
2014,1,31,36.2552,0.2448,0.285102
2014,1,31,36.2552,0.2552,0.285102
2014,1,31,36.2448,0.1823,0.285102
2014,1,31,36.2448,0.1927,0.285102
2014,1,31,36.2448,0.224,0.285102
2014,1,31,36.2448,0.2344,0.285102
2014,1,31,36.2448,0.2552,0.285102
2014,1,31,36.2448,0.276,0.285102
2014,1,31,36.2344,0.224,0.285102
2014,1,31,36.224,0.2344,0.285102
2014,1,31,36.2135,0.2344,0.285102
2014,1,31,35.9635,-0.4531,0.285102
2014,1,31,35.9635,-0.2344,0.285102
2014,1,31,35.9115,-0.3073,0.285102
2014,1,31,35.8698,-0.651,0.285102
2014,1,1,36.5885,-0.7344,0.295121
2014,1,1,36.5781,-0.974,0.295121
2014,1,1,36.5781,-0.8594,0.295121
2014,1,1,36.5781,-0.7448,0.295121
2014,1,1,36.5781,-0.7344,0.295121
2014,1,1,36.5677,-0.7552,0.295121
2014,1,1,36.5677,-0.7448,0.295121
2014,1,1,36.5469,-0.7656,0.295121
2014,1,1,36.5469,-0.7031,0.295121
2014,1,1,36.526,-0.7135,0.295121
2014,1,1,36.526,-0.6927,0.295121
2014,1,1,36.5156,-0.7865,0.295121
2014,1,1,36.5156,-0.724,0.295121
2014,1,1,36.5156,-0.7135,0.295121
2014,1,1,36.5052,-0.7448,0.295121
2014,1,1,36.5052,-0.7031,0.295121
2014,1,1,36.5052,-0.6927,0.295121
2014,1,1,36.5052,-0.6823,0.295121
2014,1,1,36.4948,-0.8698,0.295121
2014,1,1,36.4948,-0.7448,0.295121
2014,1,1,36.4948,-0.7344,0.295121
2014,1,1,36.4844,-0.7865,0.295121
2014,1,1,36.4844,-0.7656,0.295121
2014,1,1,36.1719,-0.6927,0.295121
2014,1,1,36.1719,-0.6719,0.295121
2014,1,1,36.151,-0.7031,0.295121
2014,1,1,36.1406,-0.7344,0.295121
2014,1,1,36.1406,-0.724,0.295121
2014,1,1,36.1406,-0.7031,0.295121
2014,1,1,36.1198,-0.7552,0.295121
2014,1,1,36.1198,-0.7344,0.295121
2014,1,1,36.1094,-0.7656,0.295121
2014,1,1,36.099,-0.776,0.295121
2014,1,1,36.0885,-0.8177,0.295121
2014,1,1,36.0781,-0.8594,0.295121
2014,1,1,36.0677,-0.8906,0.295121
2014,1,1,36.0469,-0.9635,0.295121
2014,1,1,37.1302,0.4115,0.295121
2014,1,1,37.0781,0.4844,0.295121
2014,1,1,37.0156,0.5885,0.295121
2014,1,1,37.0052,0.6198,0.295121
2014,1,1,36.9948,0.6094,0.295121
2014,1,1,36.901,0.7448,0.295121
2014,1,1,36.8802,0.8177,0.295121
2014,1,1,36.7344,-0.5573,0.295121
2014,1,1,36.7344,-0.5469,0.295121
2014,1,1,36.724,-0.599,0.295121
2014,1,1,36.724,-0.5885,0.295121
2014,1,1,36.724,-0.5469,0.295121
2014,1,1,36.7135,-0.6406,0.295121
2014,1,1,36.7135,-0.6198,0.295121
2014,1,1,36.7135,-0.6094,0.295121
2014,1,1,36.7135,-0.5885,0.295121
2014,1,1,36.7135,-0.5781,0.295121
2014,1,1,36.7031,-0.651,0.295121
2014,1,1,36.7031,-0.6406,0.295121
2014,1,1,36.7031,-0.5885,0.295121
2014,1,1,36.6927,-0.5469,0.295121
2014,1,1,36.6927,-0.5365,0.295121
2014,1,1,36.6927,0.7135,0.295121
2014,1,1,36.6823,-0.6615,0.295121
2014,1,1,36.6823,-0.5573,0.295121
2014,1,1,36.6719,-0.5885,0.295121
2014,1,1,36.6719,-0.5781,0.295121
2014,1,1,36.6719,0.9323,0.295121
2014,1,1,36.6615,-0.6302,0.295121
2014,1,1,36.6615,-0.6198,0.295121
2014,1,1,36.6615,-0.599,0.295121
2014,1,1,36.651,0.7031,0.295121
2014,1,1,36.6198,-0.6198,0.295121
2014,1,1,36.6094,-0.599,0.295121
2014,1,1,36.599,-0.6198,0.295121
2014,1,1,36.5885,0.6927,0.295121
2014,1,1,36.5677,-0.6198,0.295121
2014,1,1,36.5677,-0.6094,0.295121
2014,1,1,36.5677,-0.5885,0.295121
2014,1,1,36.5677,0.6927,0.295121
2014,1,1,36.5573,-0.6302,0.295121
2014,1,1,36.5573,-0.6198,0.295121
2014,1,1,36.5573,-0.599,0.295121
2014,1,1,36.5573,-0.5469,0.295121
2014,1,1,36.5469,-0.6094,0.295121
2014,1,1,36.5469,-0.5781,0.295121
2014,1,1,36.5469,-0.5677,0.295121
2014,1,1,36.5365,-0.5885,0.295121
2014,1,1,36.526,0.6302,0.295121
2014,1,1,36.5052,0.1719,0.295121
2014,1,1,36.5052,0.6198,0.295121
2014,1,1,36.4844,0.2135,0.295121
2014,1,1,36.4635,0.5156,0.295121
2014,1,1,36.4427,0.2031,0.295121
2014,1,1,36.4323,0.1823,0.295121
2014,1,1,36.4323,0.1927,0.295121
2014,1,1,36.4219,0.1094,0.295121
2014,1,1,36.4219,0.1406,0.295121
2014,1,1,36.4115,0.224,0.295121
2014,1,1,36.401,0.5365,0.295121
2014,1,1,36.3906,0.5365,0.295121
2014,1,1,36.3802,0.401,0.295121
2014,1,1,36.3698,0.4115,0.295121
2014,1,1,36.349,-0.2135,0.295121
2014,1,1,36.349,-0.2031,0.295121
2014,1,1,36.349,-0.1615,0.295121
2014,1,1,36.349,-0.1094,0.295121
2014,1,1,36.349,-0.0573,0.295121
2014,1,1,36.349,0.4635,0.295121
2014,1,1,36.3385,-0.099,0.295121
2014,1,1,36.3385,0.0781,0.295121
2014,1,1,36.3281,-0.3385,0.295121
2014,1,1,36.3281,0.1927,0.295121
2014,1,1,36.3073,-0.3802,0.295121
2014,1,1,36.3073,-0.3698,0.295121
2014,1,1,36.3073,0.0365,0.295121
2014,1,1,36.2969,-0.3906,0.295121
2014,1,1,36.2969,-0.1094,0.295121
2014,1,1,36.276,-0.4115,0.295121
2014,1,1,36.276,-0.401,0.295121
2014,1,1,36.276,-0.151,0.295121
2014,1,1,36.2656,-0.4115,0.295121
2014,1,1,36.2552,-0.4323,0.295121
2014,1,1,36.2552,-0.1719,0.295121
2014,1,1,36.2448,-0.474,0.295121
2014,1,1,36.2344,-0.1719,0.295121
2014,1,1,36.2344,-0.1615,0.295121
2014,1,1,36.224,-0.6302,0.295121
2014,1,1,36.224,-0.1823,0.295121
2014,1,1,36.224,-0.151,0.295121
2014,1,1,36.224,-0.1406,0.295121
2014,1,1,36.2135,-0.5573,0.295121
2014,1,1,36.2135,-0.1719,0.295121
2014,1,1,36.2135,-0.151,0.295121
2014,1,1,36.2135,-0.0469,0.295121
2014,1,1,36.2031,-0.6406,0.295121
2014,1,1,36.1823,-0.651,0.295121
2014,1,1,36.1823,-0.6406,0.295121
2014,1,1,36.1719,-0.6198,0.295121
2014,1,1,36.1719,-0.6094,0.295121
2014,1,4,37.2656,0.651,0.295121
2014,1,4,37.2552,0.6615,0.295121
2014,1,4,37.2344,0.6927,0.295121
2014,1,4,37.1927,0.724,0.295121
2014,1,4,37.1823,0.6927,0.295121
2014,1,4,37.1719,0.6927,0.295121
2014,1,4,37.1198,0.6615,0.295121
2014,1,4,37.0781,0.6198,0.295121
2014,1,4,37.0781,0.651,0.295121
2014,1,4,37.0573,0.6302,0.295121
2014,1,4,37.0365,0.6615,0.295121
2014,1,4,36.974,0.4323,0.295121
2014,1,4,36.974,0.5365,0.295121
2014,1,4,36.9635,0.9635,0.295121
2014,1,4,36.8281,0.8594,0.295121
2014,1,4,36.7656,0.8177,0.295121
2014,1,7,36.5885,0.5156,0.295121
2014,1,8,36.0677,-0.901,0.295121
2014,1,8,36.9323,-0.0469,0.295121
2014,1,8,36.8281,0.1302,0.295121
2014,1,8,36.7865,0.1094,0.295121
2014,1,8,36.7656,0.1094,0.295121
2014,1,8,36.7552,0.099,0.295121
2014,1,8,36.7448,0.0885,0.295121
2014,1,8,36.724,0.099,0.295121
2014,1,8,36.724,0.1927,0.295121
2014,1,8,36.7135,0.0781,0.295121
2014,1,8,36.7135,0.0885,0.295121
2014,1,8,36.6198,0.0052,0.295121
2014,1,8,36.5781,-0.0365,0.295121
2014,1,8,36.5677,-0.0469,0.295121
2014,1,8,36.5573,-0.0365,0.295121
2014,1,8,36.5469,-0.0573,0.295121
2014,1,8,36.5469,-0.0469,0.295121
2014,1,8,36.4635,-0.099,0.295121
2014,1,8,36.4427,-0.1198,0.295121
2014,1,8,36.4323,-0.1302,0.295121
2014,1,8,36.4219,-0.1406,0.295121
2014,1,8,36.4219,-0.1302,0.295121
2014,1,8,36.4115,-0.1406,0.295121
2014,1,8,36.401,-0.1615,0.295121
2014,1,8,36.401,-0.151,0.295121
2014,1,8,36.401,-0.1406,0.295121
2014,1,8,36.3906,-0.1615,0.295121
2014,1,8,36.3906,-0.151,0.295121
2014,1,8,36.3802,-0.1823,0.295121
2014,1,8,36.3698,-0.2031,0.295121
2014,1,8,36.3698,-0.1927,0.295121
2014,1,8,36.3698,-0.1823,0.295121
2014,1,8,36.3698,-0.1615,0.295121
2014,1,8,36.3594,-0.2344,0.295121
2014,1,8,36.3594,-0.2031,0.295121
2014,1,8,36.349,-0.2344,0.295121
2014,1,8,36.349,-0.224,0.295121
2014,1,8,36.349,0.6615,0.295121
2014,1,8,36.3385,-0.2865,0.295121
2014,1,8,36.3385,-0.2448,0.295121
2014,1,8,36.3281,-0.2969,0.295121
2014,1,8,36.3281,0.5885,0.295121
2014,1,8,36.3177,-0.5781,0.295121
2014,1,8,36.3177,-0.349,0.295121
2014,1,8,36.3177,-0.2969,0.295121
2014,1,8,36.3073,-0.5365,0.295121
2014,1,8,36.3073,-0.5052,0.295121
2014,1,8,36.3073,-0.4115,0.295121
2014,1,8,36.3073,-0.3594,0.295121
2014,1,8,36.3073,-0.3177,0.295121
2014,1,8,36.2969,-0.5469,0.295121
2014,1,8,36.2969,-0.4844,0.295121
2014,1,8,36.276,-0.5573,0.295121
2014,1,8,36.2552,-0.5469,0.295121
2014,1,8,36.2448,-0.5469,0.295121
2014,1,8,36.2448,-0.5365,0.295121
2014,1,8,36.2448,-0.526,0.295121
2014,1,8,36.224,-0.5156,0.295121
2014,1,8,36.2135,-0.5156,0.295121
2014,1,8,36.2135,-0.5052,0.295121
2014,1,8,36.2031,-0.526,0.295121
2014,1,8,36.1823,-0.5365,0.295121
2014,1,8,36.1719,-0.5573,0.295121
2014,1,8,36.1302,-0.5469,0.295121
2014,1,9,36.7448,-0.2969,0.295121
2014,1,9,36.7031,-0.2135,0.295121
2014,1,9,36.6823,-0.2552,0.295121
2014,1,9,36.6719,-0.5365,0.295121
2014,1,9,36.6198,-0.1927,0.295121
2014,1,9,36.5885,-0.474,0.295121
2014,1,9,36.5885,-0.2865,0.295121
2014,1,9,36.3281,-0.1094,0.295121
2014,1,14,36.7031,0.5469,0.295121
2014,1,14,36.6719,0.5365,0.295121
2014,1,14,36.6615,0.5365,0.295121
2014,1,15,36.3177,-0.724,0.295121
2014,1,15,36.2865,-0.7552,0.295121
2014,1,15,36.2865,-0.6927,0.295121
2014,1,15,36.276,-0.724,0.295121
2014,1,15,36.2656,-0.7344,0.295121
2014,1,15,36.2656,-0.724,0.295121
2014,1,15,36.2656,-0.7135,0.295121
2014,1,15,36.2344,-0.974,0.295121
2014,1,15,36.224,-0.6823,0.295121
2014,1,15,36.2135,-0.9844,0.295121
2014,1,15,36.2135,-0.974,0.295121
2014,1,15,36.1927,-0.9635,0.295121
2014,1,15,36.1615,-0.9844,0.295121
2014,1,15,36.1406,-0.7448,0.295121
2014,1,15,36.1302,-0.7656,0.295121
2014,1,15,36.1198,-0.7969,0.295121
2014,1,15,36.1198,-0.776,0.295121
2014,1,15,36.1094,-0.9427,0.295121
2014,1,15,36.1094,-0.8802,0.295121
2014,1,15,36.1094,-0.7969,0.295121
2014,1,15,36.1094,-0.7448,0.295121
2014,1,15,36.099,-0.9844,0.295121
2014,1,15,36.099,-0.9427,0.295121
2014,1,15,36.099,-0.9219,0.295121
2014,1,15,36.099,-0.9115,0.295121
2014,1,15,36.099,-0.8698,0.295121
2014,1,15,36.099,-0.849,0.295121
2014,1,15,36.099,-0.8281,0.295121
2014,1,15,36.099,-0.7031,0.295121
2014,1,15,36.0885,-0.974,0.295121
2014,1,15,36.0885,-0.6719,0.295121
2014,1,15,36.0781,-0.9948,0.295121
2014,1,15,36.0781,-0.9531,0.295121
2014,1,15,36.0677,-0.9635,0.295121
2014,1,15,36.0677,-0.7344,0.295121
2014,1,15,36.0573,-0.974,0.295121
2014,1,15,36.0573,-0.9531,0.295121
2014,1,15,36.0573,-0.776,0.295121
2014,1,15,36.0469,-0.7448,0.295121
2014,1,15,36.0365,-0.9531,0.295121
2014,1,15,36.0365,-0.7865,0.295121
2014,1,15,36.0365,-0.7552,0.295121
2014,1,15,36.0365,-0.7448,0.295121
2014,1,15,36.026,-0.8073,0.295121
2014,1,15,36.0156,-0.7552,0.295121
2014,1,15,35.9948,-0.9948,0.295121
2014,1,15,35.9948,-0.7448,0.295121
2014,1,15,35.9948,-0.6719,0.295121
2014,1,15,35.9844,-0.8906,0.295121
2014,1,15,35.9844,-0.8802,0.295121
2014,1,15,35.9844,-0.8698,0.295121
2014,1,15,35.9844,-0.7031,0.295121
2014,1,15,35.9635,-0.9635,0.295121
2014,1,15,35.9635,-0.9427,0.295121
2014,1,15,35.9635,-0.849,0.295121
2014,1,15,35.9531,-0.9948,0.295121
2014,1,15,35.9427,-0.9219,0.295121
2014,1,15,35.9427,-0.8698,0.295121
2014,1,15,35.9427,-0.8073,0.295121
2014,1,15,35.9427,-0.7448,0.295121
2014,1,15,35.9427,-0.6823,0.295121
2014,1,15,35.9323,-0.9635,0.295121
2014,1,15,35.9323,-0.9427,0.295121
2014,1,15,35.9323,-0.9323,0.295121
2014,1,15,35.9323,-0.8802,0.295121
2014,1,15,35.9323,-0.8698,0.295121
2014,1,15,35.9323,-0.8594,0.295121
2014,1,15,35.9323,-0.8385,0.295121
2014,1,15,35.9323,-0.8073,0.295121
2014,1,15,35.9323,-0.7656,0.295121
2014,1,15,35.9219,-0.9115,0.295121
2014,1,15,35.9219,-0.8698,0.295121
2014,1,15,35.9219,-0.849,0.295121
2014,1,15,35.9219,-0.8177,0.295121
2014,1,15,35.9219,-0.776,0.295121
2014,1,15,35.9115,-0.9531,0.295121
2014,1,15,35.9115,-0.8281,0.295121
2014,1,15,35.9115,-0.7969,0.295121
2014,1,15,35.9115,-0.7865,0.295121
2014,1,15,35.9115,-0.7448,0.295121
2014,1,15,35.9115,-0.6927,0.295121
2014,1,15,35.9115,-0.6823,0.295121
2014,1,15,35.901,-0.974,0.295121
2014,1,15,35.901,-0.9635,0.295121
2014,1,15,35.901,-0.849,0.295121
2014,1,15,35.901,-0.8281,0.295121
2014,1,15,35.901,-0.7969,0.295121
2014,1,15,35.901,-0.776,0.295121
2014,1,15,35.901,-0.724,0.295121
2014,1,15,35.901,-0.7031,0.295121
2014,1,15,35.901,-0.6927,0.295121
2014,1,15,35.8906,-0.9219,0.295121
2014,1,15,35.8906,-0.901,0.295121
2014,1,15,35.8906,-0.8698,0.295121
2014,1,15,35.8906,-0.8594,0.295121
2014,1,15,35.8906,-0.8385,0.295121
2014,1,15,35.8906,-0.776,0.295121
2014,1,15,35.8906,-0.7344,0.295121
2014,1,15,35.8906,-0.724,0.295121
2014,1,15,35.8906,-0.7031,0.295121
2014,1,15,35.8802,-0.974,0.295121
2014,1,15,35.8802,-0.9635,0.295121
2014,1,15,35.8802,-0.9115,0.295121
2014,1,15,35.8802,-0.901,0.295121
2014,1,15,35.8802,-0.8698,0.295121
2014,1,15,35.8802,-0.8385,0.295121
2014,1,15,35.8802,-0.8073,0.295121
2014,1,15,35.8802,-0.7969,0.295121
2014,1,15,35.8802,-0.7865,0.295121
2014,1,15,35.8802,-0.7448,0.295121
2014,1,15,35.8802,-0.7344,0.295121
2014,1,15,35.8802,-0.724,0.295121
2014,1,15,35.8802,-0.7135,0.295121
2014,1,15,35.8802,-0.7031,0.295121
2014,1,15,35.8698,-0.9844,0.295121
2014,1,15,35.8698,-0.9323,0.295121
2014,1,15,35.8698,-0.901,0.295121
2014,1,15,35.8698,-0.8802,0.295121
2014,1,15,35.8698,-0.7969,0.295121
2014,1,15,35.8698,-0.7448,0.295121
2014,1,15,35.8594,-0.9531,0.295121
2014,1,15,35.8594,-0.9115,0.295121
2014,1,15,35.8594,-0.8802,0.295121
2014,1,15,35.8594,-0.8698,0.295121
2014,1,15,35.8594,-0.8594,0.295121
2014,1,15,35.8594,-0.8073,0.295121
2014,1,15,35.8594,-0.7448,0.295121
2014,1,15,35.849,-0.9219,0.295121
2014,1,15,35.849,-0.9115,0.295121
2014,1,15,35.849,-0.8594,0.295121
2014,1,15,35.849,-0.849,0.295121
2014,1,15,35.849,-0.8073,0.295121
2014,1,15,35.849,-0.7969,0.295121
2014,1,15,35.849,-0.7448,0.295121
2014,1,15,35.8385,-0.9219,0.295121
2014,1,15,35.8385,-0.901,0.295121
2014,1,15,35.8385,-0.8698,0.295121
2014,1,15,35.8385,-0.8177,0.295121
2014,1,15,35.8385,-0.8073,0.295121
2014,1,15,35.8385,-0.7865,0.295121
2014,1,15,35.8385,-0.7552,0.295121
2014,1,15,35.8281,-0.9219,0.295121
2014,1,15,35.8281,-0.8906,0.295121
2014,1,15,35.8281,-0.8385,0.295121
2014,1,15,35.8281,-0.7865,0.295121
2014,1,15,35.8281,-0.776,0.295121
2014,1,15,35.8281,-0.7656,0.295121
2014,1,15,35.8177,-0.9948,0.295121
2014,1,15,35.8177,-0.9635,0.295121
2014,1,15,35.8177,-0.8906,0.295121
2014,1,15,35.8177,-0.8698,0.295121
2014,1,15,35.8177,-0.849,0.295121
2014,1,15,35.8177,-0.7656,0.295121
2014,1,15,35.8177,-0.7448,0.295121
2014,1,15,35.8073,-0.901,0.295121
2014,1,15,35.8073,-0.8802,0.295121
2014,1,15,35.8073,-0.8698,0.295121
2014,1,15,35.8073,-0.8594,0.295121
2014,1,15,35.8073,-0.8385,0.295121
2014,1,15,35.8073,-0.8281,0.295121
2014,1,15,35.8073,-0.8073,0.295121
2014,1,15,35.8073,-0.7865,0.295121
2014,1,15,35.7969,-0.8802,0.295121
2014,1,15,35.7969,-0.8385,0.295121
2014,1,15,35.7969,-0.8177,0.295121
2014,1,15,35.7969,-0.776,0.295121
2014,1,15,35.7969,-0.7344,0.295121
2014,1,15,35.7865,-0.9844,0.295121
2014,1,15,35.7865,-0.974,0.295121
2014,1,15,35.7865,-0.9115,0.295121
2014,1,15,35.7865,-0.901,0.295121
2014,1,15,35.7865,-0.724,0.295121
2014,1,15,35.776,-0.9427,0.295121
2014,1,15,35.776,-0.724,0.295121
2014,1,15,35.776,-0.7031,0.295121
2014,1,15,35.7656,-0.9635,0.295121
2014,1,15,35.7656,-0.7135,0.295121
2014,1,15,35.7656,-0.7031,0.295121
2014,1,15,35.7552,-0.9844,0.295121
2014,1,15,35.7552,-0.974,0.295121
2014,1,15,37.3698,0.9948,0.295121
2014,1,15,36.9323,-0.0469,0.295121
2014,1,15,36.651,-0.2865,0.295121
2014,1,15,36.6406,-0.5469,0.295121
2014,1,15,36.6302,-0.3073,0.295121
2014,1,15,36.599,-0.3385,0.295121
2014,1,15,36.5781,-0.3698,0.295121
2014,1,15,36.3594,0.6094,0.295121
2014,1,15,36.349,-0.5573,0.295121
2014,1,15,36.349,-0.4948,0.295121
2014,1,15,36.3385,-0.5365,0.295121
2014,1,15,36.3385,-0.5052,0.295121
2014,1,15,36.3281,-0.5573,0.295121
2014,1,15,36.3281,-0.5469,0.295121
2014,1,15,36.3281,-0.5365,0.295121
2014,1,15,36.3281,-0.5156,0.295121
2014,1,15,36.3177,-0.5781,0.295121
2014,1,15,36.3177,-0.5469,0.295121
2014,1,15,36.3177,-0.4844,0.295121
2014,1,15,36.3177,-0.4531,0.295121
2014,1,15,36.3177,-0.4427,0.295121
2014,1,15,36.3177,-0.4219,0.295121
2014,1,15,36.3073,-0.5573,0.295121
2014,1,15,36.3073,-0.4531,0.295121
2014,1,15,36.3073,-0.4219,0.295121
2014,1,15,36.2969,-0.651,0.295121
2014,1,15,36.2969,-0.6094,0.295121
2014,1,15,36.2969,-0.5781,0.295121
2014,1,15,36.2969,-0.4115,0.295121
2014,1,15,36.2865,-0.6406,0.295121
2014,1,15,36.2865,-0.6198,0.295121
2014,1,15,36.2865,-0.4115,0.295121
2014,1,15,36.2344,-0.6615,0.295121
2014,1,15,36.2344,-0.651,0.295121
2014,1,15,36.2344,-0.3802,0.295121
2014,1,15,36.224,-0.3698,0.295121
2014,1,15,36.2135,-0.3698,0.295121
2014,1,15,36.2135,-0.3594,0.295121
2014,1,15,36.2031,-0.3698,0.295121
2014,1,15,36.1927,-0.3698,0.295121
2014,1,15,36.1927,-0.3594,0.295121
2014,1,15,36.1823,-0.5781,0.295121
2014,1,15,36.1823,-0.526,0.295121
2014,1,15,36.1719,-0.3385,0.295121
2014,1,15,36.1615,-0.3385,0.295121
2014,1,15,36.151,-0.5469,0.295121
2014,1,15,36.1406,-0.599,0.295121
2014,1,15,36.1302,-0.5573,0.295121
2014,1,15,36.1302,-0.4219,0.295121
2014,1,15,36.1302,-0.349,0.295121
2014,1,15,36.1302,-0.3385,0.295121
2014,1,15,36.1198,-0.6198,0.295121
2014,1,15,36.1198,-0.5677,0.295121
2014,1,15,36.1198,-0.5573,0.295121
2014,1,15,36.1198,-0.3906,0.295121
2014,1,15,36.1198,-0.3594,0.295121
2014,1,15,36.1198,-0.349,0.295121
2014,1,15,36.1198,-0.3385,0.295121
2014,1,15,36.1094,-0.5885,0.295121
2014,1,15,36.1094,-0.5677,0.295121
2014,1,15,36.1094,-0.5469,0.295121
2014,1,15,36.1094,-0.5365,0.295121
2014,1,15,36.1094,-0.4948,0.295121
2014,1,15,36.1094,-0.4844,0.295121
2014,1,15,36.1094,-0.3802,0.295121
2014,1,15,36.1094,-0.349,0.295121
2014,1,15,36.099,-0.5469,0.295121
2014,1,15,36.099,-0.5156,0.295121
2014,1,15,36.099,-0.5052,0.295121
2014,1,15,36.099,-0.4844,0.295121
2014,1,15,36.099,-0.4635,0.295121
2014,1,15,36.099,-0.4427,0.295121
2014,1,15,36.099,-0.3698,0.295121
2014,1,15,36.099,-0.3385,0.295121
2014,1,15,36.099,0.026,0.295121
2014,1,15,36.0885,-0.5052,0.295121
2014,1,15,36.0885,-0.474,0.295121
2014,1,15,36.0885,-0.4531,0.295121
2014,1,15,36.0885,-0.4427,0.295121
2014,1,15,36.0885,-0.4219,0.295121
2014,1,15,36.0885,-0.3802,0.295121
2014,1,15,36.0885,-0.3698,0.295121
2014,1,15,36.0885,-0.3385,0.295121
2014,1,15,36.0885,-0.3073,0.295121
2014,1,15,36.0781,-0.4115,0.295121
2014,1,15,36.0781,-0.3906,0.295121
2014,1,15,36.0781,-0.3802,0.295121
2014,1,15,36.0781,0.0573,0.295121
2014,1,15,36.0677,-0.5781,0.295121
2014,1,15,36.0677,-0.4115,0.295121
2014,1,15,36.0677,-0.3698,0.295121
2014,1,15,36.0677,-0.3594,0.295121
2014,1,15,36.0677,-0.349,0.295121
2014,1,15,36.0677,-0.3385,0.295121
2014,1,15,36.0677,-0.0365,0.295121
2014,1,15,36.0677,-0.0156,0.295121
2014,1,15,36.0677,-0.0052,0.295121
2014,1,15,36.0573,-0.3594,0.295121
2014,1,15,36.0573,-0.3385,0.295121
2014,1,15,36.0573,-0.0365,0.295121
2014,1,15,36.0573,0.0052,0.295121
2014,1,15,36.0469,-0.349,0.295121
2014,1,15,36.0469,-0.1094,0.295121
2014,1,15,36.0469,-0.0573,0.295121
2014,1,15,36.0469,-0.0052,0.295121
2014,1,15,36.0469,0.0052,0.295121
2014,1,15,36.0469,0.026,0.295121
2014,1,15,36.0469,0.0365,0.295121
2014,1,15,36.0469,0.0469,0.295121
2014,1,15,36.0365,-0.5052,0.295121
2014,1,15,36.0365,-0.2031,0.295121
2014,1,15,36.0365,0.0156,0.295121
2014,1,15,36.0365,0.026,0.295121
2014,1,15,36.026,-0.6198,0.295121
2014,1,15,36.026,-0.6094,0.295121
2014,1,15,36.026,-0.5885,0.295121
2014,1,15,36.026,-0.2135,0.295121
2014,1,15,36.026,-0.1719,0.295121
2014,1,15,36.026,-0.0052,0.295121
2014,1,15,36.0156,-0.6302,0.295121
2014,1,15,36.0156,-0.2448,0.295121
2014,1,15,36.0156,-0.2135,0.295121
2014,1,15,36.0156,-0.2031,0.295121
2014,1,15,36.0156,-0.0052,0.295121
2014,1,15,36.0052,-0.6615,0.295121
2014,1,15,36.0052,-0.4427,0.295121
2014,1,15,36.0052,-0.4219,0.295121
2014,1,15,36.0052,-0.3906,0.295121
2014,1,15,36.0052,-0.2865,0.295121
2014,1,15,36.0052,-0.276,0.295121
2014,1,15,36.0052,-0.1198,0.295121
2014,1,15,35.9948,-0.6615,0.295121
2014,1,15,35.9948,-0.4427,0.295121
2014,1,15,35.9948,-0.4219,0.295121
2014,1,15,35.9948,-0.4115,0.295121
2014,1,15,35.9948,-0.401,0.295121
2014,1,15,35.9948,-0.3802,0.295121
2014,1,15,35.9948,-0.3698,0.295121
2014,1,15,35.9948,-0.349,0.295121
2014,1,15,35.9844,-0.6615,0.295121
2014,1,15,35.9844,-0.651,0.295121
2014,1,15,35.9844,-0.6406,0.295121
2014,1,15,35.9844,-0.4323,0.295121
2014,1,15,35.9844,-0.401,0.295121
2014,1,15,35.9844,-0.3906,0.295121
2014,1,15,35.9844,-0.3802,0.295121
2014,1,15,35.9844,-0.3594,0.295121
2014,1,15,35.9844,-0.2031,0.295121
2014,1,15,35.9844,-0.1927,0.295121
2014,1,15,35.9844,-0.1094,0.295121
2014,1,15,35.9844,0.0052,0.295121
2014,1,15,35.974,-0.6198,0.295121
2014,1,15,35.974,-0.4948,0.295121
2014,1,15,35.974,-0.4323,0.295121
2014,1,15,35.974,-0.3698,0.295121
2014,1,15,35.974,-0.3594,0.295121
2014,1,15,35.974,-0.224,0.295121
2014,1,15,35.974,-0.2031,0.295121
2014,1,15,35.974,-0.1094,0.295121
2014,1,15,35.974,-0.0156,0.295121
2014,1,15,35.974,-0.0052,0.295121
2014,1,15,35.9635,-0.526,0.295121
2014,1,15,35.9635,-0.5156,0.295121
2014,1,15,35.9635,-0.474,0.295121
2014,1,15,35.9635,-0.4427,0.295121
2014,1,15,35.9635,-0.2969,0.295121
2014,1,15,35.9635,-0.0156,0.295121
2014,1,15,35.9531,-0.5156,0.295121
2014,1,15,35.9531,-0.4635,0.295121
2014,1,15,35.9531,-0.4531,0.295121
2014,1,15,35.9531,-0.4219,0.295121
2014,1,15,35.9531,-0.0052,0.295121
2014,1,15,35.9427,-0.599,0.295121
2014,1,15,35.9427,-0.5781,0.295121
2014,1,15,35.9427,-0.5365,0.295121
2014,1,15,35.9427,-0.5156,0.295121
2014,1,15,35.9427,-0.474,0.295121
2014,1,15,35.9427,-0.4635,0.295121
2014,1,15,35.9427,-0.4531,0.295121
2014,1,15,35.9427,-0.401,0.295121
2014,1,15,35.9427,-0.3698,0.295121
2014,1,15,35.9427,-0.349,0.295121
2014,1,15,35.9427,-0.1094,0.295121
2014,1,15,35.9427,-0.0781,0.295121
2014,1,15,35.9323,-0.6406,0.295121
2014,1,15,35.9323,-0.5365,0.295121
2014,1,15,35.9323,-0.5156,0.295121
2014,1,15,35.9323,-0.5052,0.295121
2014,1,15,35.9323,-0.4948,0.295121
2014,1,15,35.9323,-0.4635,0.295121
2014,1,15,35.9323,-0.401,0.295121
2014,1,15,35.9323,-0.3802,0.295121
2014,1,15,35.9323,-0.3594,0.295121
2014,1,15,35.9323,-0.026,0.295121
2014,1,15,35.9219,-0.526,0.295121
2014,1,15,35.9219,-0.4427,0.295121
2014,1,15,35.9115,-0.5469,0.295121
2014,1,15,35.9115,-0.474,0.295121
2014,1,15,35.901,-0.0469,0.295121
2014,1,15,35.8698,-0.6302,0.295121
2014,1,17,37.2448,0.6406,0.295121
2014,1,17,37.2344,0.5885,0.295121
2014,1,17,37.2135,0.6094,0.295121
2014,1,17,36.9531,0.0469,0.295121
2014,1,17,36.9219,-0.026,0.295121
2014,1,17,36.7031,-0.526,0.295121
2014,1,18,36.526,-0.9427,0.295121
2014,1,18,36.5156,-0.9531,0.295121
2014,1,18,36.4635,-0.7031,0.295121
2014,1,18,36.4219,-0.6719,0.295121
2014,1,18,36.3906,-0.6823,0.295121
2014,1,18,36.3698,-0.7031,0.295121
2014,1,18,36.3385,-0.776,0.295121
2014,1,18,36.3281,-0.7656,0.295121
2014,1,18,36.3073,-0.9115,0.295121
2014,1,18,36.3073,-0.8073,0.295121
2014,1,18,36.2969,-0.8594,0.295121
2014,1,18,36.2031,-0.7552,0.295121
2014,1,18,36.1927,-0.776,0.295121
2014,1,18,36.1927,-0.7344,0.295121
2014,1,18,36.1719,-0.7656,0.295121
2014,1,18,36.1719,-0.7552,0.295121
2014,1,18,36.1406,-0.6823,0.295121
2014,1,18,36.1302,-0.7344,0.295121
2014,1,18,36.1198,-0.776,0.295121
2014,1,18,36.1198,-0.7448,0.295121
2014,1,18,36.1198,-0.7344,0.295121
2014,1,18,36.1198,-0.724,0.295121
2014,1,18,36.1198,-0.7135,0.295121
2014,1,18,36.1198,-0.7031,0.295121
2014,1,18,36.1198,-0.6823,0.295121
2014,1,18,36.1094,-0.776,0.295121
2014,1,18,36.1094,-0.7656,0.295121
2014,1,18,36.1094,-0.7552,0.295121
2014,1,18,36.1094,-0.7448,0.295121
2014,1,18,36.1094,-0.724,0.295121
2014,1,18,36.1094,-0.7135,0.295121
2014,1,18,36.1094,-0.7031,0.295121
2014,1,18,36.1094,-0.6927,0.295121
2014,1,18,36.1094,-0.6823,0.295121
2014,1,18,36.099,-0.724,0.295121
2014,1,18,36.099,-0.6927,0.295121
2014,1,18,36.0885,-0.8073,0.295121
2014,1,18,36.0885,-0.7969,0.295121
2014,1,18,36.0885,-0.724,0.295121
2014,1,18,36.0781,-0.974,0.295121
2014,1,18,36.0781,-0.9323,0.295121
2014,1,18,36.0781,-0.7552,0.295121
2014,1,18,36.0677,-0.974,0.295121
2014,1,18,36.0677,-0.9531,0.295121
2014,1,18,36.0677,-0.8802,0.295121
2014,1,18,36.0677,-0.7865,0.295121
2014,1,18,36.0677,-0.776,0.295121
2014,1,18,36.0677,-0.7656,0.295121
2014,1,18,36.0677,-0.7344,0.295121
2014,1,18,36.0573,-0.9531,0.295121
2014,1,18,36.0573,-0.9219,0.295121
2014,1,18,36.0573,-0.9115,0.295121
2014,1,18,36.0573,-0.7865,0.295121
2014,1,18,36.0573,-0.776,0.295121
2014,1,18,36.0469,-0.974,0.295121
2014,1,18,36.0469,-0.9635,0.295121
2014,1,18,36.0469,-0.9531,0.295121
2014,1,18,36.0469,-0.9427,0.295121
2014,1,18,36.0469,-0.9323,0.295121
2014,1,18,36.0469,-0.9219,0.295121
2014,1,18,36.0469,-0.8073,0.295121
2014,1,18,36.0469,-0.7969,0.295121
2014,1,18,36.0365,-0.9844,0.295121
2014,1,18,36.0365,-0.9427,0.295121
2014,1,18,36.0365,-0.9323,0.295121
2014,1,18,36.0365,-0.7969,0.295121
2014,1,18,36.0365,-0.7865,0.295121
2014,1,18,36.026,-0.9844,0.295121
2014,1,18,36.026,-0.9531,0.295121
2014,1,18,36.026,-0.9219,0.295121
2014,1,18,36.026,-0.8906,0.295121
2014,1,18,36.026,-0.8177,0.295121
2014,1,18,36.026,-0.8073,0.295121
2014,1,18,36.026,-0.7865,0.295121
2014,1,18,36.0156,-0.9635,0.295121
2014,1,18,36.0156,-0.9219,0.295121
2014,1,18,36.0156,-0.8802,0.295121
2014,1,18,36.0156,-0.8385,0.295121
2014,1,18,36.0156,-0.8177,0.295121
2014,1,18,36.0052,-0.974,0.295121
2014,1,18,36.0052,-0.9531,0.295121
2014,1,18,36.0052,-0.9323,0.295121
2014,1,18,36.0052,-0.9115,0.295121
2014,1,18,36.0052,-0.8385,0.295121
2014,1,18,36.0052,-0.8177,0.295121
2014,1,18,35.9948,-0.9948,0.295121
2014,1,18,35.9948,-0.974,0.295121
2014,1,18,35.9948,-0.9635,0.295121
2014,1,18,35.9948,-0.9531,0.295121
2014,1,18,35.9948,-0.901,0.295121
2014,1,18,35.9948,-0.776,0.295121
2014,1,18,35.9948,-0.6927,0.295121
2014,1,18,35.9844,-0.9531,0.295121
2014,1,18,35.9844,-0.9427,0.295121
2014,1,18,35.974,-0.974,0.295121
2014,1,18,35.974,-0.9427,0.295121
2014,1,18,35.974,-0.9219,0.295121
2014,1,18,35.974,-0.7448,0.295121
2014,1,18,35.9635,-0.9635,0.295121
2014,1,18,35.9531,-0.974,0.295121
2014,1,18,35.9531,-0.9635,0.295121
2014,1,18,35.9531,-0.9531,0.295121
2014,1,18,35.9427,-0.974,0.295121
2014,1,18,35.9323,-0.9948,0.295121
2014,1,18,35.9323,-0.9844,0.295121
2014,1,18,35.9219,-0.9531,0.295121
2014,1,18,35.901,-0.9844,0.295121
2014,1,18,35.901,-0.974,0.295121
2014,1,18,35.901,-0.8385,0.295121
2014,1,18,35.8698,-0.849,0.295121
2014,1,18,35.8698,-0.7656,0.295121
2014,1,18,35.8698,-0.7031,0.295121
2014,1,18,35.8594,-0.6927,0.295121
2014,1,18,35.8073,-0.6927,0.295121
2014,1,18,35.7865,-0.6927,0.295121
2014,1,18,36.8177,-0.3177,0.295121
2014,1,18,36.7656,-0.5365,0.295121
2014,1,18,36.7448,-0.526,0.295121
2014,1,18,36.7448,-0.5156,0.295121
2014,1,18,36.7135,-0.099,0.295121
2014,1,18,36.7135,-0.0781,0.295121
2014,1,18,36.7031,-0.2448,0.295121
2014,1,18,36.6927,-0.3906,0.295121
2014,1,18,36.6927,-0.2552,0.295121
2014,1,18,36.6927,-0.2031,0.295121
2014,1,18,36.6927,-0.1615,0.295121
2014,1,18,36.6927,-0.1302,0.295121
2014,1,18,36.6823,-0.5885,0.295121
2014,1,18,36.6719,-0.5885,0.295121
2014,1,18,36.6719,-0.2656,0.295121
2014,1,18,36.6302,-0.5781,0.295121
2014,1,18,36.6094,-0.2448,0.295121
2014,1,18,36.6094,-0.2344,0.295121
2014,1,18,36.599,-0.224,0.295121
2014,1,18,36.5885,-0.599,0.295121
2014,1,18,36.5781,-0.2552,0.295121
2014,1,18,36.5781,-0.2448,0.295121
2014,1,18,36.5677,-0.276,0.295121
2014,1,18,36.5573,-0.2865,0.295121
2014,1,18,36.5469,-0.3073,0.295121
2014,1,18,36.5052,-0.3594,0.295121
2014,1,18,36.5052,-0.349,0.295121
2014,1,18,36.4427,-0.651,0.295121
2014,1,18,36.4323,-0.6198,0.295121
2014,1,18,36.4219,-0.6094,0.295121
2014,1,18,36.4219,-0.599,0.295121
2014,1,18,36.4219,-0.5885,0.295121
2014,1,18,36.4219,-0.5052,0.295121
2014,1,18,36.4115,-0.6094,0.295121
2014,1,18,36.4115,-0.5365,0.295121
2014,1,18,36.4115,-0.5156,0.295121
2014,1,18,36.401,-0.6094,0.295121
2014,1,18,36.349,-0.0469,0.295121
2014,1,18,36.349,-0.0365,0.295121
2014,1,18,36.3385,-0.0573,0.295121
2014,1,18,36.3385,-0.0365,0.295121
2014,1,18,36.3281,-0.0677,0.295121
2014,1,18,36.3177,0.0156,0.295121
2014,1,18,36.3073,-0.0781,0.295121
2014,1,18,36.3073,0.2344,0.295121
2014,1,18,36.2969,0.1823,0.295121
2014,1,18,36.2969,0.2031,0.295121
2014,1,18,36.2969,0.2135,0.295121
2014,1,18,36.2865,-0.2031,0.295121
2014,1,18,36.2865,-0.1094,0.295121
2014,1,18,36.2865,0.0052,0.295121
2014,1,18,36.2865,0.2031,0.295121
2014,1,18,36.2865,0.2135,0.295121
2014,1,18,36.2865,0.224,0.295121
2014,1,18,36.276,0.2031,0.295121
2014,1,18,36.2656,0.1927,0.295121
2014,1,18,36.2656,0.2031,0.295121
2014,1,18,36.2656,0.2448,0.295121
2014,1,18,36.2448,-0.1406,0.295121
2014,1,18,36.2448,0.2135,0.295121
2014,1,18,36.2448,0.224,0.295121
2014,1,18,36.2344,-0.1823,0.295121
2014,1,18,36.2344,-0.1302,0.295121
2014,1,18,36.2344,0.2135,0.295121
2014,1,18,36.2344,0.2448,0.295121
2014,1,18,36.2344,0.2656,0.295121
2014,1,18,36.224,-0.1927,0.295121
2014,1,18,36.224,-0.1823,0.295121
2014,1,18,36.224,-0.1719,0.295121
2014,1,18,36.224,0.0052,0.295121
2014,1,18,36.224,0.0156,0.295121
2014,1,18,36.2135,-0.099,0.295121
2014,1,18,36.2135,-0.0885,0.295121
2014,1,18,36.2135,0.2865,0.295121
2014,1,18,36.2031,-0.5156,0.295121
2014,1,18,36.2031,-0.2135,0.295121
2014,1,18,36.2031,-0.1823,0.295121
2014,1,18,36.2031,-0.0781,0.295121
2014,1,18,36.2031,-0.0052,0.295121
2014,1,18,36.2031,0.0365,0.295121
2014,1,18,36.1927,-0.5469,0.295121
2014,1,18,36.1927,-0.224,0.295121
2014,1,18,36.1927,-0.2135,0.295121
2014,1,18,36.1927,-0.1823,0.295121
2014,1,18,36.1927,-0.1615,0.295121
2014,1,18,36.1927,-0.1406,0.295121
2014,1,18,36.1927,-0.1302,0.295121
2014,1,18,36.1927,-0.1198,0.295121
2014,1,18,36.1927,-0.0573,0.295121
2014,1,18,36.1927,-0.0469,0.295121
2014,1,18,36.1823,-0.4531,0.295121
2014,1,18,36.1823,-0.2552,0.295121
2014,1,18,36.1823,-0.2448,0.295121
2014,1,18,36.1823,-0.2344,0.295121
2014,1,18,36.1823,-0.224,0.295121
2014,1,18,36.1823,-0.2031,0.295121
2014,1,18,36.1823,-0.1823,0.295121
2014,1,18,36.1823,-0.151,0.295121
2014,1,18,36.1823,-0.1406,0.295121
2014,1,18,36.1823,-0.0677,0.295121
2014,1,18,36.1823,-0.0052,0.295121
2014,1,18,36.1719,-0.5885,0.295121
2014,1,18,36.1719,-0.2448,0.295121
2014,1,18,36.1719,-0.224,0.295121
2014,1,18,36.1719,-0.1823,0.295121
2014,1,18,36.1719,-0.1615,0.295121
2014,1,18,36.1719,-0.151,0.295121
2014,1,18,36.1719,-0.1406,0.295121
2014,1,18,36.1719,-0.1302,0.295121
2014,1,18,36.1719,-0.1198,0.295121
2014,1,18,36.1719,-0.1094,0.295121
2014,1,18,36.1719,-0.0365,0.295121
2014,1,18,36.1719,-0.026,0.295121
2014,1,18,36.1719,0.2135,0.295121
2014,1,18,36.1615,-0.5885,0.295121
2014,1,18,36.1615,-0.276,0.295121
2014,1,18,36.1615,-0.2344,0.295121
2014,1,18,36.1615,-0.1615,0.295121
2014,1,18,36.1615,-0.1406,0.295121
2014,1,18,36.1615,-0.1094,0.295121
2014,1,18,36.1615,-0.026,0.295121
2014,1,18,36.151,-0.6406,0.295121
2014,1,18,36.151,-0.6302,0.295121
2014,1,18,36.151,-0.6198,0.295121
2014,1,18,36.151,-0.6094,0.295121
2014,1,18,36.151,-0.599,0.295121
2014,1,18,36.151,-0.5885,0.295121
2014,1,18,36.151,-0.224,0.295121
2014,1,18,36.151,-0.151,0.295121
2014,1,18,36.151,-0.1302,0.295121
2014,1,18,36.1406,-0.6615,0.295121
2014,1,18,36.1406,-0.6406,0.295121
2014,1,18,36.1406,-0.6302,0.295121
2014,1,18,36.1406,-0.6198,0.295121
2014,1,18,36.1406,-0.6094,0.295121
2014,1,18,36.1406,-0.2552,0.295121
2014,1,18,36.1406,-0.151,0.295121
2014,1,18,36.1302,-0.6615,0.295121
2014,1,18,36.1302,-0.2656,0.295121
2014,1,18,36.1302,-0.2448,0.295121
2014,1,18,36.1198,-0.0885,0.295121
2014,1,18,36.1094,-0.4531,0.295121
2014,1,18,36.099,-0.4635,0.295121
2014,1,18,36.099,-0.1198,0.295121
2014,1,18,36.0781,-0.5156,0.295121
2014,1,18,36.0573,-0.5781,0.295121
2014,1,18,36.0573,-0.5469,0.295121
2014,1,18,36.0469,-0.6094,0.295121
2014,1,18,36.0469,-0.3906,0.295121
2014,1,18,36.0469,-0.1302,0.295121
2014,1,18,36.0365,-0.4635,0.295121
2014,1,18,36.0365,-0.401,0.295121
2014,1,18,36.026,-0.151,0.295121
2014,1,18,36.026,-0.1406,0.295121
2014,1,18,36.0156,-0.6406,0.295121
2014,1,18,36.0156,-0.276,0.295121
2014,1,18,36.0156,-0.1719,0.295121
2014,1,18,36.0052,-0.2656,0.295121
2014,1,18,35.9948,-0.2656,0.295121
2014,1,18,35.9844,-0.2656,0.295121
2014,1,18,35.9844,-0.2031,0.295121
2014,1,18,35.9635,-0.5156,0.295121
2014,1,18,35.9531,-0.5781,0.295121
2014,1,18,35.9323,-0.5677,0.295121
2014,1,18,35.9323,-0.5573,0.295121
2014,1,18,35.9323,-0.526,0.295121
2014,1,18,35.9323,-0.5052,0.295121
2014,1,18,35.9323,-0.4948,0.295121
2014,1,18,35.9219,-0.5365,0.295121
2014,1,18,35.9219,-0.526,0.295121
2014,1,18,35.9219,-0.5052,0.295121
2014,1,18,35.9115,-0.5573,0.295121
2014,1,18,35.9115,-0.5156,0.295121
2014,1,18,35.901,-0.5469,0.295121
2014,1,18,35.901,-0.5156,0.295121
2014,1,18,35.7969,-0.5781,0.295121
2014,1,20,36.224,-0.9635,0.295121
2014,1,20,36.1927,-0.9323,0.295121
2014,1,20,36.1719,-0.6927,0.295121
2014,1,20,36.1406,-0.7552,0.295121
2014,1,20,36.0469,-0.724,0.295121
2014,1,20,36.026,-0.9948,0.295121
2014,1,20,36.0052,-0.9948,0.295121
2014,1,20,35.9635,-0.8698,0.295121
2014,1,20,35.9635,-0.724,0.295121
2014,1,20,35.9531,-0.9635,0.295121
2014,1,20,35.9531,-0.9531,0.295121
2014,1,20,35.9219,-0.9115,0.295121
2014,1,20,35.9115,-0.776,0.295121
2014,1,20,35.9115,-0.7552,0.295121
2014,1,20,35.8385,-0.8385,0.295121
2014,1,20,37.0573,0.9115,0.295121
2014,1,20,36.9635,0.9948,0.295121
2014,1,20,36.8177,0.9948,0.295121
2014,1,20,36.5781,0.974,0.295121
2014,1,20,36.5677,0.2969,0.295121
2014,1,20,36.5573,0.5052,0.295121
2014,1,20,36.5573,0.5781,0.295121
2014,1,20,36.5573,0.8385,0.295121
2014,1,20,36.5469,0.4323,0.295121
2014,1,20,36.5469,0.5052,0.295121
2014,1,20,36.5469,0.6094,0.295121
2014,1,20,36.5469,0.6927,0.295121
2014,1,20,36.5365,0.5365,0.295121
2014,1,20,36.5365,0.5469,0.295121
2014,1,20,36.5365,0.5885,0.295121
2014,1,20,36.5365,0.7865,0.295121
2014,1,20,36.526,0.5573,0.295121
2014,1,20,36.526,0.7031,0.295121
2014,1,20,36.526,0.7448,0.295121
2014,1,20,36.526,0.7969,0.295121
2014,1,20,36.4844,-0.026,0.295121
2014,1,20,36.4635,-0.0469,0.295121
2014,1,20,36.4531,-0.0677,0.295121
2014,1,20,36.4219,-0.2344,0.295121
2014,1,20,36.4219,-0.099,0.295121
2014,1,20,36.4115,-0.4219,0.295121
2014,1,20,36.3906,-0.1615,0.295121
2014,1,20,36.2969,-0.2344,0.295121
2014,1,20,36.2135,-0.5573,0.295121
2014,1,20,36.2135,-0.4427,0.295121
2014,1,20,36.2031,-0.401,0.295121
2014,1,20,36.2031,-0.3802,0.295121
2014,1,20,36.2031,-0.2344,0.295121
2014,1,20,36.2031,-0.1198,0.295121
2014,1,20,36.1927,-0.401,0.295121
2014,1,20,36.1927,0.1719,0.295121
2014,1,20,36.1823,0.1719,0.295121
2014,1,20,36.1823,0.1823,0.295121
2014,1,20,36.151,-0.2865,0.295121
2014,1,20,36.1198,-0.3698,0.295121
2014,1,20,36.1198,-0.276,0.295121
2014,1,20,36.1094,-0.4948,0.295121
2014,1,20,36.1094,-0.4323,0.295121
2014,1,20,36.1094,-0.4115,0.295121
2014,1,20,36.099,-0.4635,0.295121
2014,1,20,36.099,-0.4323,0.295121
2014,1,20,36.099,-0.4219,0.295121
2014,1,20,36.0885,-0.474,0.295121
2014,1,20,36.0885,-0.349,0.295121
2014,1,20,36.0781,-0.4323,0.295121
2014,1,20,36.0677,-0.5573,0.295121
2014,1,20,36.0677,-0.401,0.295121
2014,1,20,36.0469,-0.6198,0.295121
2014,1,20,36.0469,-0.5469,0.295121
2014,1,20,36.0469,-0.5365,0.295121
2014,1,20,36.0156,-0.1406,0.295121
2014,1,20,36.0052,-0.1719,0.295121
2014,1,20,35.9635,-0.1927,0.295121
2014,1,20,35.9635,-0.1823,0.295121
2014,1,21,36.5156,-0.7448,0.295121
2014,1,21,36.4948,-0.8698,0.295121
2014,1,21,36.4948,-0.8385,0.295121
2014,1,21,36.4844,-0.8281,0.295121
2014,1,21,36.4844,-0.7656,0.295121
2014,1,21,36.4635,-0.6927,0.295121
2014,1,21,36.4219,-0.7135,0.295121
2014,1,21,36.4219,-0.6927,0.295121
2014,1,21,36.4115,-0.7135,0.295121
2014,1,21,36.3906,-0.7031,0.295121
2014,1,21,36.3802,-0.7031,0.295121
2014,1,21,36.3281,-0.9115,0.295121
2014,1,21,36.276,-0.9427,0.295121
2014,1,21,36.276,-0.9115,0.295121
2014,1,21,36.2656,-0.9427,0.295121
2014,1,21,36.2656,-0.9323,0.295121
2014,1,21,36.2656,-0.9219,0.295121
2014,1,21,36.2656,-0.9115,0.295121
2014,1,21,36.2552,-0.9531,0.295121
2014,1,21,36.2552,-0.9427,0.295121
2014,1,21,36.2552,-0.9115,0.295121
2014,1,21,36.2448,-0.9531,0.295121
2014,1,21,36.2448,-0.9427,0.295121
2014,1,21,36.2448,-0.9323,0.295121
2014,1,21,36.2448,-0.9219,0.295121
2014,1,21,36.2448,-0.9115,0.295121
2014,1,21,36.2344,-0.9531,0.295121
2014,1,21,36.2344,-0.9219,0.295121
2014,1,21,36.1094,-0.901,0.295121
2014,1,21,36.099,-0.9531,0.295121
2014,1,21,36.0677,-0.9844,0.295121
2014,1,21,36.4427,-0.651,0.295121
2014,1,21,36.4115,-0.6406,0.295121
2014,1,23,36.5052,-0.7865,0.295121
2014,1,23,36.4844,-0.7135,0.295121
2014,1,23,36.474,-0.7344,0.295121
2014,1,23,36.4635,-0.6927,0.295121
2014,1,23,36.4531,-0.6927,0.295121
2014,1,23,36.4427,-0.7031,0.295121
2014,1,23,36.4427,-0.6823,0.295121
2014,1,23,36.4219,-0.6823,0.295121
2014,1,23,36.4115,-0.6823,0.295121
2014,1,23,36.3802,-0.7344,0.295121
2014,1,23,36.3698,-0.724,0.295121
2014,1,23,36.3594,-0.7344,0.295121
2014,1,23,36.3594,-0.7031,0.295121
2014,1,23,36.3594,-0.6823,0.295121
2014,1,23,36.349,-0.7031,0.295121
2014,1,23,36.3385,-0.7031,0.295121
2014,1,23,36.3281,-0.7135,0.295121
2014,1,23,36.3073,-0.7344,0.295121
2014,1,23,36.3073,-0.724,0.295121
2014,1,23,36.3073,-0.7135,0.295121
2014,1,23,36.2969,-0.7031,0.295121
2014,1,23,36.2865,-0.7552,0.295121
2014,1,23,36.2656,-0.7552,0.295121
2014,1,23,36.2448,-0.724,0.295121
2014,1,23,36.2448,-0.7135,0.295121
2014,1,23,36.2344,-0.724,0.295121
2014,1,23,36.2344,-0.7135,0.295121
2014,1,23,36.224,-0.6927,0.295121
2014,1,23,36.2031,-0.6927,0.295121
2014,1,23,36.2031,-0.6823,0.295121
2014,1,23,36.1406,-0.6927,0.295121
2014,1,23,37.0885,0.3177,0.295121
2014,1,23,37.0781,0.3177,0.295121
2014,1,23,36.7031,-0.2552,0.295121
2014,1,23,36.7031,-0.2448,0.295121
2014,1,23,36.6927,-0.2448,0.295121
2014,1,23,36.5469,-0.6615,0.295121
2014,1,23,36.5156,-0.2552,0.295121
2014,1,23,36.5156,-0.2448,0.295121
2014,1,23,36.5052,-0.2448,0.295121
2014,1,24,36.8698,0.6198,0.295121
2014,1,24,36.849,0.6823,0.295121
2014,1,24,36.8385,0.5781,0.295121
2014,1,24,36.8281,0.5573,0.295121
2014,1,24,36.8281,0.6094,0.295121
2014,1,24,36.7969,0.5365,0.295121
2014,1,24,36.7344,0.3802,0.295121
2014,1,24,36.7344,0.3906,0.295121
2014,1,24,36.7135,0.4323,0.295121
2014,1,24,35.9635,-0.0573,0.295121
2014,1,26,36.5469,-0.9219,0.295121
2014,1,26,35.974,-0.8698,0.295121
2014,1,26,35.9427,-0.9323,0.295121
2014,1,26,35.9219,-0.974,0.295121
2014,1,26,36.9219,0.9948,0.295121
2014,1,26,36.7656,0.474,0.295121
2014,1,26,36.7552,0.4427,0.295121
2014,1,26,36.7552,0.4531,0.295121
2014,1,26,36.7552,0.474,0.295121
2014,1,26,36.7344,0.3906,0.295121
2014,1,26,36.6615,0.3698,0.295121
2014,1,26,36.651,0.349,0.295121
2014,1,26,36.6406,0.3594,0.295121
2014,1,26,36.6198,0.2865,0.295121
2014,1,26,36.6198,0.3698,0.295121
2014,1,26,36.6094,0.3385,0.295121
2014,1,26,36.5677,0.8906,0.295121
2014,1,26,36.526,0.9531,0.295121
2014,1,26,36.5156,0.224,0.295121
2014,1,26,36.5156,0.2344,0.295121
2014,1,26,36.5156,0.9531,0.295121
2014,1,26,36.5052,0.224,0.295121
2014,1,26,36.5052,0.2448,0.295121
2014,1,26,36.5052,0.9531,0.295121
2014,1,26,36.4948,0.2448,0.295121
2014,1,26,36.4844,0.1927,0.295121
2014,1,26,36.4844,0.2031,0.295121
2014,1,26,36.4844,0.224,0.295121
2014,1,26,36.4844,0.2448,0.295121
2014,1,26,36.4635,0.8906,0.295121
2014,1,26,36.4323,0.7448,0.295121
2014,1,26,36.4219,0.849,0.295121
2014,1,26,36.3073,0.1302,0.295121
2014,1,26,36.3073,0.151,0.295121
2014,1,26,36.3073,0.1927,0.295121
2014,1,26,36.3073,0.2031,0.295121
2014,1,26,36.2969,0.1094,0.295121
2014,1,26,36.2865,0.1406,0.295121
2014,1,26,36.2865,0.1823,0.295121
2014,1,26,36.2865,0.2135,0.295121
2014,1,26,36.276,0.1302,0.295121
2014,1,26,36.276,0.151,0.295121
2014,1,26,36.276,0.1927,0.295121
2014,1,26,36.2656,0.1302,0.295121
2014,1,26,36.2656,0.151,0.295121
2014,1,26,36.2656,0.1615,0.295121
2014,1,26,36.2552,0.1302,0.295121
2014,1,26,36.2552,0.1406,0.295121
2014,1,26,36.2552,0.151,0.295121
2014,1,26,36.2448,0.1198,0.295121
2014,1,26,36.2448,0.1302,0.295121
2014,1,26,36.2448,0.1406,0.295121
2014,1,26,36.2448,0.151,0.295121
2014,1,26,36.2448,0.2344,0.295121
2014,1,26,36.2344,-0.0156,0.295121
2014,1,26,36.224,-0.0156,0.295121
2014,1,26,36.224,0.026,0.295121
2014,1,26,36.224,0.0365,0.295121
2014,1,26,36.2135,-0.1302,0.295121
2014,1,26,36.2135,-0.1198,0.295121
2014,1,26,36.2135,-0.0156,0.295121
2014,1,26,36.2135,0.0156,0.295121
2014,1,26,36.2031,-0.1198,0.295121
2014,1,26,36.2031,-0.0677,0.295121
2014,1,26,36.2031,-0.0469,0.295121
2014,1,26,36.2031,0.0156,0.295121
2014,1,26,36.2031,0.0365,0.295121
2014,1,26,36.2031,0.1302,0.295121
2014,1,26,36.1927,-0.1719,0.295121
2014,1,26,36.1927,-0.151,0.295121
2014,1,26,36.1927,-0.1302,0.295121
2014,1,26,36.1927,-0.1198,0.295121
2014,1,26,36.1927,-0.0885,0.295121
2014,1,26,36.1927,0.1198,0.295121
2014,1,26,36.1927,0.1615,0.295121
2014,1,26,36.1927,0.1719,0.295121
2014,1,26,36.1823,-0.1406,0.295121
2014,1,26,36.1823,0.0156,0.295121
2014,1,26,36.1823,0.1615,0.295121
2014,1,26,36.1719,-0.1406,0.295121
2014,1,26,36.1719,-0.1198,0.295121
2014,1,26,36.1719,-0.1094,0.295121
2014,1,26,36.1615,-0.099,0.295121
2014,1,26,36.1615,0.0885,0.295121
2014,1,26,36.151,-0.1615,0.295121
2014,1,26,36.151,-0.0885,0.295121
2014,1,26,36.151,0.0677,0.295121
2014,1,26,36.1406,0.0365,0.295121
2014,1,26,36.1302,-0.4115,0.295121
2014,1,26,36.1302,-0.0885,0.295121
2014,1,26,36.1198,-0.3177,0.295121
2014,1,26,36.1198,-0.1719,0.295121
2014,1,26,36.1198,-0.1615,0.295121
2014,1,26,36.1198,-0.151,0.295121
2014,1,26,36.1198,-0.0885,0.295121
2014,1,26,36.1198,0.026,0.295121
2014,1,26,36.1198,0.0573,0.295121
2014,1,26,36.1198,0.0781,0.295121
2014,1,26,36.1094,-0.2656,0.295121
2014,1,26,36.1094,-0.1927,0.295121
2014,1,26,36.1094,-0.1823,0.295121
2014,1,26,36.1094,-0.1719,0.295121
2014,1,26,36.1094,-0.1302,0.295121
2014,1,26,36.1094,-0.099,0.295121
2014,1,26,36.1094,0.0365,0.295121
2014,1,26,36.099,-0.1823,0.295121
2014,1,26,36.099,-0.1198,0.295121
2014,1,26,36.099,-0.1094,0.295121
2014,1,26,36.099,-0.099,0.295121
2014,1,26,36.0885,-0.2656,0.295121
2014,1,26,36.0885,-0.224,0.295121
2014,1,26,36.0885,-0.1927,0.295121
2014,1,26,36.0885,-0.1094,0.295121
2014,1,26,36.0677,-0.276,0.295121
2014,1,26,36.0677,-0.1094,0.295121
2014,1,26,36.0573,-0.276,0.295121
2014,1,26,36.0573,-0.2135,0.295121
2014,1,26,36.0469,-0.2135,0.295121
2014,1,26,36.0469,-0.2031,0.295121
2014,1,26,36.0365,-0.276,0.295121
2014,1,26,36.0365,-0.2656,0.295121
2014,1,26,36.0365,-0.2448,0.295121
2014,1,26,36.026,-0.2969,0.295121
2014,1,26,36.026,-0.2552,0.295121
2014,1,26,36.026,-0.2448,0.295121
2014,1,26,36.0156,-0.3385,0.295121
2014,1,26,36.0052,-0.3802,0.295121
2014,1,27,36.1302,-0.8906,0.295121
2014,1,27,36.0469,-0.7656,0.295121
2014,1,27,36.0365,-0.7448,0.295121
2014,1,27,36.026,-0.7552,0.295121
2014,1,27,36.0156,-0.7135,0.295121
2014,1,27,35.9844,-0.7552,0.295121
2014,1,27,35.9844,-0.6823,0.295121
2014,1,27,35.9635,-0.7969,0.295121
2014,1,27,35.9635,-0.7865,0.295121
2014,1,27,35.9635,-0.776,0.295121
2014,1,27,35.9635,-0.7656,0.295121
2014,1,27,35.9635,-0.724,0.295121
2014,1,27,35.9635,-0.6927,0.295121
2014,1,27,35.9531,-0.8073,0.295121
2014,1,27,35.9531,-0.7969,0.295121
2014,1,27,35.9531,-0.6927,0.295121
2014,1,27,35.9531,-0.6823,0.295121
2014,1,27,35.9427,-0.6719,0.295121
2014,1,27,35.9323,-0.8281,0.295121
2014,1,27,35.9323,-0.8073,0.295121
2014,1,27,35.9219,-0.849,0.295121
2014,1,27,35.9115,-0.8802,0.295121
2014,1,27,35.8802,-0.6823,0.295121
2014,1,27,35.849,-0.9115,0.295121
2014,1,27,35.8385,-0.9219,0.295121
2014,1,27,35.8281,-0.9635,0.295121
2014,1,27,35.8281,-0.9531,0.295121
2014,1,27,35.8177,-0.9635,0.295121
2014,1,27,35.8073,-0.9948,0.295121
2014,1,27,35.8073,-0.9844,0.295121
2014,1,27,35.7969,-0.9844,0.295121
2014,1,27,36.776,0.9635,0.295121
2014,1,27,36.7656,0.9635,0.295121
2014,1,27,36.7656,0.974,0.295121
2014,1,27,36.7135,0.9115,0.295121
2014,1,27,36.6927,0.8177,0.295121
2014,1,27,36.6198,0.7656,0.295121
2014,1,27,36.5052,0.5573,0.295121
2014,1,27,36.5052,0.5885,0.295121
2014,1,27,36.4844,0.5365,0.295121
2014,1,27,36.4844,0.5677,0.295121
2014,1,27,36.4844,0.6302,0.295121
2014,1,27,36.474,0.5469,0.295121
2014,1,27,36.474,0.5677,0.295121
2014,1,27,36.474,0.5885,0.295121
2014,1,27,36.4635,0.526,0.295121
2014,1,27,36.4635,0.5573,0.295121
2014,1,27,36.4635,0.5677,0.295121
2014,1,27,36.4531,0.526,0.295121
2014,1,27,36.4531,0.5677,0.295121
2014,1,27,36.4427,0.5156,0.295121
2014,1,27,36.4427,0.5365,0.295121
2014,1,27,36.4427,0.5469,0.295121
2014,1,27,36.4427,0.5573,0.295121
2014,1,27,36.4323,0.526,0.295121
2014,1,27,36.4323,0.5469,0.295121
2014,1,27,36.4323,0.5573,0.295121
2014,1,27,36.4219,0.3385,0.295121
2014,1,27,36.4219,0.349,0.295121
2014,1,27,36.4219,0.3802,0.295121
2014,1,27,36.4219,0.401,0.295121
2014,1,27,36.4219,0.4219,0.295121
2014,1,27,36.4219,0.4844,0.295121
2014,1,27,36.4219,0.526,0.295121
2014,1,27,36.4115,0.3073,0.295121
2014,1,27,36.4115,0.3906,0.295121
2014,1,27,36.4115,0.401,0.295121
2014,1,27,36.4115,0.4323,0.295121
2014,1,27,36.4115,0.4635,0.295121
2014,1,27,36.4115,0.4844,0.295121
2014,1,27,36.4115,0.4948,0.295121
2014,1,27,36.4115,0.5156,0.295121
2014,1,27,36.4115,0.526,0.295121
2014,1,27,36.401,0.3906,0.295121
2014,1,27,36.401,0.401,0.295121
2014,1,27,36.401,0.4115,0.295121
2014,1,27,36.401,0.4219,0.295121
2014,1,27,36.401,0.4844,0.295121
2014,1,27,36.401,0.4948,0.295121
2014,1,27,36.3906,0.3802,0.295121
2014,1,27,36.3906,0.401,0.295121
2014,1,27,36.3906,0.4219,0.295121
2014,1,27,36.3906,0.4323,0.295121
2014,1,27,36.3906,0.4427,0.295121
2014,1,27,36.3906,0.4635,0.295121
2014,1,27,36.3906,0.474,0.295121
2014,1,27,36.3906,0.4844,0.295121
2014,1,27,36.3802,0.0156,0.295121
2014,1,27,36.3802,0.026,0.295121
2014,1,27,36.3802,0.0469,0.295121
2014,1,27,36.3802,0.276,0.295121
2014,1,27,36.3802,0.4115,0.295121
2014,1,27,36.3802,0.474,0.295121
2014,1,27,36.3698,0.2552,0.295121
2014,1,27,36.3698,0.2656,0.295121
2014,1,27,36.3698,0.276,0.295121
2014,1,27,36.3594,-0.0052,0.295121
2014,1,27,36.3594,0.0365,0.295121
2014,1,27,36.3594,0.0469,0.295121
2014,1,27,36.3594,0.1927,0.295121
2014,1,27,36.3594,0.2448,0.295121
2014,1,27,36.3594,0.3177,0.295121
2014,1,27,36.3594,0.4948,0.295121
2014,1,27,36.3594,0.5052,0.295121
2014,1,27,36.3594,0.5573,0.295121
2014,1,27,36.349,0.0781,0.295121
2014,1,27,36.349,0.1719,0.295121
2014,1,27,36.349,0.1927,0.295121
2014,1,27,36.349,0.2031,0.295121
2014,1,27,36.349,0.2135,0.295121
2014,1,27,36.349,0.2448,0.295121
2014,1,27,36.349,0.5365,0.295121
2014,1,27,36.3385,0.151,0.295121
2014,1,27,36.3385,0.2031,0.295121
2014,1,27,36.3385,0.4427,0.295121
2014,1,27,36.2969,0.1406,0.295121
2014,1,27,36.2865,0.3177,0.295121
2014,1,27,36.2865,0.349,0.295121
2014,1,27,36.276,0.0573,0.295121
2014,1,27,36.276,0.349,0.295121
2014,1,27,36.2656,0.0573,0.295121
2014,1,27,36.2552,0.151,0.295121
2014,1,27,36.2448,0.1302,0.295121
2014,1,27,36.2448,0.1406,0.295121
2014,1,27,36.2344,0.0781,0.295121
2014,1,27,36.2344,0.1302,0.295121
2014,1,27,36.2344,0.2552,0.295121
2014,1,27,36.224,0.1094,0.295121
2014,1,27,36.224,0.1198,0.295121
2014,1,27,36.2031,0.0781,0.295121
2014,1,27,36.2031,0.2344,0.295121
2014,1,27,36.0052,-0.651,0.295121
2014,1,27,35.9844,-0.651,0.295121
2014,1,27,35.9844,-0.6406,0.295121
2014,1,27,35.974,-0.5885,0.295121
2014,1,27,35.9635,-0.6302,0.295121
2014,1,27,35.9635,-0.6094,0.295121
2014,1,27,35.9635,-0.599,0.295121
2014,1,27,35.9635,-0.5781,0.295121
2014,1,27,35.9635,-0.2344,0.295121
2014,1,27,35.9531,-0.6406,0.295121
2014,1,27,35.9531,-0.0781,0.295121
2014,1,27,35.9427,-0.1198,0.295121
2014,1,27,35.9323,-0.6302,0.295121
2014,1,27,35.9219,-0.6406,0.295121
2014,1,27,35.9219,-0.6198,0.295121
2014,1,27,35.9219,-0.599,0.295121
2014,1,27,35.9219,-0.5885,0.295121
2014,1,27,35.9115,-0.6302,0.295121
2014,1,27,35.9115,-0.6094,0.295121
2014,1,27,35.901,-0.651,0.295121
2014,1,27,35.901,-0.6302,0.295121
2014,1,27,35.901,-0.6094,0.295121
2014,1,27,35.8906,-0.276,0.295121
2014,1,27,35.8802,-0.6198,0.295121
2014,1,27,35.8802,-0.5365,0.295121
2014,1,27,35.8698,-0.6198,0.295121
2014,1,27,35.8698,-0.6094,0.295121
2014,1,27,35.8698,-0.5885,0.295121
2014,1,27,35.8594,-0.6198,0.295121
2014,1,27,35.849,-0.599,0.295121
2014,1,27,35.8385,-0.599,0.295121
2014,1,27,35.8385,-0.5885,0.295121
2014,1,27,35.8281,-0.6094,0.295121
2014,1,27,35.8281,-0.5781,0.295121
2014,1,28,36.8177,0.9948,0.295121
2014,1,28,36.8073,0.9531,0.295121
2014,1,28,36.8073,0.9635,0.295121
2014,1,28,36.8073,0.974,0.295121
2014,1,28,36.7969,0.901,0.295121
2014,1,28,36.7969,0.9323,0.295121
2014,1,28,36.7969,0.9844,0.295121
2014,1,28,36.7865,0.901,0.295121
2014,1,28,36.7865,0.9844,0.295121
2014,1,28,36.776,-0.2448,0.295121
2014,1,28,36.776,0.8594,0.295121
2014,1,28,36.776,0.8698,0.295121
2014,1,28,36.776,0.8802,0.295121
2014,1,28,36.776,0.9115,0.295121
2014,1,28,36.7656,-0.4427,0.295121
2014,1,28,36.7656,0.8385,0.295121
2014,1,28,36.7656,0.849,0.295121
2014,1,28,36.7552,-0.4115,0.295121
2014,1,28,36.7552,-0.0781,0.295121
2014,1,28,36.7552,0.8281,0.295121
2014,1,28,36.7552,0.849,0.295121
2014,1,28,36.7552,0.8594,0.295121
2014,1,28,36.7448,-0.3698,0.295121
2014,1,28,36.7448,0.8281,0.295121
2014,1,28,36.7344,-0.3698,0.295121
2014,1,28,36.7344,0.8281,0.295121
2014,1,28,36.7344,0.8385,0.295121
2014,1,28,36.724,-0.349,0.295121
2014,1,28,36.724,0.8073,0.295121
2014,1,28,36.724,0.8177,0.295121
2014,1,28,36.7135,0.7969,0.295121
2014,1,28,36.7031,0.7656,0.295121
2014,1,28,36.7031,0.776,0.295121
2014,1,28,36.6927,0.7135,0.295121
2014,1,28,36.6927,0.7344,0.295121
2014,1,28,36.6927,0.7448,0.295121
2014,1,28,36.6823,0.6615,0.295121
2014,1,28,36.6719,0.651,0.295121
2014,1,28,36.651,0.2656,0.295121
2014,1,28,36.6406,0.2448,0.295121
2014,1,28,36.6406,0.5365,0.295121
2014,1,28,36.6302,0.349,0.295121
2014,1,28,36.6302,0.4427,0.295121
2014,1,28,36.6302,0.4531,0.295121
2014,1,28,36.6094,0.3594,0.295121
2014,1,28,36.6094,0.3698,0.295121
2014,1,28,36.6094,0.3906,0.295121
2014,1,28,36.2344,0.1615,0.295121
2014,1,28,36.224,0.1615,0.295121
2014,1,28,36.2135,0.151,0.295121
2014,1,28,36.2031,0.1406,0.295121
2014,1,28,36.2031,0.1615,0.295121
2014,1,28,36.1927,0.1406,0.295121
2014,1,30,36.0573,-0.6927,0.295121
2014,1,30,36.0573,-0.6719,0.295121
2014,1,30,36.0469,-0.7135,0.295121
2014,1,30,36.0469,-0.7031,0.295121
2014,1,30,36.0469,-0.6927,0.295121
2014,1,30,36.0469,-0.6823,0.295121
2014,1,30,36.0469,-0.6719,0.295121
2014,1,30,35.974,-0.8698,0.295121
2014,1,30,35.9635,-0.8802,0.295121
2014,1,30,35.8906,-0.8802,0.295121
2014,1,30,35.8802,-0.9531,0.295121
2014,1,30,35.8698,-0.974,0.295121
2014,1,30,35.8698,-0.9531,0.295121
2014,1,30,35.8698,-0.8594,0.295121
2014,1,30,35.8594,-0.9844,0.295121
2014,1,30,35.8594,-0.7865,0.295121
2014,1,30,35.849,-0.9844,0.295121
2014,1,30,35.8385,-0.9844,0.295121
2014,1,30,35.8385,-0.849,0.295121
2014,1,30,35.8385,-0.8177,0.295121
2014,1,30,36.7448,0.9219,0.295121
2014,1,30,36.7135,0.9635,0.295121
2014,1,30,36.7135,0.9948,0.295121
2014,1,30,36.7031,0.9635,0.295121
2014,1,30,36.6927,0.9635,0.295121
2014,1,30,36.6927,0.974,0.295121
2014,1,30,36.6719,0.9427,0.295121
2014,1,30,36.6719,0.9948,0.295121
2014,1,30,36.6615,0.8802,0.295121
2014,1,30,36.6615,0.9427,0.295121
2014,1,30,36.651,0.8594,0.295121
2014,1,30,36.6406,0.8385,0.295121
2014,1,30,36.6406,0.9219,0.295121
2014,1,30,36.6302,0.8385,0.295121
2014,1,30,36.6198,0.776,0.295121
2014,1,30,36.6198,0.7865,0.295121
2014,1,30,36.6198,0.8281,0.295121
2014,1,30,36.6094,0.7865,0.295121
2014,1,30,36.6094,0.7969,0.295121
2014,1,30,36.599,0.7865,0.295121
2014,1,30,36.5573,0.8698,0.295121
2014,1,30,36.5365,0.9635,0.295121
2014,1,30,36.526,0.9115,0.295121
2014,1,30,36.526,0.9219,0.295121
2014,1,30,36.5156,0.849,0.295121
2014,1,30,36.5156,0.8594,0.295121
2014,1,30,36.4531,0.5365,0.295121
2014,1,30,36.4427,0.5052,0.295121
2014,1,30,36.4427,0.5156,0.295121
2014,1,30,36.4323,0.474,0.295121
2014,1,30,36.4323,0.4844,0.295121
2014,1,30,36.4323,0.5052,0.295121
2014,1,30,36.4323,0.5156,0.295121
2014,1,30,36.4219,0.4844,0.295121
2014,1,30,36.4219,0.5052,0.295121
2014,1,30,36.4115,0.4323,0.295121
2014,1,30,36.4115,0.4635,0.295121
2014,1,30,36.4115,0.5052,0.295121
2014,1,30,36.401,0.401,0.295121
2014,1,30,36.401,0.4219,0.295121
2014,1,30,36.401,0.4844,0.295121
2014,1,30,36.401,0.4948,0.295121
2014,1,30,36.3906,0.3698,0.295121
2014,1,30,36.3906,0.4115,0.295121
2014,1,30,36.3906,0.474,0.295121
2014,1,30,36.3802,0.349,0.295121
2014,1,30,36.3802,0.3594,0.295121
2014,1,30,36.3802,0.3802,0.295121
2014,1,30,36.3802,0.4531,0.295121
2014,1,30,36.3802,0.474,0.295121
2014,1,30,36.3698,0.2656,0.295121
2014,1,30,36.3698,0.276,0.295121
2014,1,30,36.3698,0.3385,0.295121
2014,1,30,36.3698,0.3698,0.295121
2014,1,30,36.3698,0.4219,0.295121
2014,1,30,36.3594,0.224,0.295121
2014,1,30,36.3594,0.2344,0.295121
2014,1,30,36.3594,0.2865,0.295121
2014,1,30,36.3594,0.4427,0.295121
2014,1,30,36.349,0.2448,0.295121
2014,1,30,36.349,0.4323,0.295121
2014,1,30,36.3385,0.2031,0.295121
2014,1,30,36.3385,0.4115,0.295121
2014,1,30,36.3281,0.1823,0.295121
2014,1,30,36.3281,0.3802,0.295121
2014,1,30,36.3177,0.1823,0.295121
2014,1,30,36.3177,0.349,0.295121
2014,1,30,36.3073,0.349,0.295121
2014,1,30,36.2969,0.1719,0.295121
2014,1,30,36.276,0.1302,0.295121
2014,1,30,36.276,0.1406,0.295121
2014,1,30,36.276,0.3281,0.295121
2014,1,30,36.2656,0.1094,0.295121
2014,1,30,36.2552,0.0781,0.295121
2014,1,30,36.2552,0.099,0.295121
2014,1,30,36.2448,0.0677,0.295121
2014,1,30,36.2448,0.0781,0.295121
2014,1,30,36.2448,0.0885,0.295121
2014,1,30,36.2344,0.0469,0.295121
2014,1,30,36.224,0.0156,0.295121
2014,1,30,36.2135,-0.0365,0.295121
2014,1,30,36.2135,-0.0156,0.295121
2014,1,30,36.2031,-0.151,0.295121
2014,1,30,36.2031,-0.0677,0.295121
2014,1,30,36.1927,-0.1615,0.295121
2014,1,30,36.1927,0.1927,0.295121
2014,1,30,36.1823,-0.3802,0.295121
2014,1,30,36.1719,-0.3594,0.295121
2014,1,30,36.1719,-0.349,0.295121
2014,1,30,36.1719,-0.3385,0.295121
2014,1,30,36.1719,-0.2552,0.295121
2014,1,30,36.1719,0.1302,0.295121
2014,1,30,36.1615,-0.3906,0.295121
2014,1,30,36.1615,-0.3802,0.295121
2014,1,30,36.1615,-0.3385,0.295121
2014,1,30,36.1615,0.1198,0.295121
2014,1,30,36.1615,0.1406,0.295121
2014,1,30,36.151,-0.3385,0.295121
2014,1,30,36.151,-0.3177,0.295121
2014,1,30,36.151,-0.3073,0.295121
2014,1,30,36.151,-0.2969,0.295121
2014,1,30,36.151,-0.2865,0.295121
2014,1,30,36.151,-0.2031,0.295121
2014,1,30,36.151,-0.1927,0.295121
2014,1,30,36.1406,-0.3594,0.295121
2014,1,30,36.1406,-0.349,0.295121
2014,1,30,36.1302,-0.3802,0.295121
2014,1,30,36.1302,-0.3698,0.295121
2014,1,30,36.1302,-0.3594,0.295121
2014,1,30,36.1302,-0.349,0.295121
2014,1,30,36.1302,-0.3281,0.295121
2014,1,30,36.1198,-0.4115,0.295121
2014,1,30,36.1094,-0.2969,0.295121
2014,1,30,36.099,0.0677,0.295121
2014,1,30,36.0885,-0.4844,0.295121
2014,1,30,36.0781,-0.5781,0.295121
2014,1,30,36.0781,-0.5573,0.295121
2014,1,30,36.0781,-0.5469,0.295121
2014,1,30,36.0781,-0.3177,0.295121
2014,1,30,36.0677,-0.5885,0.295121
2014,1,30,36.0677,-0.5365,0.295121
2014,1,30,36.0677,-0.5156,0.295121
2014,1,30,36.0677,-0.4844,0.295121
2014,1,30,36.0573,-0.6615,0.295121
2014,1,30,36.0573,-0.6406,0.295121
2014,1,30,36.0573,-0.6302,0.295121
2014,1,30,36.0573,-0.6198,0.295121
2014,1,30,36.0573,-0.599,0.295121
2014,1,30,36.0573,-0.526,0.295121
2014,1,30,36.0573,-0.2656,0.295121
2014,1,30,36.0573,-0.0156,0.295121
2014,1,30,36.0573,0.0573,0.295121
2014,1,30,36.0469,-0.6615,0.295121
2014,1,30,36.0469,-0.651,0.295121
2014,1,30,36.0469,-0.6406,0.295121
2014,1,30,36.0469,-0.6302,0.295121
2014,1,30,36.0469,-0.6198,0.295121
2014,1,30,36.0469,-0.599,0.295121
2014,1,30,35.8802,-0.6302,0.295121
2014,1,31,36.6094,-0.7969,0.295121
2014,1,31,36.5885,-0.7969,0.295121
2014,1,31,36.5885,-0.776,0.295121
2014,1,31,36.5781,-0.8177,0.295121
2014,1,31,36.5781,-0.8073,0.295121
2014,1,31,36.5781,-0.7969,0.295121
2014,1,31,36.5677,-0.8177,0.295121
2014,1,31,36.5677,-0.8073,0.295121
2014,1,31,36.5677,-0.7969,0.295121
2014,1,31,36.5677,-0.7865,0.295121
2014,1,31,36.5573,-0.8385,0.295121
2014,1,31,36.4531,-0.9427,0.295121
2014,1,31,36.4427,-0.9115,0.295121
2014,1,31,36.4427,-0.901,0.295121
2014,1,31,36.4323,-0.9323,0.295121
2014,1,31,36.4323,-0.901,0.295121
2014,1,31,36.4323,-0.8906,0.295121
2014,1,31,36.4323,-0.8802,0.295121
2014,1,31,36.4323,-0.8698,0.295121
2014,1,31,36.4219,-0.9427,0.295121
2014,1,31,36.4219,-0.9323,0.295121
2014,1,31,36.4219,-0.9115,0.295121
2014,1,31,36.4115,-0.9323,0.295121
2014,1,31,36.401,-0.9844,0.295121
2014,1,31,36.401,-0.9427,0.295121
2014,1,31,36.3906,-0.9844,0.295121
2014,1,31,36.3906,-0.974,0.295121
2014,1,31,36.3802,-0.9948,0.295121
2014,1,31,36.3802,-0.974,0.295121
2014,1,31,36.3698,-0.9427,0.295121
2014,1,31,36.3385,-0.9323,0.295121
2014,1,31,36.3073,-0.9948,0.295121
2014,1,31,36.2865,-0.9844,0.295121
2014,1,31,36.2865,-0.9531,0.295121
2014,1,31,36.2865,-0.9427,0.295121
2014,1,31,36.276,-0.9531,0.295121
2014,1,31,36.276,-0.9323,0.295121
2014,1,31,36.2552,-0.9635,0.295121
2014,1,31,36.2552,-0.9323,0.295121
2014,1,31,36.2448,-0.9427,0.295121
2014,1,31,36.2135,-0.9635,0.295121
2014,1,31,36.2031,-0.9844,0.295121
2014,1,31,36.2031,-0.901,0.295121
2014,1,31,35.8385,-0.6823,0.295121
2014,1,31,35.7552,-0.7031,0.295121
2014,1,31,37.3385,0.974,0.295121
2014,1,31,36.6823,-0.526,0.295121
2014,1,31,36.6198,-0.4635,0.295121
2014,1,31,36.526,-0.4635,0.295121
2014,1,31,36.474,-0.5052,0.295121
2014,1,31,36.4635,-0.4427,0.295121
2014,1,31,36.4635,-0.4323,0.295121
2014,1,31,36.4635,-0.3594,0.295121
2014,1,31,36.4427,-0.4531,0.295121
2014,1,31,36.4427,-0.3594,0.295121
2014,1,31,36.4427,-0.3385,0.295121
2014,1,31,36.3906,0.5677,0.295121
2014,1,31,36.3802,-0.2969,0.295121
2014,1,31,36.3802,0.3073,0.295121
2014,1,31,36.3802,0.5156,0.295121
2014,1,31,36.3802,0.5573,0.295121
2014,1,31,36.3698,0.3177,0.295121
2014,1,31,36.3698,0.4219,0.295121
2014,1,31,36.3698,0.4635,0.295121
2014,1,31,36.3698,0.474,0.295121
2014,1,31,36.3698,0.4844,0.295121
2014,1,31,36.3698,0.4948,0.295121
2014,1,31,36.3698,0.5052,0.295121
2014,1,31,36.3698,0.5156,0.295121
2014,1,31,36.3698,0.5365,0.295121
2014,1,31,36.3698,0.5469,0.295121
2014,1,31,36.3594,0.276,0.295121
2014,1,31,36.3594,0.3073,0.295121
2014,1,31,36.3594,0.3177,0.295121
2014,1,31,36.3594,0.3281,0.295121
2014,1,31,36.3594,0.4115,0.295121
2014,1,31,36.3594,0.4427,0.295121
2014,1,31,36.3594,0.474,0.295121
2014,1,31,36.3594,0.4844,0.295121
2014,1,31,36.3594,0.4948,0.295121
2014,1,31,36.3594,0.5052,0.295121
2014,1,31,36.3594,0.526,0.295121
2014,1,31,36.3594,0.5469,0.295121
2014,1,31,36.349,0.2656,0.295121
2014,1,31,36.349,0.276,0.295121
2014,1,31,36.349,0.2865,0.295121
2014,1,31,36.349,0.2969,0.295121
2014,1,31,36.349,0.3073,0.295121
2014,1,31,36.349,0.349,0.295121
2014,1,31,36.349,0.3594,0.295121
2014,1,31,36.349,0.4115,0.295121
2014,1,31,36.349,0.4219,0.295121
2014,1,31,36.349,0.4427,0.295121
2014,1,31,36.349,0.4531,0.295121
2014,1,31,36.349,0.4844,0.295121
2014,1,31,36.349,0.4948,0.295121
2014,1,31,36.349,0.5052,0.295121
2014,1,31,36.349,0.526,0.295121
2014,1,31,36.349,0.5365,0.295121
2014,1,31,36.3385,0.2448,0.295121
2014,1,31,36.3385,0.2656,0.295121
2014,1,31,36.3385,0.276,0.295121
2014,1,31,36.3385,0.2969,0.295121
2014,1,31,36.3385,0.3594,0.295121
2014,1,31,36.3385,0.3906,0.295121
2014,1,31,36.3385,0.4427,0.295121
2014,1,31,36.3385,0.4948,0.295121
2014,1,31,36.3281,-0.0156,0.295121
2014,1,31,36.3281,0.2344,0.295121
2014,1,31,36.3281,0.2656,0.295121
2014,1,31,36.3281,0.2865,0.295121
2014,1,31,36.3281,0.2969,0.295121
2014,1,31,36.3281,0.3177,0.295121
2014,1,31,36.3281,0.3385,0.295121
2014,1,31,36.3281,0.349,0.295121
2014,1,31,36.3281,0.401,0.295121
2014,1,31,36.3177,0.2344,0.295121
2014,1,31,36.3177,0.2865,0.295121
2014,1,31,36.3177,0.3073,0.295121
2014,1,31,36.3177,0.3385,0.295121
2014,1,31,36.3177,0.349,0.295121
2014,1,31,36.3177,0.3594,0.295121
2014,1,31,36.3177,0.4323,0.295121
2014,1,31,36.3177,0.4427,0.295121
2014,1,31,36.3073,0.224,0.295121
2014,1,31,36.3073,0.2344,0.295121
2014,1,31,36.3073,0.2656,0.295121
2014,1,31,36.3073,0.2865,0.295121
2014,1,31,36.3073,0.2969,0.295121
2014,1,31,36.3073,0.3177,0.295121
2014,1,31,36.3073,0.3281,0.295121
2014,1,31,36.3073,0.3385,0.295121
2014,1,31,36.3073,0.3594,0.295121
2014,1,31,36.2969,0.1094,0.295121
2014,1,31,36.2969,0.2031,0.295121
2014,1,31,36.2969,0.2135,0.295121
2014,1,31,36.2969,0.224,0.295121
2014,1,31,36.2969,0.2656,0.295121
2014,1,31,36.2969,0.276,0.295121
2014,1,31,36.2969,0.2969,0.295121
2014,1,31,36.2969,0.3073,0.295121
2014,1,31,36.2969,0.3385,0.295121
2014,1,31,36.2865,0.2448,0.295121
2014,1,31,36.2865,0.2552,0.295121
2014,1,31,36.2865,0.2865,0.295121
2014,1,31,36.2865,0.3073,0.295121
2014,1,31,36.2865,0.3177,0.295121
2014,1,31,36.2865,0.3802,0.295121
2014,1,31,36.276,0.224,0.295121
2014,1,31,36.276,0.2448,0.295121
2014,1,31,36.276,0.2656,0.295121
2014,1,31,36.276,0.2865,0.295121
2014,1,31,36.276,0.2969,0.295121
2014,1,31,36.2656,0.2135,0.295121
2014,1,31,36.2656,0.2448,0.295121
2014,1,31,36.2656,0.276,0.295121
2014,1,31,36.2656,0.2865,0.295121
2014,1,31,36.2552,0.1927,0.295121
2014,1,31,36.2552,0.2031,0.295121
2014,1,31,36.2448,0.2656,0.295121
2014,1,31,36.2448,0.3073,0.295121
2014,1,31,36.2344,0.1927,0.295121
2014,1,31,36.2344,0.2031,0.295121
2014,1,31,36.2344,0.2448,0.295121
2014,1,31,36.2344,0.2552,0.295121
2014,1,31,36.224,0.1927,0.295121
2014,1,31,36.224,0.2135,0.295121
2014,1,31,36.2031,0.1719,0.295121
2014,1,31,36.2031,0.2031,0.295121
2014,1,31,36.0469,-0.6094,0.295121
2014,1,31,36.0469,-0.1302,0.295121
2014,1,31,36.0469,-0.1198,0.295121
2014,1,31,35.9219,-0.3385,0.295121
2014,1,31,35.9115,-0.3177,0.295121
2014,1,31,35.776,-0.6094,0.295121
2014,1,1,36.6094,-0.776,0.305492
2014,1,1,36.599,-0.7031,0.305492
2014,1,1,36.5781,-1.0052,0.305492
2014,1,1,36.5781,-0.9948,0.305492
2014,1,1,36.5781,-0.9844,0.305492
2014,1,1,36.5781,-0.724,0.305492
2014,1,1,36.5781,-0.7031,0.305492
2014,1,1,36.5677,-0.724,0.305492
2014,1,1,36.5573,-0.7969,0.305492
2014,1,1,36.5573,-0.7448,0.305492
2014,1,1,36.5573,-0.7135,0.305492
2014,1,1,36.5573,-0.7031,0.305492
2014,1,1,36.5573,-0.6823,0.305492
2014,1,1,36.5469,-0.6823,0.305492
2014,1,1,36.5365,-0.6927,0.305492
2014,1,1,36.5365,-0.6823,0.305492
2014,1,1,36.526,-0.7031,0.305492
2014,1,1,36.5156,-0.7969,0.305492
2014,1,1,36.5156,-0.776,0.305492
2014,1,1,36.5156,-0.6927,0.305492
2014,1,1,36.5156,-0.6823,0.305492
2014,1,1,36.4948,-0.724,0.305492
2014,1,1,36.4844,-0.8802,0.305492
2014,1,1,36.474,-0.8698,0.305492
2014,1,1,36.1615,-0.6823,0.305492
2014,1,1,36.1406,-0.7135,0.305492
2014,1,1,36.1198,-0.7448,0.305492
2014,1,1,36.1198,-0.724,0.305492
2014,1,1,36.1094,-0.7552,0.305492
2014,1,1,36.099,-0.7656,0.305492
2014,1,1,36.026,-0.9844,0.305492
2014,1,1,37.2448,0.6094,0.305492
2014,1,1,37.099,0.5052,0.305492
2014,1,1,37.0781,0.4948,0.305492
2014,1,1,37.0469,0.4948,0.305492
2014,1,1,37.0156,0.526,0.305492
2014,1,1,37.0156,0.599,0.305492
2014,1,1,37.0156,0.6094,0.305492
2014,1,1,37.0156,0.6302,0.305492
2014,1,1,37.0156,0.6406,0.305492
2014,1,1,37.0052,0.6302,0.305492
2014,1,1,36.974,0.651,0.305492
2014,1,1,36.974,0.6615,0.305492
2014,1,1,36.9635,0.6615,0.305492
2014,1,1,36.9531,0.6719,0.305492
2014,1,1,36.9427,0.6927,0.305492
2014,1,1,36.9323,0.7448,0.305492
2014,1,1,36.9219,0.7344,0.305492
2014,1,1,36.9219,0.7448,0.305492
2014,1,1,36.9115,0.7344,0.305492
2014,1,1,36.901,0.7552,0.305492
2014,1,1,36.724,-0.5677,0.305492
2014,1,1,36.724,-0.5573,0.305492
2014,1,1,36.7135,-0.599,0.305492
2014,1,1,36.7031,-0.599,0.305492
2014,1,1,36.7031,-0.5469,0.305492
2014,1,1,36.6927,-0.6406,0.305492
2014,1,1,36.6927,-0.6094,0.305492
2014,1,1,36.6823,-0.6406,0.305492
2014,1,1,36.6823,-0.6094,0.305492
2014,1,1,36.6719,-0.6198,0.305492
2014,1,1,36.6719,-0.6094,0.305492
2014,1,1,36.6719,-0.599,0.305492
2014,1,1,36.6719,-0.5677,0.305492
2014,1,1,36.6719,0.7448,0.305492
2014,1,1,36.6615,-0.5781,0.305492
2014,1,1,36.6615,0.9219,0.305492
2014,1,1,36.651,-0.5885,0.305492
2014,1,1,36.651,0.9115,0.305492
2014,1,1,36.6406,-0.6302,0.305492
2014,1,1,36.6406,0.8385,0.305492
2014,1,1,36.6302,-0.6406,0.305492
2014,1,1,36.6302,-0.4844,0.305492
2014,1,1,36.6198,-0.6406,0.305492
2014,1,1,36.6198,0.7135,0.305492
2014,1,1,36.6198,0.7865,0.305492
2014,1,1,36.6094,-0.6198,0.305492
2014,1,1,36.6094,0.6927,0.305492
2014,1,1,36.6094,0.7135,0.305492
2014,1,1,36.599,-0.5885,0.305492
2014,1,1,36.5781,-0.6198,0.305492
2014,1,1,36.5677,-0.6302,0.305492
2014,1,1,36.5573,-0.6615,0.305492
2014,1,1,36.5573,-0.651,0.305492
2014,1,1,36.5573,-0.5573,0.305492
2014,1,1,36.5573,0.6719,0.305492
2014,1,1,36.5469,-0.6615,0.305492
2014,1,1,36.5469,-0.651,0.305492
2014,1,1,36.5469,-0.6302,0.305492
2014,1,1,36.5469,-0.599,0.305492
2014,1,1,36.5365,-0.6406,0.305492
2014,1,1,36.5365,-0.6302,0.305492
2014,1,1,36.5365,-0.6198,0.305492
2014,1,1,36.5365,0.651,0.305492
2014,1,1,36.4948,0.151,0.305492
2014,1,1,36.4948,0.1615,0.305492
2014,1,1,36.4948,0.5677,0.305492
2014,1,1,36.4948,0.5885,0.305492
2014,1,1,36.4844,-0.5781,0.305492
2014,1,1,36.4844,0.1615,0.305492
2014,1,1,36.4844,0.5573,0.305492
2014,1,1,36.4635,-0.6302,0.305492
2014,1,1,36.4323,0.1719,0.305492
2014,1,1,36.4323,0.2031,0.305492
2014,1,1,36.4323,0.5573,0.305492
2014,1,1,36.4219,0.224,0.305492
2014,1,1,36.4219,0.2344,0.305492
2014,1,1,36.401,0.526,0.305492
2014,1,1,36.349,-0.224,0.305492
2014,1,1,36.349,-0.1198,0.305492
2014,1,1,36.349,0.349,0.305492
2014,1,1,36.349,0.4219,0.305492
2014,1,1,36.349,0.4427,0.305492
2014,1,1,36.349,0.474,0.305492
2014,1,1,36.3385,-0.1302,0.305492
2014,1,1,36.3385,0.4115,0.305492
2014,1,1,36.3385,0.4323,0.305492
2014,1,1,36.3281,-0.3281,0.305492
2014,1,1,36.3281,-0.3177,0.305492
2014,1,1,36.3281,-0.3073,0.305492
2014,1,1,36.3281,-0.2969,0.305492
2014,1,1,36.3281,-0.1094,0.305492
2014,1,1,36.3281,0.0677,0.305492
2014,1,1,36.3177,-0.099,0.305492
2014,1,1,36.2969,-0.3802,0.305492
2014,1,1,36.2865,-0.3802,0.305492
2014,1,1,36.276,-0.3906,0.305492
2014,1,1,36.276,-0.1615,0.305492
2014,1,1,36.2552,-0.4427,0.305492
2014,1,1,36.2552,-0.099,0.305492
2014,1,1,36.2448,-0.4531,0.305492
2014,1,1,36.2448,-0.1719,0.305492
2014,1,1,36.2448,-0.1615,0.305492
2014,1,1,36.2344,0.0052,0.305492
2014,1,1,36.224,-0.5573,0.305492
2014,1,1,36.224,-0.1719,0.305492
2014,1,1,36.224,-0.1615,0.305492
2014,1,1,36.224,-0.0469,0.305492
2014,1,1,36.2135,-0.5365,0.305492
2014,1,1,36.2135,-0.1823,0.305492
2014,1,1,36.2135,-0.1615,0.305492
2014,1,1,36.2135,-0.0365,0.305492
2014,1,1,36.2031,-0.1927,0.305492
2014,1,1,36.2031,-0.1719,0.305492
2014,1,1,36.2031,-0.1615,0.305492
2014,1,1,36.2031,-0.0573,0.305492
2014,1,1,36.1927,-0.651,0.305492
2014,1,1,36.1927,-0.599,0.305492
2014,1,1,36.1927,-0.5885,0.305492
2014,1,1,36.1927,-0.1823,0.305492
2014,1,1,36.1823,-0.599,0.305492
2014,1,1,36.1823,-0.1927,0.305492
2014,1,1,36.1823,-0.1719,0.305492
2014,1,1,36.1719,-0.6615,0.305492
2014,1,1,36.1719,-0.6302,0.305492
2014,1,4,37.2344,0.7135,0.305492
2014,1,4,37.2031,0.849,0.305492
2014,1,4,37.1719,0.7031,0.305492
2014,1,4,37.1719,0.7135,0.305492
2014,1,4,37.1719,0.901,0.305492
2014,1,4,37.1615,0.901,0.305492
2014,1,4,37.151,0.901,0.305492
2014,1,4,37.1406,0.7448,0.305492
2014,1,4,37.1302,0.6615,0.305492
2014,1,4,37.1302,0.6719,0.305492
2014,1,4,37.1302,0.9531,0.305492
2014,1,4,37.1094,0.651,0.305492
2014,1,4,37.1094,0.6615,0.305492
2014,1,4,37.099,0.6615,0.305492
2014,1,4,37.0885,0.651,0.305492
2014,1,4,37.0677,0.1823,0.305492
2014,1,4,37.0677,0.6615,0.305492
2014,1,4,37.0573,0.6615,0.305492
2014,1,4,37.0052,0.5677,0.305492
2014,1,4,36.9844,0.4948,0.305492
2014,1,4,36.9844,0.5052,0.305492
2014,1,4,36.9844,0.5469,0.305492
2014,1,4,36.974,0.4844,0.305492
2014,1,4,36.974,0.5052,0.305492
2014,1,4,36.974,0.5156,0.305492
2014,1,4,36.9635,0.526,0.305492
2014,1,4,36.9635,0.5365,0.305492
2014,1,4,36.9531,0.474,0.305492
2014,1,4,36.9531,0.4844,0.305492
2014,1,4,36.9219,0.9635,0.305492
2014,1,4,36.7969,0.9531,0.305492
2014,1,7,36.8385,0.2552,0.305492
2014,1,8,36.0885,-0.9635,0.305492
2014,1,8,36.0885,-0.9531,0.305492
2014,1,8,36.0885,-0.9427,0.305492
2014,1,8,36.0677,-0.8594,0.305492
2014,1,8,36.9531,-0.026,0.305492
2014,1,8,36.9427,-0.1094,0.305492
2014,1,8,36.9323,-0.099,0.305492
2014,1,8,36.9323,-0.0781,0.305492
2014,1,8,36.8385,0.1302,0.305492
2014,1,8,36.8073,0.1198,0.305492
2014,1,8,36.7969,0.1302,0.305492
2014,1,8,36.7865,0.1302,0.305492
2014,1,8,36.7552,0.1094,0.305492
2014,1,8,36.7344,0.099,0.305492
2014,1,8,36.724,0.1094,0.305492
2014,1,8,36.7135,0.099,0.305492
2014,1,8,36.7135,0.1302,0.305492
2014,1,8,36.7031,0.0781,0.305492
2014,1,8,36.6406,0.026,0.305492
2014,1,8,36.5885,-0.026,0.305492
2014,1,8,36.5469,-0.0365,0.305492
2014,1,8,36.5156,-0.0573,0.305492
2014,1,8,36.4948,-0.0781,0.305492
2014,1,8,36.4844,-0.0781,0.305492
2014,1,8,36.474,-0.1094,0.305492
2014,1,8,36.474,-0.099,0.305492
2014,1,8,36.474,-0.0885,0.305492
2014,1,8,36.474,-0.0573,0.305492
2014,1,8,36.4531,-0.1198,0.305492
2014,1,8,36.4427,-0.099,0.305492
2014,1,8,36.4427,-0.0885,0.305492
2014,1,8,36.4427,-0.0781,0.305492
2014,1,8,36.4323,-0.1406,0.305492
2014,1,8,36.4323,-0.1198,0.305492
2014,1,8,36.4323,-0.0885,0.305492
2014,1,8,36.4323,-0.0781,0.305492
2014,1,8,36.4219,-0.1198,0.305492
2014,1,8,36.4219,-0.1094,0.305492
2014,1,8,36.4219,-0.099,0.305492
2014,1,8,36.4219,-0.0885,0.305492
2014,1,8,36.4115,-0.1302,0.305492
2014,1,8,36.4115,-0.1198,0.305492
2014,1,8,36.4115,-0.1094,0.305492
2014,1,8,36.401,-0.1302,0.305492
2014,1,8,36.401,-0.1198,0.305492
2014,1,8,36.401,-0.1094,0.305492
2014,1,8,36.3906,-0.1302,0.305492
2014,1,8,36.3906,-0.1198,0.305492
2014,1,8,36.3802,-0.1615,0.305492
2014,1,8,36.3802,-0.1406,0.305492
2014,1,8,36.3802,-0.1302,0.305492
2014,1,8,36.3594,-0.1927,0.305492
2014,1,8,36.349,-0.2135,0.305492
2014,1,8,36.349,-0.2031,0.305492
2014,1,8,36.349,0.651,0.305492
2014,1,8,36.3385,-0.2969,0.305492
2014,1,8,36.3385,0.599,0.305492
2014,1,8,36.3385,0.6198,0.305492
2014,1,8,36.3281,-0.2656,0.305492
2014,1,8,36.3281,-0.2552,0.305492
2014,1,8,36.3177,-0.2865,0.305492
2014,1,8,36.3073,-0.401,0.305492
2014,1,8,36.3073,-0.349,0.305492
2014,1,8,36.3073,-0.3281,0.305492
2014,1,8,36.3073,-0.3073,0.305492
2014,1,8,36.2969,-0.5365,0.305492
2014,1,8,36.2969,-0.526,0.305492
2014,1,8,36.2969,-0.5052,0.305492
2014,1,8,36.2969,-0.4531,0.305492
2014,1,8,36.2969,-0.3802,0.305492
2014,1,8,36.2865,-0.5677,0.305492
2014,1,8,36.276,-0.5156,0.305492
2014,1,8,36.2656,-0.5573,0.305492
2014,1,8,36.2448,-0.5781,0.305492
2014,1,8,36.2448,-0.5156,0.305492
2014,1,8,36.2344,-0.5677,0.305492
2014,1,8,36.2135,-0.4948,0.305492
2014,1,8,36.2031,-0.5156,0.305492
2014,1,8,36.1927,-0.526,0.305492
2014,1,8,36.1927,-0.4844,0.305492
2014,1,8,36.1927,-0.474,0.305492
2014,1,8,36.1406,-0.5365,0.305492
2014,1,8,36.1302,-0.5573,0.305492
2014,1,8,36.1198,-0.5781,0.305492
2014,1,9,36.6927,-0.2135,0.305492
2014,1,9,36.6719,-0.2031,0.305492
2014,1,9,36.651,-0.5365,0.305492
2014,1,9,36.651,-0.4531,0.305492
2014,1,9,36.6094,-0.2135,0.305492
2014,1,9,36.6094,-0.2031,0.305492
2014,1,9,36.6094,-0.1927,0.305492
2014,1,9,36.5781,-0.4844,0.305492
2014,1,9,36.4115,-0.0573,0.305492
2014,1,9,36.3177,-0.3594,0.305492
2014,1,9,36.3177,-0.1198,0.305492
2014,1,10,37.1615,0.6719,0.305492
2014,1,14,37.0677,0.7656,0.305492
2014,1,14,36.8802,0.6406,0.305492
2014,1,14,36.7031,0.5573,0.305492
2014,1,14,36.6927,0.5469,0.305492
2014,1,14,36.6927,0.5573,0.305492
2014,1,14,36.6823,0.5365,0.305492
2014,1,14,36.6823,0.5573,0.305492
2014,1,14,36.6719,0.5052,0.305492
2014,1,14,36.6719,0.526,0.305492
2014,1,14,36.6719,0.5469,0.305492
2014,1,14,36.6615,0.526,0.305492
2014,1,14,36.651,0.526,0.305492
2014,1,15,36.3073,-0.724,0.305492
2014,1,15,36.3073,-0.7135,0.305492
2014,1,15,36.2969,-0.724,0.305492
2014,1,15,36.2969,-0.6719,0.305492
2014,1,15,36.276,-0.9948,0.305492
2014,1,15,36.2344,-0.9948,0.305492
2014,1,15,36.2344,-0.9844,0.305492
2014,1,15,36.2344,-0.9531,0.305492
2014,1,15,36.224,-0.9844,0.305492
2014,1,15,36.2135,-0.9948,0.305492
2014,1,15,36.2135,-0.724,0.305492
2014,1,15,36.2031,-0.9531,0.305492
2014,1,15,36.1823,-0.6719,0.305492
2014,1,15,36.1302,-0.7135,0.305492
2014,1,15,36.099,-0.901,0.305492
2014,1,15,36.099,-0.8594,0.305492
2014,1,15,36.099,-0.8177,0.305492
2014,1,15,36.099,-0.776,0.305492
2014,1,15,36.0885,-0.9115,0.305492
2014,1,15,36.0885,-0.8906,0.305492
2014,1,15,36.0885,-0.8802,0.305492
2014,1,15,36.0885,-0.8698,0.305492
2014,1,15,36.0885,-0.8385,0.305492
2014,1,15,36.0885,-0.8281,0.305492
2014,1,15,36.0885,-0.724,0.305492
2014,1,15,36.0885,-0.6927,0.305492
2014,1,15,36.0781,-0.9427,0.305492
2014,1,15,36.0781,-0.8698,0.305492
2014,1,15,36.0677,-0.8802,0.305492
2014,1,15,36.0677,-0.7135,0.305492
2014,1,15,36.0573,-0.9844,0.305492
2014,1,15,36.0573,-0.9635,0.305492
2014,1,15,36.0573,-0.9323,0.305492
2014,1,15,36.0573,-0.8385,0.305492
2014,1,15,36.0573,-0.7552,0.305492
2014,1,15,36.0573,-0.724,0.305492
2014,1,15,36.0573,-0.7135,0.305492
2014,1,15,36.0469,-0.9635,0.305492
2014,1,15,36.0469,-0.9531,0.305492
2014,1,15,36.0469,-0.9427,0.305492
2014,1,15,36.0469,-0.9323,0.305492
2014,1,15,36.0469,-0.8177,0.305492
2014,1,15,36.0365,-0.9635,0.305492
2014,1,15,36.0365,-0.8177,0.305492
2014,1,15,36.0365,-0.7344,0.305492
2014,1,15,36.026,-0.9635,0.305492
2014,1,15,36.026,-0.7656,0.305492
2014,1,15,36.026,-0.7552,0.305492
2014,1,15,36.026,-0.7344,0.305492
2014,1,15,36.026,-0.724,0.305492
2014,1,15,36.0156,-0.974,0.305492
2014,1,15,36.0156,-0.8594,0.305492
2014,1,15,36.0156,-0.7656,0.305492
2014,1,15,36.0156,-0.7448,0.305492
2014,1,15,36.0156,-0.724,0.305492
2014,1,15,36.0052,-0.8594,0.305492
2014,1,15,36.0052,-0.8385,0.305492
2014,1,15,36.0052,-0.7656,0.305492
2014,1,15,36.0052,-0.7552,0.305492
2014,1,15,36.0052,-0.7448,0.305492
2014,1,15,36.0052,-0.6823,0.305492
2014,1,15,36.0052,-0.6719,0.305492
2014,1,15,35.9948,-0.8698,0.305492
2014,1,15,35.9948,-0.849,0.305492
2014,1,15,35.9948,-0.7865,0.305492
2014,1,15,35.9844,-0.9844,0.305492
2014,1,15,35.9844,-0.9531,0.305492
2014,1,15,35.9844,-0.776,0.305492
2014,1,15,35.9844,-0.6719,0.305492
2014,1,15,35.974,-0.9635,0.305492
2014,1,15,35.974,-0.9531,0.305492
2014,1,15,35.974,-0.8906,0.305492
2014,1,15,35.974,-0.8802,0.305492
2014,1,15,35.9635,-0.9531,0.305492
2014,1,15,35.9635,-0.8906,0.305492
2014,1,15,35.9635,-0.8385,0.305492
2014,1,15,35.9635,-0.7344,0.305492
2014,1,15,35.9531,-0.974,0.305492
2014,1,15,35.9531,-0.9219,0.305492
2014,1,15,35.9531,-0.9115,0.305492
2014,1,15,35.9531,-0.901,0.305492
2014,1,15,35.9531,-0.8698,0.305492
2014,1,15,35.9531,-0.6823,0.305492
2014,1,15,35.9427,-0.9948,0.305492
2014,1,15,35.9427,-0.9115,0.305492
2014,1,15,35.9427,-0.8802,0.305492
2014,1,15,35.9427,-0.8385,0.305492
2014,1,15,35.9427,-0.8281,0.305492
2014,1,15,35.9323,-0.9219,0.305492
2014,1,15,35.9323,-0.9115,0.305492
2014,1,15,35.9323,-0.8906,0.305492
2014,1,15,35.9323,-0.849,0.305492
2014,1,15,35.9323,-0.8281,0.305492
2014,1,15,35.9323,-0.7552,0.305492
2014,1,15,35.9219,-0.9531,0.305492
2014,1,15,35.9219,-0.9219,0.305492
2014,1,15,35.9219,-0.8906,0.305492
2014,1,15,35.9219,-0.8802,0.305492
2014,1,15,35.9219,-0.8385,0.305492
2014,1,15,35.9115,-0.9635,0.305492
2014,1,15,35.9115,-0.901,0.305492
2014,1,15,35.9115,-0.8906,0.305492
2014,1,15,35.9115,-0.8594,0.305492
2014,1,15,35.901,-0.9948,0.305492
2014,1,15,35.901,-0.9531,0.305492
2014,1,15,35.901,-0.9427,0.305492
2014,1,15,35.901,-0.901,0.305492
2014,1,15,35.901,-0.8802,0.305492
2014,1,15,35.901,-0.8594,0.305492
2014,1,15,35.901,-0.7448,0.305492
2014,1,15,35.901,-0.7344,0.305492
2014,1,15,35.8906,-0.974,0.305492
2014,1,15,35.8906,-0.9531,0.305492
2014,1,15,35.8906,-0.9115,0.305492
2014,1,15,35.8906,-0.8906,0.305492
2014,1,15,35.8906,-0.8802,0.305492
2014,1,15,35.8906,-0.849,0.305492
2014,1,15,35.8906,-0.7865,0.305492
2014,1,15,35.8906,-0.7656,0.305492
2014,1,15,35.8906,-0.7448,0.305492
2014,1,15,35.8802,-0.8906,0.305492
2014,1,15,35.8802,-0.7552,0.305492
2014,1,15,35.8698,-0.974,0.305492
2014,1,15,35.8698,-0.7656,0.305492
2014,1,15,35.8698,-0.7552,0.305492
2014,1,15,35.8698,-0.724,0.305492
2014,1,15,35.8698,-0.7031,0.305492
2014,1,15,35.8594,-0.9948,0.305492
2014,1,15,35.8594,-0.901,0.305492
2014,1,15,35.8594,-0.8906,0.305492
2014,1,15,35.8594,-0.7969,0.305492
2014,1,15,35.8594,-0.776,0.305492
2014,1,15,35.8594,-0.7656,0.305492
2014,1,15,35.849,-0.9531,0.305492
2014,1,15,35.849,-0.8906,0.305492
2014,1,15,35.849,-0.8802,0.305492
2014,1,15,35.849,-0.7865,0.305492
2014,1,15,35.849,-0.776,0.305492
2014,1,15,35.849,-0.7656,0.305492
2014,1,15,35.8385,-0.9635,0.305492
2014,1,15,35.8385,-0.9115,0.305492
2014,1,15,35.8385,-0.7656,0.305492
2014,1,15,35.8281,-0.974,0.305492
2014,1,15,35.8281,-0.9115,0.305492
2014,1,15,35.8281,-0.901,0.305492
2014,1,15,35.8281,-0.8802,0.305492
2014,1,15,35.8281,-0.8281,0.305492
2014,1,15,35.8281,-0.8177,0.305492
2014,1,15,35.8177,-0.974,0.305492
2014,1,15,35.8177,-0.9323,0.305492
2014,1,15,35.8177,-0.9219,0.305492
2014,1,15,35.8177,-0.9115,0.305492
2014,1,15,35.8177,-0.8802,0.305492
2014,1,15,35.8177,-0.7552,0.305492
2014,1,15,35.8073,-0.9948,0.305492
2014,1,15,35.8073,-0.9427,0.305492
2014,1,15,35.8073,-0.9323,0.305492
2014,1,15,35.8073,-0.9219,0.305492
2014,1,15,35.8073,-0.8906,0.305492
2014,1,15,35.8073,-0.7448,0.305492
2014,1,15,35.7969,-0.9635,0.305492
2014,1,15,35.7969,-0.8698,0.305492
2014,1,15,35.7969,-0.8594,0.305492
2014,1,15,35.7969,-0.849,0.305492
2014,1,15,35.7969,-0.7865,0.305492
2014,1,15,35.7969,-0.7656,0.305492
2014,1,15,35.7969,-0.7552,0.305492
2014,1,15,35.7865,-0.8906,0.305492
2014,1,15,35.7865,-0.8802,0.305492
2014,1,15,35.7865,-0.8698,0.305492
2014,1,15,35.7865,-0.8594,0.305492
2014,1,15,35.776,-0.9323,0.305492
2014,1,15,35.776,-0.9219,0.305492
2014,1,15,35.776,-0.7135,0.305492
2014,1,15,35.776,-0.6719,0.305492
2014,1,15,35.7656,-0.724,0.305492
2014,1,15,35.7448,-0.974,0.305492
2014,1,15,37.2448,0.6406,0.305492
2014,1,15,37.224,0.776,0.305492
2014,1,15,37.099,0.7552,0.305492
2014,1,15,36.974,-0.0052,0.305492
2014,1,15,36.9635,-0.0365,0.305492
2014,1,15,36.9323,-0.0365,0.305492
2014,1,15,36.8281,-0.2031,0.305492
2014,1,15,36.7969,-0.224,0.305492
2014,1,15,36.7656,-0.4948,0.305492
2014,1,15,36.7448,-0.2344,0.305492
2014,1,15,36.7135,-0.5365,0.305492
2014,1,15,36.7135,-0.3698,0.305492
2014,1,15,36.6823,-0.3073,0.305492
2014,1,15,36.6719,-0.276,0.305492
2014,1,15,36.651,-0.2969,0.305492
2014,1,15,36.6302,-0.2656,0.305492
2014,1,15,36.6302,0.8281,0.305492
2014,1,15,36.5885,-0.3594,0.305492
2014,1,15,36.5885,-0.2969,0.305492
2014,1,15,36.5677,-0.3906,0.305492
2014,1,15,36.5573,-0.3802,0.305492
2014,1,15,36.5052,-0.6406,0.305492
2014,1,15,36.4844,0.8906,0.305492
2014,1,15,36.3698,0.6198,0.305492
2014,1,15,36.3594,0.599,0.305492
2014,1,15,36.349,-0.5469,0.305492
2014,1,15,36.349,-0.5052,0.305492
2014,1,15,36.3385,-0.5677,0.305492
2014,1,15,36.3385,-0.5573,0.305492
2014,1,15,36.3385,-0.5469,0.305492
2014,1,15,36.3385,-0.526,0.305492
2014,1,15,36.3385,-0.4948,0.305492
2014,1,15,36.3385,-0.4844,0.305492
2014,1,15,36.3385,-0.4427,0.305492
2014,1,15,36.3385,-0.4115,0.305492
2014,1,15,36.3281,-0.5781,0.305492
2014,1,15,36.3281,-0.4844,0.305492
2014,1,15,36.3281,-0.4531,0.305492
2014,1,15,36.3177,-0.6615,0.305492
2014,1,15,36.3177,-0.4635,0.305492
2014,1,15,36.3177,-0.4323,0.305492
2014,1,15,36.2969,-0.401,0.305492
2014,1,15,36.2656,0.2656,0.305492
2014,1,15,36.2552,-0.3802,0.305492
2014,1,15,36.2448,-0.3698,0.305492
2014,1,15,36.2344,-0.3698,0.305492
2014,1,15,36.2135,-0.3802,0.305492
2014,1,15,36.2031,0.2031,0.305492
2014,1,15,36.1823,-0.5365,0.305492
2014,1,15,36.1823,-0.349,0.305492
2014,1,15,36.1823,-0.3385,0.305492
2014,1,15,36.1719,-0.5156,0.305492
2014,1,15,36.1615,-0.6198,0.305492
2014,1,15,36.1615,-0.6094,0.305492
2014,1,15,36.1615,-0.3281,0.305492
2014,1,15,36.151,-0.6198,0.305492
2014,1,15,36.151,0.151,0.305492
2014,1,15,36.1406,-0.6198,0.305492
2014,1,15,36.1406,-0.6094,0.305492
2014,1,15,36.1406,-0.5885,0.305492
2014,1,15,36.1406,-0.5677,0.305492
2014,1,15,36.1406,0.1406,0.305492
2014,1,15,36.1302,-0.5781,0.305492
2014,1,15,36.1302,-0.5365,0.305492
2014,1,15,36.1302,-0.5156,0.305492
2014,1,15,36.1302,-0.3281,0.305492
2014,1,15,36.1198,-0.3802,0.305492
2014,1,15,36.1198,0.1094,0.305492
2014,1,15,36.1094,-0.599,0.305492
2014,1,15,36.1094,-0.5573,0.305492
2014,1,15,36.1094,-0.474,0.305492
2014,1,15,36.1094,-0.4323,0.305492
2014,1,15,36.1094,-0.4219,0.305492
2014,1,15,36.1094,-0.4115,0.305492
2014,1,15,36.1094,0.099,0.305492
2014,1,15,36.099,-0.5365,0.305492
2014,1,15,36.099,-0.4948,0.305492
2014,1,15,36.099,-0.4531,0.305492
2014,1,15,36.099,-0.4323,0.305492
2014,1,15,36.099,-0.4219,0.305492
2014,1,15,36.099,-0.3594,0.305492
2014,1,15,36.099,-0.3281,0.305492
2014,1,15,36.099,0.0156,0.305492
2014,1,15,36.099,0.0365,0.305492
2014,1,15,36.0885,-0.5781,0.305492
2014,1,15,36.0885,-0.5156,0.305492
2014,1,15,36.0885,-0.4635,0.305492
2014,1,15,36.0885,-0.4323,0.305492
2014,1,15,36.0885,-0.4115,0.305492
2014,1,15,36.0885,-0.3281,0.305492
2014,1,15,36.0885,-0.3177,0.305492
2014,1,15,36.0885,-0.2969,0.305492
2014,1,15,36.0885,0.0677,0.305492
2014,1,15,36.0885,0.0781,0.305492
2014,1,15,36.0781,-0.6302,0.305492
2014,1,15,36.0781,-0.5677,0.305492
2014,1,15,36.0781,-0.5052,0.305492
2014,1,15,36.0781,-0.4948,0.305492
2014,1,15,36.0781,-0.4635,0.305492
2014,1,15,36.0781,-0.3698,0.305492
2014,1,15,36.0781,-0.3281,0.305492
2014,1,15,36.0781,-0.2969,0.305492
2014,1,15,36.0781,0.0469,0.305492
2014,1,15,36.0781,0.0677,0.305492
2014,1,15,36.0677,-0.5573,0.305492
2014,1,15,36.0677,-0.4948,0.305492
2014,1,15,36.0677,-0.4531,0.305492
2014,1,15,36.0677,-0.4219,0.305492
2014,1,15,36.0677,-0.401,0.305492
2014,1,15,36.0677,-0.3802,0.305492
2014,1,15,36.0677,-0.026,0.305492
2014,1,15,36.0677,0.0052,0.305492
2014,1,15,36.0677,0.0156,0.305492
2014,1,15,36.0677,0.0365,0.305492
2014,1,15,36.0573,-0.6198,0.305492
2014,1,15,36.0573,-0.6094,0.305492
2014,1,15,36.0573,-0.5573,0.305492
2014,1,15,36.0573,-0.526,0.305492
2014,1,15,36.0573,-0.3906,0.305492
2014,1,15,36.0573,-0.3698,0.305492
2014,1,15,36.0573,-0.3281,0.305492
2014,1,15,36.0573,-0.0885,0.305492
2014,1,15,36.0573,-0.0677,0.305492
2014,1,15,36.0573,-0.0469,0.305492
2014,1,15,36.0573,0.0365,0.305492
2014,1,15,36.0573,0.0469,0.305492
2014,1,15,36.0469,-0.6198,0.305492
2014,1,15,36.0469,-0.599,0.305492
2014,1,15,36.0469,-0.5885,0.305492
2014,1,15,36.0469,-0.5781,0.305492
2014,1,15,36.0469,-0.3385,0.305492
2014,1,15,36.0469,-0.2031,0.305492
2014,1,15,36.0469,-0.1719,0.305492
2014,1,15,36.0365,-0.6406,0.305492
2014,1,15,36.0365,-0.5885,0.305492
2014,1,15,36.0365,-0.5781,0.305492
2014,1,15,36.0365,-0.5677,0.305492
2014,1,15,36.0365,-0.3385,0.305492
2014,1,15,36.0365,-0.2344,0.305492
2014,1,15,36.0365,0.0052,0.305492
2014,1,15,36.0365,0.0365,0.305492
2014,1,15,36.026,-0.6302,0.305492
2014,1,15,36.026,-0.599,0.305492
2014,1,15,36.026,-0.2552,0.305492
2014,1,15,36.026,0.0156,0.305492
2014,1,15,36.026,0.026,0.305492
2014,1,15,36.0156,-0.6615,0.305492
2014,1,15,36.0156,-0.651,0.305492
2014,1,15,36.0156,-0.6198,0.305492
2014,1,15,36.0156,-0.599,0.305492
2014,1,15,36.0156,-0.4427,0.305492
2014,1,15,36.0156,0.0052,0.305492
2014,1,15,36.0156,0.0156,0.305492
2014,1,15,36.0052,-0.651,0.305492
2014,1,15,36.0052,-0.4635,0.305492
2014,1,15,36.0052,-0.3802,0.305492
2014,1,15,36.0052,-0.3698,0.305492
2014,1,15,36.0052,-0.3385,0.305492
2014,1,15,36.0052,0.0052,0.305492
2014,1,15,36.0052,0.0156,0.305492
2014,1,15,36.0052,0.026,0.305492
2014,1,15,35.9948,-0.6406,0.305492
2014,1,15,35.9948,-0.4323,0.305492
2014,1,15,35.9948,-0.3281,0.305492
2014,1,15,35.9948,-0.2969,0.305492
2014,1,15,35.9948,-0.276,0.305492
2014,1,15,35.9948,-0.0156,0.305492
2014,1,15,35.9948,0.0052,0.305492
2014,1,15,35.9844,-0.6302,0.305492
2014,1,15,35.9844,-0.349,0.305492
2014,1,15,35.9844,-0.3385,0.305492
2014,1,15,35.974,-0.6615,0.305492
2014,1,15,35.974,-0.651,0.305492
2014,1,15,35.974,-0.6406,0.305492
2014,1,15,35.974,-0.5781,0.305492
2014,1,15,35.974,-0.5052,0.305492
2014,1,15,35.974,-0.4219,0.305492
2014,1,15,35.974,-0.2448,0.305492
2014,1,15,35.974,-0.1927,0.305492
2014,1,15,35.974,-0.1615,0.305492
2014,1,15,35.974,-0.1198,0.305492
2014,1,15,35.974,0.0052,0.305492
2014,1,15,35.9635,-0.651,0.305492
2014,1,15,35.9635,-0.5052,0.305492
2014,1,15,35.9635,-0.4323,0.305492
2014,1,15,35.9635,-0.4115,0.305492
2014,1,15,35.9635,-0.3698,0.305492
2014,1,15,35.9635,-0.2865,0.305492
2014,1,15,35.9635,-0.276,0.305492
2014,1,15,35.9635,-0.2656,0.305492
2014,1,15,35.9635,-0.1094,0.305492
2014,1,15,35.9531,-0.5469,0.305492
2014,1,15,35.9531,-0.5365,0.305492
2014,1,15,35.9531,-0.5052,0.305492
2014,1,15,35.9531,-0.3073,0.305492
2014,1,15,35.9531,-0.2969,0.305492
2014,1,15,35.9427,-0.6198,0.305492
2014,1,15,35.9427,-0.6094,0.305492
2014,1,15,35.9427,-0.526,0.305492
2014,1,15,35.9427,-0.4948,0.305492
2014,1,15,35.9427,-0.3281,0.305492
2014,1,15,35.9427,-0.3177,0.305492
2014,1,15,35.9427,-0.0156,0.305492
2014,1,15,35.9323,-0.526,0.305492
2014,1,15,35.9323,-0.099,0.305492
2014,1,15,35.9219,-0.4115,0.305492
2014,1,15,35.9219,-0.0885,0.305492
2014,1,15,35.901,-0.0781,0.305492
2014,1,15,35.8698,-0.2031,0.305492
2014,1,15,35.776,-0.6615,0.305492
2014,1,17,36.2135,-0.974,0.305492
2014,1,17,37.2031,0.6094,0.305492
2014,1,17,37.1927,0.5885,0.305492
2014,1,17,36.8802,-0.2344,0.305492
2014,1,17,36.7135,-0.5156,0.305492
2014,1,17,36.7031,-0.5156,0.305492
2014,1,17,36.6719,-0.526,0.305492
2014,1,18,36.6823,-0.7448,0.305492
2014,1,18,36.6406,-0.6927,0.305492
2014,1,18,36.6302,-0.6823,0.305492
2014,1,18,36.6302,-0.6719,0.305492
2014,1,18,36.6198,-0.6823,0.305492
2014,1,18,36.6094,-0.6719,0.305492
2014,1,18,36.5156,-0.7135,0.305492
2014,1,18,36.4531,-0.6719,0.305492
2014,1,18,36.3698,-0.6927,0.305492
2014,1,18,36.3594,-0.6823,0.305492
2014,1,18,36.349,-0.6927,0.305492
2014,1,18,36.3385,-0.6823,0.305492
2014,1,18,36.3281,-0.7865,0.305492
2014,1,18,36.3177,-0.9219,0.305492
2014,1,18,36.3177,-0.7865,0.305492
2014,1,18,36.2865,-0.8698,0.305492
2014,1,18,36.2448,-0.8594,0.305492
2014,1,18,36.2135,-0.724,0.305492
2014,1,18,36.2031,-0.7344,0.305492
2014,1,18,36.1927,-0.7656,0.305492
2014,1,18,36.1927,-0.7552,0.305492
2014,1,18,36.1927,-0.7448,0.305492
2014,1,18,36.1823,-0.776,0.305492
2014,1,18,36.1823,-0.7031,0.305492
2014,1,18,36.1719,-0.7865,0.305492
2014,1,18,36.151,-0.6823,0.305492
2014,1,18,36.151,-0.6719,0.305492
2014,1,18,36.1406,-0.7552,0.305492
2014,1,18,36.1406,-0.7031,0.305492
2014,1,18,36.1406,-0.6927,0.305492
2014,1,18,36.1302,-0.7656,0.305492
2014,1,18,36.1302,-0.7448,0.305492
2014,1,18,36.1302,-0.7135,0.305492
2014,1,18,36.1302,-0.6927,0.305492
2014,1,18,36.1198,-0.7969,0.305492
2014,1,18,36.1198,-0.7865,0.305492
2014,1,18,36.1198,-0.7656,0.305492
2014,1,18,36.1094,-0.7969,0.305492
2014,1,18,36.1094,-0.7865,0.305492
2014,1,18,36.1094,-0.7344,0.305492
2014,1,18,36.1094,-0.6719,0.305492
2014,1,18,36.099,-0.7969,0.305492
2014,1,18,36.099,-0.7135,0.305492
2014,1,18,36.0885,-0.9427,0.305492
2014,1,18,36.0885,-0.9323,0.305492
2014,1,18,36.0885,-0.9219,0.305492
2014,1,18,36.0885,-0.7656,0.305492
2014,1,18,36.0885,-0.7448,0.305492
2014,1,18,36.0781,-0.901,0.305492
2014,1,18,36.0781,-0.8906,0.305492
2014,1,18,36.0781,-0.7448,0.305492
2014,1,18,36.0781,-0.7344,0.305492
2014,1,18,36.0781,-0.724,0.305492
2014,1,18,36.0781,-0.7135,0.305492
2014,1,18,36.0677,-0.9844,0.305492
2014,1,18,36.0677,-0.9219,0.305492
2014,1,18,36.0677,-0.9115,0.305492
2014,1,18,36.0677,-0.901,0.305492
2014,1,18,36.0677,-0.7552,0.305492
2014,1,18,36.0677,-0.7448,0.305492
2014,1,18,36.0677,-0.7135,0.305492
2014,1,18,36.0573,-0.9323,0.305492
2014,1,18,36.0573,-0.7656,0.305492
2014,1,18,36.0573,-0.7448,0.305492
2014,1,18,36.0573,-0.7344,0.305492
2014,1,18,36.0573,-0.6927,0.305492
2014,1,18,36.0469,-0.9115,0.305492
2014,1,18,36.0469,-0.901,0.305492
2014,1,18,36.0469,-0.8385,0.305492
2014,1,18,36.0469,-0.7656,0.305492
2014,1,18,36.0469,-0.7448,0.305492
2014,1,18,36.0365,-0.9219,0.305492
2014,1,18,36.0365,-0.9115,0.305492
2014,1,18,36.0365,-0.8906,0.305492
2014,1,18,36.0365,-0.8073,0.305492
2014,1,18,36.0365,-0.776,0.305492
2014,1,18,36.0365,-0.7448,0.305492
2014,1,18,36.0365,-0.7344,0.305492
2014,1,18,36.026,-0.9427,0.305492
2014,1,18,36.026,-0.9323,0.305492
2014,1,18,36.026,-0.9115,0.305492
2014,1,18,36.026,-0.901,0.305492
2014,1,18,36.026,-0.8698,0.305492
2014,1,18,36.026,-0.7969,0.305492
2014,1,18,36.026,-0.7552,0.305492
2014,1,18,36.026,-0.7344,0.305492
2014,1,18,36.0156,-0.9531,0.305492
2014,1,18,36.0156,-0.9427,0.305492
2014,1,18,36.0156,-0.8073,0.305492
2014,1,18,36.0156,-0.6719,0.305492
2014,1,18,36.0052,-0.9635,0.305492
2014,1,18,36.0052,-0.8906,0.305492
2014,1,18,36.0052,-0.849,0.305492
2014,1,18,36.0052,-0.8281,0.305492
2014,1,18,36.0052,-0.6927,0.305492
2014,1,18,36.0052,-0.6719,0.305492
2014,1,18,35.9948,-0.8385,0.305492
2014,1,18,35.9948,-0.8281,0.305492
2014,1,18,35.9844,-0.9115,0.305492
2014,1,18,35.9844,-0.901,0.305492
2014,1,18,35.9844,-0.849,0.305492
2014,1,18,35.9844,-0.7865,0.305492
2014,1,18,35.974,-0.9948,0.305492
2014,1,18,35.974,-0.9323,0.305492
2014,1,18,35.974,-0.849,0.305492
2014,1,18,35.974,-0.8281,0.305492
2014,1,18,35.9635,-0.9531,0.305492
2014,1,18,35.9635,-0.9427,0.305492
2014,1,18,35.9531,-0.9948,0.305492
2014,1,18,35.9531,-0.8594,0.305492
2014,1,18,35.9427,-0.9948,0.305492
2014,1,18,35.9427,-0.9844,0.305492
2014,1,18,35.9427,-0.9635,0.305492
2014,1,18,35.9427,-0.9531,0.305492
2014,1,18,35.9427,-0.9427,0.305492
2014,1,18,35.9323,-0.9531,0.305492
2014,1,18,35.9323,-0.8698,0.305492
2014,1,18,35.9219,-0.9427,0.305492
2014,1,18,35.8698,-0.7552,0.305492
2014,1,18,35.8698,-0.724,0.305492
2014,1,18,35.8594,-0.7031,0.305492
2014,1,18,35.849,-0.7031,0.305492
2014,1,18,35.849,-0.6927,0.305492
2014,1,18,35.8177,-0.7135,0.305492
2014,1,18,35.7969,-0.7031,0.305492
2014,1,18,35.7969,-0.6927,0.305492
2014,1,18,35.7865,-0.7031,0.305492
2014,1,18,35.776,-0.7135,0.305492
2014,1,18,35.776,-0.7031,0.305492
2014,1,18,35.776,-0.6719,0.305492
2014,1,18,35.7656,-0.8594,0.305492
2014,1,18,35.7656,-0.849,0.305492
2014,1,18,35.7448,-0.9635,0.305492
2014,1,18,36.7969,-0.4844,0.305492
2014,1,18,36.7969,-0.474,0.305492
2014,1,18,36.7969,-0.3698,0.305492
2014,1,18,36.7969,-0.349,0.305492
2014,1,18,36.7969,-0.3385,0.305492
2014,1,18,36.7865,-0.5156,0.305492
2014,1,18,36.7865,-0.4948,0.305492
2014,1,18,36.7865,-0.4844,0.305492
2014,1,18,36.7865,-0.4635,0.305492
2014,1,18,36.7865,-0.3594,0.305492
2014,1,18,36.7865,-0.3385,0.305492
2014,1,18,36.776,-0.5365,0.305492
2014,1,18,36.776,-0.526,0.305492
2014,1,18,36.776,-0.5156,0.305492
2014,1,18,36.776,-0.5052,0.305492
2014,1,18,36.776,-0.3385,0.305492
2014,1,18,36.7656,-0.5573,0.305492
2014,1,18,36.7656,-0.5469,0.305492
2014,1,18,36.7656,-0.526,0.305492
2014,1,18,36.7656,-0.5156,0.305492
2014,1,18,36.7656,-0.4948,0.305492
2014,1,18,36.7552,-0.5365,0.305492
2014,1,18,36.7448,-0.5885,0.305492
2014,1,18,36.7448,-0.2552,0.305492
2014,1,18,36.7344,-0.599,0.305492
2014,1,18,36.7344,-0.5885,0.305492
2014,1,18,36.7344,-0.2448,0.305492
2014,1,18,36.724,-0.3906,0.305492
2014,1,18,36.724,-0.2552,0.305492
2014,1,18,36.724,-0.2448,0.305492
2014,1,18,36.724,-0.2344,0.305492
2014,1,18,36.724,-0.2135,0.305492
2014,1,18,36.7135,-0.2448,0.305492
2014,1,18,36.7135,-0.1302,0.305492
2014,1,18,36.7135,-0.1198,0.305492
2014,1,18,36.7031,-0.5781,0.305492
2014,1,18,36.7031,-0.2344,0.305492
2014,1,18,36.7031,-0.224,0.305492
2014,1,18,36.7031,-0.1615,0.305492
2014,1,18,36.6927,-0.5781,0.305492
2014,1,18,36.6927,-0.401,0.305492
2014,1,18,36.6927,-0.2656,0.305492
2014,1,18,36.6927,-0.2448,0.305492
2014,1,18,36.6927,-0.2344,0.305492
2014,1,18,36.6927,-0.224,0.305492
2014,1,18,36.6823,-0.2448,0.305492
2014,1,18,36.6823,-0.2344,0.305492
2014,1,18,36.6823,-0.1615,0.305492
2014,1,18,36.6719,-0.2448,0.305492
2014,1,18,36.6719,-0.2344,0.305492
2014,1,18,36.6719,-0.1927,0.305492
2014,1,18,36.6719,-0.1823,0.305492
2014,1,18,36.6719,-0.1406,0.305492
2014,1,18,36.6615,-0.5781,0.305492
2014,1,18,36.6615,-0.2448,0.305492
2014,1,18,36.6615,-0.2135,0.305492
2014,1,18,36.6615,-0.1823,0.305492
2014,1,18,36.6615,-0.1406,0.305492
2014,1,18,36.651,-0.2552,0.305492
2014,1,18,36.6406,-0.2552,0.305492
2014,1,18,36.6406,-0.2448,0.305492
2014,1,18,36.6406,-0.2344,0.305492
2014,1,18,36.599,-0.5469,0.305492
2014,1,18,36.599,-0.2135,0.305492
2014,1,18,36.5781,-0.2656,0.305492
2014,1,18,36.5781,-0.224,0.305492
2014,1,18,36.5677,-0.2656,0.305492
2014,1,18,36.5573,-0.3073,0.305492
2014,1,18,36.5573,-0.276,0.305492
2014,1,18,36.5573,-0.151,0.305492
2014,1,18,36.5469,-0.2865,0.305492
2014,1,18,36.5469,-0.151,0.305492
2014,1,18,36.474,-0.4219,0.305492
2014,1,18,36.474,-0.3802,0.305492
2014,1,18,36.4531,-0.6615,0.305492
2014,1,18,36.4323,-0.6302,0.305492
2014,1,18,36.4323,-0.5885,0.305492
2014,1,18,36.4219,-0.5156,0.305492
2014,1,18,36.3906,-0.599,0.305492
2014,1,18,36.3802,-0.6198,0.305492
2014,1,18,36.349,-0.0677,0.305492
2014,1,18,36.349,-0.0573,0.305492
2014,1,18,36.3385,-0.0677,0.305492
2014,1,18,36.3385,-0.026,0.305492
2014,1,18,36.3385,-0.0156,0.305492
2014,1,18,36.3385,-0.0052,0.305492
2014,1,18,36.3385,0.0052,0.305492
2014,1,18,36.3177,-0.0781,0.305492
2014,1,18,36.3073,0.0156,0.305492
2014,1,18,36.3073,0.224,0.305492
2014,1,18,36.2969,0.0573,0.305492
2014,1,18,36.2969,0.1927,0.305492
2014,1,18,36.2865,-0.2135,0.305492
2014,1,18,36.2865,-0.099,0.305492
2014,1,18,36.2865,0.2448,0.305492
2014,1,18,36.276,-0.1927,0.305492
2014,1,18,36.276,0.1927,0.305492
2014,1,18,36.2448,-0.3281,0.305492
2014,1,18,36.2344,0.0365,0.305492
2014,1,18,36.2344,0.2344,0.305492
2014,1,18,36.224,-0.3802,0.305492
2014,1,18,36.224,-0.2865,0.305492
2014,1,18,36.224,-0.1615,0.305492
2014,1,18,36.224,-0.1198,0.305492
2014,1,18,36.2135,-0.4844,0.305492
2014,1,18,36.2135,0.0156,0.305492
2014,1,18,36.2031,-0.5885,0.305492
2014,1,18,36.2031,-0.2031,0.305492
2014,1,18,36.2031,-0.151,0.305492
2014,1,18,36.2031,-0.1406,0.305492
2014,1,18,36.1927,-0.5885,0.305492
2014,1,18,36.1927,-0.5677,0.305492
2014,1,18,36.1927,-0.5052,0.305492
2014,1,18,36.1927,-0.2448,0.305492
2014,1,18,36.1927,-0.2344,0.305492
2014,1,18,36.1927,-0.099,0.305492
2014,1,18,36.1823,-0.1927,0.305492
2014,1,18,36.1823,-0.1302,0.305492
2014,1,18,36.1823,-0.1094,0.305492
2014,1,18,36.1823,-0.0885,0.305492
2014,1,18,36.1823,-0.0573,0.305492
2014,1,18,36.1719,-0.276,0.305492
2014,1,18,36.1719,-0.2656,0.305492
2014,1,18,36.1719,-0.0885,0.305492
2014,1,18,36.1719,-0.0677,0.305492
2014,1,18,36.1719,-0.0469,0.305492
2014,1,18,36.1615,-0.6302,0.305492
2014,1,18,36.1615,-0.6198,0.305492
2014,1,18,36.1615,-0.6094,0.305492
2014,1,18,36.1615,-0.599,0.305492
2014,1,18,36.1615,-0.5781,0.305492
2014,1,18,36.1615,-0.2969,0.305492
2014,1,18,36.1615,-0.2865,0.305492
2014,1,18,36.1615,-0.1719,0.305492
2014,1,18,36.1615,-0.099,0.305492
2014,1,18,36.1615,-0.0677,0.305492
2014,1,18,36.151,-0.6615,0.305492
2014,1,18,36.151,-0.651,0.305492
2014,1,18,36.151,-0.1406,0.305492
2014,1,18,36.151,-0.0052,0.305492
2014,1,18,36.151,0.0052,0.305492
2014,1,18,36.151,0.0156,0.305492
2014,1,18,36.1406,-0.599,0.305492
2014,1,18,36.1406,-0.3698,0.305492
2014,1,18,36.1302,-0.651,0.305492
2014,1,18,36.1302,-0.6406,0.305492
2014,1,18,36.1302,-0.6302,0.305492
2014,1,18,36.1302,-0.4323,0.305492
2014,1,18,36.1302,-0.4219,0.305492
2014,1,18,36.1302,-0.0677,0.305492
2014,1,18,36.1198,-0.6615,0.305492
2014,1,18,36.1198,-0.4427,0.305492
2014,1,18,36.1198,-0.0781,0.305492
2014,1,18,36.1094,-0.6615,0.305492
2014,1,18,36.1094,-0.651,0.305492
2014,1,18,36.099,-0.651,0.305492
2014,1,18,36.0781,-0.4948,0.305492
2014,1,18,36.0677,-0.526,0.305492
2014,1,18,36.0573,-0.6094,0.305492
2014,1,18,36.026,-0.6302,0.305492
2014,1,18,36.0156,-0.1615,0.305492
2014,1,18,36.0052,-0.1615,0.305492
2014,1,18,36.0052,-0.1406,0.305492
2014,1,18,35.9948,-0.4844,0.305492
2014,1,18,35.9948,-0.474,0.305492
2014,1,18,35.9948,-0.2031,0.305492
2014,1,18,35.9948,-0.1823,0.305492
2014,1,18,35.9948,-0.1719,0.305492
2014,1,18,35.9948,-0.1406,0.305492
2014,1,18,35.9844,-0.1823,0.305492
2014,1,18,35.9844,-0.1615,0.305492
2014,1,18,35.9844,-0.1406,0.305492
2014,1,18,35.9844,-0.1302,0.305492
2014,1,18,35.9635,-0.5781,0.305492
2014,1,18,35.9635,-0.1823,0.305492
2014,1,18,35.9427,-0.4531,0.305492
2014,1,18,35.9115,-0.4427,0.305492
2014,1,18,35.7865,-0.5469,0.305492
2014,1,18,35.7552,-0.6406,0.305492
2014,1,20,36.2135,-0.8281,0.305492
2014,1,20,36.2135,-0.8177,0.305492
2014,1,20,36.2031,-0.8698,0.305492
2014,1,20,36.1823,-0.6719,0.305492
2014,1,20,36.1719,-0.8385,0.305492
2014,1,20,36.026,-0.8802,0.305492
2014,1,20,36.0156,-0.974,0.305492
2014,1,20,36.0156,-0.9427,0.305492
2014,1,20,36.0052,-0.8281,0.305492
2014,1,20,35.9844,-0.7865,0.305492
2014,1,20,35.974,-0.8281,0.305492
2014,1,20,35.9635,-0.8906,0.305492
2014,1,20,35.9635,-0.7344,0.305492
2014,1,20,35.9531,-0.9427,0.305492
2014,1,20,35.9115,-0.901,0.305492
2014,1,20,35.9115,-0.8906,0.305492
2014,1,20,35.9115,-0.7344,0.305492
2014,1,20,35.849,-0.6719,0.305492
2014,1,20,35.8385,-0.6719,0.305492
2014,1,20,35.8281,-0.6719,0.305492
2014,1,20,35.8177,-0.8802,0.305492
2014,1,20,37.2448,0.7969,0.305492
2014,1,20,37.1406,0.9635,0.305492
2014,1,20,37.0781,0.8385,0.305492
2014,1,20,37.0469,0.9844,0.305492
2014,1,20,36.9948,0.4635,0.305492
2014,1,20,36.9531,0.6094,0.305492
2014,1,20,36.9531,0.8281,0.305492
2014,1,20,36.6719,0.8906,0.305492
2014,1,20,36.6406,0.974,0.305492
2014,1,20,36.6406,0.9948,0.305492
2014,1,20,36.6302,0.974,0.305492
2014,1,20,36.6198,0.9531,0.305492
2014,1,20,36.599,0.9635,0.305492
2014,1,20,36.5677,0.7865,0.305492
2014,1,20,36.5677,0.7969,0.305492
2014,1,20,36.5573,0.474,0.305492
2014,1,20,36.5573,0.4844,0.305492
2014,1,20,36.5573,0.4948,0.305492
2014,1,20,36.5573,0.8281,0.305492
2014,1,20,36.5573,0.8594,0.305492
2014,1,20,36.5573,0.8698,0.305492
2014,1,20,36.5469,0.4219,0.305492
2014,1,20,36.5469,0.4427,0.305492
2014,1,20,36.5469,0.4531,0.305492
2014,1,20,36.5469,0.6823,0.305492
2014,1,20,36.5469,0.7135,0.305492
2014,1,20,36.5469,0.849,0.305492
2014,1,20,36.5365,0.4427,0.305492
2014,1,20,36.5365,0.8802,0.305492
2014,1,20,36.5365,0.901,0.305492
2014,1,20,36.5156,-0.0365,0.305492
2014,1,20,36.5156,0.151,0.305492
2014,1,20,36.5156,0.2135,0.305492
2014,1,20,36.5156,0.5885,0.305492
2014,1,20,36.5052,0.1094,0.305492
2014,1,20,36.4844,-0.0156,0.305492
2014,1,20,36.4635,-0.099,0.305492
2014,1,20,36.4635,-0.0677,0.305492
2014,1,20,36.4531,-0.1094,0.305492
2014,1,20,36.4427,-0.0781,0.305492
2014,1,20,36.4219,0.1719,0.305492
2014,1,20,36.4115,-0.2865,0.305492
2014,1,20,36.4115,-0.224,0.305492
2014,1,20,36.401,-0.2865,0.305492
2014,1,20,36.349,-0.401,0.305492
2014,1,20,36.3177,-0.4635,0.305492
2014,1,20,36.224,-0.5365,0.305492
2014,1,20,36.2135,-0.4323,0.305492
2014,1,20,36.2135,-0.4115,0.305492
2014,1,20,36.2135,-0.401,0.305492
2014,1,20,36.2031,-0.4635,0.305492
2014,1,20,36.1927,-0.599,0.305492
2014,1,20,36.1927,-0.4219,0.305492
2014,1,20,36.1927,-0.3281,0.305492
2014,1,20,36.1927,-0.224,0.305492
2014,1,20,36.151,-0.4323,0.305492
2014,1,20,36.1198,-0.401,0.305492
2014,1,20,36.1094,-0.401,0.305492
2014,1,20,36.099,-0.4531,0.305492
2014,1,20,36.0885,-0.4219,0.305492
2014,1,20,36.0781,-0.5781,0.305492
2014,1,20,36.0781,-0.4948,0.305492
2014,1,20,36.0781,-0.3698,0.305492
2014,1,20,36.0781,-0.3594,0.305492
2014,1,20,36.0469,-0.0052,0.305492
2014,1,20,35.9635,-0.2031,0.305492
2014,1,21,36.5052,-0.8594,0.305492
2014,1,21,36.5052,-0.7969,0.305492
2014,1,21,36.4844,-0.8594,0.305492
2014,1,21,36.474,-0.7656,0.305492
2014,1,21,36.4427,-0.7031,0.305492
2014,1,21,36.4427,-0.6719,0.305492
2014,1,21,36.4323,-0.7031,0.305492
2014,1,21,36.4323,-0.6927,0.305492
2014,1,21,36.4323,-0.6823,0.305492
2014,1,21,36.4323,-0.6719,0.305492
2014,1,21,36.4219,-0.7031,0.305492
2014,1,21,36.4219,-0.6719,0.305492
2014,1,21,36.4115,-0.7031,0.305492
2014,1,21,36.4115,-0.6927,0.305492
2014,1,21,36.4115,-0.6823,0.305492
2014,1,21,36.4115,-0.6719,0.305492
2014,1,21,36.401,-0.849,0.305492
2014,1,21,36.401,-0.724,0.305492
2014,1,21,36.401,-0.7031,0.305492
2014,1,21,36.401,-0.6719,0.305492
2014,1,21,36.349,-0.8906,0.305492
2014,1,21,36.3177,-0.9115,0.305492
2014,1,21,36.276,-0.9323,0.305492
2014,1,21,36.2552,-0.9323,0.305492
2014,1,21,36.2344,-0.9427,0.305492
2014,1,21,36.2344,-0.9323,0.305492
2014,1,21,36.2344,-0.9115,0.305492
2014,1,21,36.224,-0.9531,0.305492
2014,1,21,36.224,-0.9427,0.305492
2014,1,21,36.224,-0.9115,0.305492
2014,1,21,36.2135,-0.9531,0.305492
2014,1,21,36.2135,-0.9427,0.305492
2014,1,21,36.151,-0.9115,0.305492
2014,1,21,36.0677,-0.974,0.305492
2014,1,21,36.474,-0.6615,0.305492
2014,1,21,36.4635,-0.6615,0.305492
2014,1,21,36.4531,-0.6615,0.305492
2014,1,21,36.4427,-0.6615,0.305492
2014,1,23,36.5573,-0.776,0.305492
2014,1,23,36.5469,-0.7552,0.305492
2014,1,23,36.5365,-0.724,0.305492
2014,1,23,36.5365,-0.6823,0.305492
2014,1,23,36.5156,-0.7865,0.305492
2014,1,23,36.5156,-0.776,0.305492
2014,1,23,36.4948,-0.724,0.305492
2014,1,23,36.4844,-0.7031,0.305492
2014,1,23,36.474,-0.7135,0.305492
2014,1,23,36.474,-0.6927,0.305492
2014,1,23,36.4635,-0.6823,0.305492
2014,1,23,36.4531,-0.6823,0.305492
2014,1,23,36.4531,-0.6719,0.305492
2014,1,23,36.4323,-0.6823,0.305492
2014,1,23,36.4219,-0.6719,0.305492
2014,1,23,36.4115,-0.6719,0.305492
2014,1,23,36.401,-0.6823,0.305492
2014,1,23,36.3698,-0.7656,0.305492
2014,1,23,36.3698,-0.7448,0.305492
2014,1,23,36.3698,-0.7344,0.305492
2014,1,23,36.3594,-0.7448,0.305492
2014,1,23,36.3385,-0.6927,0.305492
2014,1,23,36.3281,-0.7031,0.305492
2014,1,23,36.3281,-0.6927,0.305492
2014,1,23,36.3177,-0.7135,0.305492
2014,1,23,36.3177,-0.7031,0.305492
2014,1,23,36.3177,-0.6927,0.305492
2014,1,23,36.3073,-0.7031,0.305492
2014,1,23,36.3073,-0.6927,0.305492
2014,1,23,36.2969,-0.6927,0.305492
2014,1,23,36.2865,-0.6927,0.305492
2014,1,23,36.276,-0.6823,0.305492
2014,1,23,36.276,-0.6719,0.305492
2014,1,23,36.2656,-0.6927,0.305492
2014,1,23,36.2552,-0.7448,0.305492
2014,1,23,36.2552,-0.7135,0.305492
2014,1,23,36.2552,-0.6927,0.305492
2014,1,23,36.2448,-0.7031,0.305492
2014,1,23,36.2448,-0.6927,0.305492
2014,1,23,36.2448,-0.6823,0.305492
2014,1,23,36.2344,-0.7031,0.305492
2014,1,23,36.2344,-0.6927,0.305492
2014,1,23,36.2344,-0.6823,0.305492
2014,1,23,36.224,-0.7344,0.305492
2014,1,23,36.224,-0.6823,0.305492
2014,1,23,36.2135,-0.7031,0.305492
2014,1,23,36.2135,-0.6927,0.305492
2014,1,23,36.2135,-0.6823,0.305492
2014,1,23,36.2135,-0.6719,0.305492
2014,1,23,36.2031,-0.6719,0.305492
2014,1,23,36.1927,-0.6927,0.305492
2014,1,23,37.099,0.2865,0.305492
2014,1,23,36.8698,-0.2031,0.305492
2014,1,23,36.7552,-0.3698,0.305492
2014,1,23,36.7344,-0.276,0.305492
2014,1,23,36.7344,-0.2552,0.305492
2014,1,23,36.724,-0.2552,0.305492
2014,1,23,36.7135,-0.2656,0.305492
2014,1,23,36.7135,-0.2448,0.305492
2014,1,23,36.526,-0.2135,0.305492
2014,1,23,36.526,-0.1823,0.305492
2014,1,23,36.4948,-0.2344,0.305492
2014,1,23,36.4219,-0.4948,0.305492
2014,1,23,36.3594,-0.4844,0.305492
2014,1,23,36.2031,-0.6615,0.305492
2014,1,24,37.0052,0.8073,0.305492
2014,1,24,36.9635,0.7448,0.305492
2014,1,24,36.8281,0.5781,0.305492
2014,1,24,36.7865,0.4531,0.305492
2014,1,24,36.776,0.4531,0.305492
2014,1,24,36.776,0.526,0.305492
2014,1,24,36.7552,0.4948,0.305492
2014,1,24,36.7135,0.4219,0.305492
2014,1,24,36.7031,0.401,0.305492
2014,1,24,35.974,-0.0156,0.305492
2014,1,24,35.9531,-0.0156,0.305492
2014,1,26,36.5885,-0.7969,0.305492
2014,1,26,36.5781,-0.8177,0.305492
2014,1,26,36.5781,-0.7969,0.305492
2014,1,26,36.5677,-0.8177,0.305492
2014,1,26,36.0573,-0.9635,0.305492
2014,1,26,36.0469,-0.9948,0.305492
2014,1,26,35.9115,-0.974,0.305492
2014,1,26,35.901,-0.974,0.305492
2014,1,26,37.0885,0.9635,0.305492
2014,1,26,36.974,0.7135,0.305492
2014,1,26,36.974,0.7448,0.305492
2014,1,26,36.9115,0.9948,0.305492
2014,1,26,36.7656,0.4427,0.305492
2014,1,26,36.7448,0.349,0.305492
2014,1,26,36.7448,0.4531,0.305492
2014,1,26,36.724,0.4219,0.305492
2014,1,26,36.7135,0.3802,0.305492
2014,1,26,36.7031,0.3906,0.305492
2014,1,26,36.6927,0.349,0.305492
2014,1,26,36.6927,0.3594,0.305492
2014,1,26,36.651,0.3385,0.305492
2014,1,26,36.651,0.3594,0.305492
2014,1,26,36.6406,0.3385,0.305492
2014,1,26,36.6094,0.3802,0.305492
2014,1,26,36.599,0.276,0.305492
2014,1,26,36.5677,0.8802,0.305492
2014,1,26,36.5365,0.2656,0.305492
2014,1,26,36.526,0.2552,0.305492
2014,1,26,36.526,0.2656,0.305492
2014,1,26,36.526,0.974,0.305492
2014,1,26,36.5156,0.2552,0.305492
2014,1,26,36.5156,0.276,0.305492
2014,1,26,36.5156,0.9635,0.305492
2014,1,26,36.5156,0.974,0.305492
2014,1,26,36.5052,0.2344,0.305492
2014,1,26,36.5052,0.9427,0.305492
2014,1,26,36.4948,0.2031,0.305492
2014,1,26,36.4948,0.224,0.305492
2014,1,26,36.4948,0.2656,0.305492
2014,1,26,36.4844,0.2135,0.305492
2014,1,26,36.474,0.9219,0.305492
2014,1,26,36.4323,0.776,0.305492
2014,1,26,36.4323,0.7969,0.305492
2014,1,26,36.4323,0.8073,0.305492
2014,1,26,36.4115,0.7135,0.305492
2014,1,26,36.3698,-0.5677,0.305492
2014,1,26,36.2865,0.0885,0.305492
2014,1,26,36.2865,0.1094,0.305492
2014,1,26,36.2865,0.1719,0.305492
2014,1,26,36.276,0.0052,0.305492
2014,1,26,36.276,0.1094,0.305492
2014,1,26,36.276,0.1615,0.305492
2014,1,26,36.276,0.1719,0.305492
2014,1,26,36.276,0.2031,0.305492
2014,1,26,36.2656,0.1406,0.305492
2014,1,26,36.2656,0.2552,0.305492
2014,1,26,36.2552,0.0365,0.305492
2014,1,26,36.2552,0.1719,0.305492
2014,1,26,36.2552,0.2552,0.305492
2014,1,26,36.2552,0.2865,0.305492
2014,1,26,36.2448,-0.0156,0.305492
2014,1,26,36.2448,0.0156,0.305492
2014,1,26,36.2448,0.2135,0.305492
2014,1,26,36.2344,0.0052,0.305492
2014,1,26,36.2344,0.0469,0.305492
2014,1,26,36.2344,0.0573,0.305492
2014,1,26,36.2344,0.0885,0.305492
2014,1,26,36.2344,0.1094,0.305492
2014,1,26,36.2344,0.1198,0.305492
2014,1,26,36.2344,0.1302,0.305492
2014,1,26,36.224,-0.0052,0.305492
2014,1,26,36.224,0.0885,0.305492
2014,1,26,36.224,0.1302,0.305492
2014,1,26,36.224,0.1406,0.305492
2014,1,26,36.2135,-0.1094,0.305492
2014,1,26,36.2135,-0.026,0.305492
2014,1,26,36.2135,-0.0052,0.305492
2014,1,26,36.2135,0.0052,0.305492
2014,1,26,36.2135,0.0469,0.305492
2014,1,26,36.2135,0.0573,0.305492
2014,1,26,36.2135,0.0885,0.305492
2014,1,26,36.2135,0.1094,0.305492
2014,1,26,36.2031,-0.1094,0.305492
2014,1,26,36.2031,-0.0885,0.305492
2014,1,26,36.2031,-0.0573,0.305492
2014,1,26,36.2031,-0.026,0.305492
2014,1,26,36.2031,-0.0052,0.305492
2014,1,26,36.2031,0.0469,0.305492
2014,1,26,36.2031,0.1198,0.305492
2014,1,26,36.2031,0.1719,0.305492
2014,1,26,36.1927,-0.099,0.305492
2014,1,26,36.1927,-0.0781,0.305492
2014,1,26,36.1927,-0.0573,0.305492
2014,1,26,36.1927,-0.0156,0.305492
2014,1,26,36.1927,-0.0052,0.305492
2014,1,26,36.1927,0.0052,0.305492
2014,1,26,36.1927,0.0156,0.305492
2014,1,26,36.1927,0.026,0.305492
2014,1,26,36.1927,0.0365,0.305492
2014,1,26,36.1823,-0.151,0.305492
2014,1,26,36.1823,-0.1302,0.305492
2014,1,26,36.1823,-0.1198,0.305492
2014,1,26,36.1823,-0.1094,0.305492
2014,1,26,36.1823,-0.099,0.305492
2014,1,26,36.1823,-0.0781,0.305492
2014,1,26,36.1823,-0.0573,0.305492
2014,1,26,36.1823,0.0052,0.305492
2014,1,26,36.1823,0.1094,0.305492
2014,1,26,36.1823,0.151,0.305492
2014,1,26,36.1719,-0.099,0.305492
2014,1,26,36.1719,0.0885,0.305492
2014,1,26,36.1719,0.1406,0.305492
2014,1,26,36.1615,-0.0885,0.305492
2014,1,26,36.1615,0.1302,0.305492
2014,1,26,36.151,0.0469,0.305492
2014,1,26,36.151,0.0573,0.305492
2014,1,26,36.1406,-0.0885,0.305492
2014,1,26,36.1302,-0.3906,0.305492
2014,1,26,36.1302,-0.3073,0.305492
2014,1,26,36.1302,-0.2969,0.305492
2014,1,26,36.1302,-0.2865,0.305492
2014,1,26,36.1302,-0.276,0.305492
2014,1,26,36.1302,0.026,0.305492
2014,1,26,36.1198,-0.3073,0.305492
2014,1,26,36.1198,-0.2865,0.305492
2014,1,26,36.1198,-0.276,0.305492
2014,1,26,36.1198,-0.0781,0.305492
2014,1,26,36.1198,-0.0052,0.305492
2014,1,26,36.1198,0.0052,0.305492
2014,1,26,36.1198,0.0365,0.305492
2014,1,26,36.1198,0.0677,0.305492
2014,1,26,36.1094,-0.3177,0.305492
2014,1,26,36.1094,-0.276,0.305492
2014,1,26,36.1094,-0.0885,0.305492
2014,1,26,36.099,-0.2656,0.305492
2014,1,26,36.099,-0.2031,0.305492
2014,1,26,36.099,-0.1719,0.305492
2014,1,26,36.099,-0.1302,0.305492
2014,1,26,36.0885,-0.099,0.305492
2014,1,26,36.0781,-0.276,0.305492
2014,1,26,36.0781,-0.1927,0.305492
2014,1,26,36.0781,-0.1094,0.305492
2014,1,26,36.0781,-0.099,0.305492
2014,1,26,36.0677,-0.2031,0.305492
2014,1,26,36.0573,-0.2031,0.305492
2014,1,26,36.0469,-0.2969,0.305492
2014,1,26,36.0469,-0.2865,0.305492
2014,1,26,36.0365,-0.2969,0.305492
2014,1,26,36.0365,-0.2135,0.305492
2014,1,26,36.026,-0.3073,0.305492
2014,1,26,36.026,-0.276,0.305492
2014,1,26,36.026,-0.2656,0.305492
2014,1,26,36.026,-0.224,0.305492
2014,1,26,36.0156,-0.3177,0.305492
2014,1,26,36.0156,-0.2969,0.305492
2014,1,26,36.0052,-0.3906,0.305492
2014,1,26,36.0052,-0.3698,0.305492
2014,1,26,36.0052,-0.349,0.305492
2014,1,26,35.9844,-0.3906,0.305492
2014,1,27,36.1198,-0.901,0.305492
2014,1,27,36.0469,-0.724,0.305492
2014,1,27,36.026,-0.7448,0.305492
2014,1,27,36.0156,-0.7865,0.305492
2014,1,27,36.0156,-0.7552,0.305492
2014,1,27,35.9948,-0.7969,0.305492
2014,1,27,35.9948,-0.7344,0.305492
2014,1,27,35.9948,-0.724,0.305492
2014,1,27,35.9844,-0.7656,0.305492
2014,1,27,35.9844,-0.6927,0.305492
2014,1,27,35.974,-0.7865,0.305492
2014,1,27,35.974,-0.776,0.305492
2014,1,27,35.974,-0.7656,0.305492
2014,1,27,35.974,-0.6927,0.305492
2014,1,27,35.9635,-0.7344,0.305492
2014,1,27,35.9635,-0.6823,0.305492
2014,1,27,35.9635,-0.6719,0.305492
2014,1,27,35.9531,-0.8177,0.305492
2014,1,27,35.9531,-0.7448,0.305492
2014,1,27,35.9531,-0.724,0.305492
2014,1,27,35.9531,-0.7135,0.305492
2014,1,27,35.9531,-0.7031,0.305492
2014,1,27,35.9531,-0.6719,0.305492
2014,1,27,35.9427,-0.8177,0.305492
2014,1,27,35.9427,-0.7865,0.305492
2014,1,27,35.9427,-0.776,0.305492
2014,1,27,35.9427,-0.7656,0.305492
2014,1,27,35.9427,-0.7031,0.305492
2014,1,27,35.9323,-0.8177,0.305492
2014,1,27,35.9219,-0.8177,0.305492
2014,1,27,35.901,-0.6927,0.305492
2014,1,27,35.8906,-0.7448,0.305492
2014,1,27,35.8906,-0.6719,0.305492
2014,1,27,35.8802,-0.9115,0.305492
2014,1,27,35.8802,-0.7031,0.305492
2014,1,27,35.8698,-0.9323,0.305492
2014,1,27,35.8698,-0.8802,0.305492
2014,1,27,35.8698,-0.8698,0.305492
2014,1,27,35.8594,-0.9427,0.305492
2014,1,27,35.849,-0.9635,0.305492
2014,1,27,35.849,-0.9427,0.305492
2014,1,27,35.849,-0.9323,0.305492
2014,1,27,35.8385,-0.9948,0.305492
2014,1,27,35.8385,-0.9635,0.305492
2014,1,27,35.8385,-0.9323,0.305492
2014,1,27,35.8385,-0.9115,0.305492
2014,1,27,35.8281,-0.9844,0.305492
2014,1,27,35.8177,-0.9948,0.305492
2014,1,27,35.8177,-0.974,0.305492
2014,1,27,35.8177,-0.8906,0.305492
2014,1,27,35.7865,-0.9948,0.305492
2014,1,27,36.7865,0.9635,0.305492
2014,1,27,36.776,0.9427,0.305492
2014,1,27,36.776,0.9844,0.305492
2014,1,27,36.6927,0.7969,0.305492
2014,1,27,36.6823,0.8177,0.305492
2014,1,27,36.6719,0.8073,0.305492
2014,1,27,36.5365,0.6302,0.305492
2014,1,27,36.5156,0.5469,0.305492
2014,1,27,36.5156,0.5573,0.305492
2014,1,27,36.5156,0.5677,0.305492
2014,1,27,36.5156,0.5885,0.305492
2014,1,27,36.5156,0.599,0.305492
2014,1,27,36.5052,0.5781,0.305492
2014,1,27,36.4948,0.5469,0.305492
2014,1,27,36.4948,0.5573,0.305492
2014,1,27,36.4948,0.5677,0.305492
2014,1,27,36.4948,0.5781,0.305492
2014,1,27,36.4948,0.6094,0.305492
2014,1,27,36.4844,0.526,0.305492
2014,1,27,36.4844,0.5469,0.305492
2014,1,27,36.474,0.5573,0.305492
2014,1,27,36.474,0.5781,0.305492
2014,1,27,36.4635,0.5156,0.305492
2014,1,27,36.4635,0.5365,0.305492
2014,1,27,36.4531,0.5156,0.305492
2014,1,27,36.4427,0.4844,0.305492
2014,1,27,36.4427,0.4948,0.305492
2014,1,27,36.4427,0.5052,0.305492
2014,1,27,36.4323,0.3906,0.305492
2014,1,27,36.4219,0.3281,0.305492
2014,1,27,36.4219,0.4427,0.305492
2014,1,27,36.4219,0.4635,0.305492
2014,1,27,36.4115,0.1823,0.305492
2014,1,27,36.4115,0.3177,0.305492
2014,1,27,36.4115,0.5052,0.305492
2014,1,27,36.401,0.1927,0.305492
2014,1,27,36.401,0.4323,0.305492
2014,1,27,36.401,0.4427,0.305492
2014,1,27,36.401,0.474,0.305492
2014,1,27,36.401,0.5052,0.305492
2014,1,27,36.3906,0.0365,0.305492
2014,1,27,36.3906,0.0781,0.305492
2014,1,27,36.3906,0.4115,0.305492
2014,1,27,36.3906,0.4948,0.305492
2014,1,27,36.3906,0.5052,0.305492
2014,1,27,36.3802,-0.026,0.305492
2014,1,27,36.3802,0.0365,0.305492
2014,1,27,36.3802,0.0573,0.305492
2014,1,27,36.3802,0.0677,0.305492
2014,1,27,36.3802,0.2656,0.305492
2014,1,27,36.3802,0.4844,0.305492
2014,1,27,36.3802,0.5052,0.305492
2014,1,27,36.3698,-0.026,0.305492
2014,1,27,36.3698,0.0365,0.305492
2014,1,27,36.3698,0.0573,0.305492
2014,1,27,36.3698,0.4635,0.305492
2014,1,27,36.3698,0.474,0.305492
2014,1,27,36.3698,0.4948,0.305492
2014,1,27,36.3698,0.599,0.305492
2014,1,27,36.3594,0.0573,0.305492
2014,1,27,36.3594,0.0781,0.305492
2014,1,27,36.3594,0.1094,0.305492
2014,1,27,36.3594,0.2031,0.305492
2014,1,27,36.3594,0.2135,0.305492
2014,1,27,36.3594,0.2344,0.305492
2014,1,27,36.3594,0.5469,0.305492
2014,1,27,36.349,0.0885,0.305492
2014,1,27,36.349,0.1302,0.305492
2014,1,27,36.349,0.1406,0.305492
2014,1,27,36.349,0.224,0.305492
2014,1,27,36.349,0.4635,0.305492
2014,1,27,36.349,0.474,0.305492
2014,1,27,36.3385,0.4531,0.305492
2014,1,27,36.3177,0.4115,0.305492
2014,1,27,36.3177,0.4219,0.305492
2014,1,27,36.3073,0.401,0.305492
2014,1,27,36.2969,0.099,0.305492
2014,1,27,36.2969,0.1302,0.305492
2014,1,27,36.2969,0.151,0.305492
2014,1,27,36.2969,0.4219,0.305492
2014,1,27,36.2865,0.1094,0.305492
2014,1,27,36.2865,0.1406,0.305492
2014,1,27,36.276,0.0677,0.305492
2014,1,27,36.276,0.151,0.305492
2014,1,27,36.2656,0.151,0.305492
2014,1,27,36.2552,0.0469,0.305492
2014,1,27,36.224,0.099,0.305492
2014,1,27,36.224,0.2344,0.305492
2014,1,27,36.2031,0.0573,0.305492
2014,1,27,35.9948,-0.6302,0.305492
2014,1,27,35.9844,-0.6615,0.305492
2014,1,27,35.974,-0.6615,0.305492
2014,1,27,35.9635,-0.6406,0.305492
2014,1,27,35.9635,-0.5885,0.305492
2014,1,27,35.9531,-0.2865,0.305492
2014,1,27,35.9427,-0.651,0.305492
2014,1,27,35.9427,-0.6302,0.305492
2014,1,27,35.9323,-0.651,0.305492
2014,1,27,35.9323,-0.6198,0.305492
2014,1,27,35.9323,-0.599,0.305492
2014,1,27,35.9323,-0.349,0.305492
2014,1,27,35.9219,-0.6094,0.305492
2014,1,27,35.9115,-0.5885,0.305492
2014,1,27,35.8906,-0.6302,0.305492
2014,1,27,35.8802,-0.5885,0.305492
2014,1,27,35.8281,-0.599,0.305492
2014,1,27,35.776,-0.599,0.305492
2014,1,28,36.8177,0.9844,0.305492
2014,1,28,36.8073,0.9323,0.305492
2014,1,28,36.8073,0.9427,0.305492
2014,1,28,36.7969,0.8802,0.305492
2014,1,28,36.7969,0.8906,0.305492
2014,1,28,36.7969,0.9115,0.305492
2014,1,28,36.7865,0.8698,0.305492
2014,1,28,36.7865,0.8802,0.305492
2014,1,28,36.776,-0.474,0.305492
2014,1,28,36.776,-0.2344,0.305492
2014,1,28,36.7656,0.8594,0.305492
2014,1,28,36.7552,-0.3802,0.305492
2014,1,28,36.7552,-0.349,0.305492
2014,1,28,36.7552,0.8177,0.305492
2014,1,28,36.7448,-0.3906,0.305492
2014,1,28,36.7448,-0.3802,0.305492
2014,1,28,36.7448,-0.3594,0.305492
2014,1,28,36.7448,-0.349,0.305492
2014,1,28,36.7344,-0.349,0.305492
2014,1,28,36.7344,-0.3385,0.305492
2014,1,28,36.7135,0.776,0.305492
2014,1,28,36.7135,0.7865,0.305492
2014,1,28,36.7031,0.0365,0.305492
2014,1,28,36.7031,0.7448,0.305492
2014,1,28,36.6927,0.724,0.305492
2014,1,28,36.6823,0.6823,0.305492
2014,1,28,36.6823,0.6927,0.305492
2014,1,28,36.6719,0.6615,0.305492
2014,1,28,36.6615,0.651,0.305492
2014,1,28,36.651,0.2552,0.305492
2014,1,28,36.651,0.3073,0.305492
2014,1,28,36.651,0.4844,0.305492
2014,1,28,36.6406,0.474,0.305492
2014,1,28,36.6406,0.526,0.305492
2014,1,28,36.6406,0.5885,0.305492
2014,1,28,36.6302,0.3385,0.305492
2014,1,28,36.6302,0.4115,0.305492
2014,1,28,36.6198,0.3906,0.305492
2014,1,28,36.6198,0.401,0.305492
2014,1,28,36.6094,0.349,0.305492
2014,1,28,36.2344,0.1719,0.305492
2014,1,28,36.224,0.2031,0.305492
2014,1,28,36.224,0.224,0.305492
2014,1,30,36.3177,-0.9531,0.305492
2014,1,30,36.3177,-0.9323,0.305492
2014,1,30,36.0781,-0.6927,0.305492
2014,1,30,36.0677,-0.7135,0.305492
2014,1,30,36.0677,-0.7031,0.305492
2014,1,30,36.0677,-0.6719,0.305492
2014,1,30,36.0573,-0.7448,0.305492
2014,1,30,36.0573,-0.7344,0.305492
2014,1,30,36.0573,-0.724,0.305492
2014,1,30,36.0573,-0.7135,0.305492
2014,1,30,36.0573,-0.7031,0.305492
2014,1,30,36.0573,-0.6823,0.305492
2014,1,30,36.0469,-0.7448,0.305492
2014,1,30,36.0469,-0.724,0.305492
2014,1,30,36.0365,-0.6927,0.305492
2014,1,30,35.9531,-0.849,0.305492
2014,1,30,35.9427,-0.9115,0.305492
2014,1,30,35.8906,-0.9948,0.305492
2014,1,30,35.8802,-0.974,0.305492
2014,1,30,35.8802,-0.9635,0.305492
2014,1,30,35.8802,-0.9427,0.305492
2014,1,30,35.8698,-0.849,0.305492
2014,1,30,35.8698,-0.8073,0.305492
2014,1,30,35.849,-0.8073,0.305492
2014,1,30,35.8385,-0.8281,0.305492
2014,1,30,35.8177,-0.9219,0.305492
2014,1,30,35.8177,-0.9115,0.305492
2014,1,30,35.8177,-0.8906,0.305492
2014,1,30,35.8177,-0.8698,0.305492
2014,1,30,36.7552,0.9635,0.305492
2014,1,30,36.7344,0.974,0.305492
2014,1,30,36.7344,0.9844,0.305492
2014,1,30,36.724,0.9635,0.305492
2014,1,30,36.724,0.9844,0.305492
2014,1,30,36.724,0.9948,0.305492
2014,1,30,36.7031,0.9531,0.305492
2014,1,30,36.7031,0.9844,0.305492
2014,1,30,36.6927,0.9219,0.305492
2014,1,30,36.6719,0.9115,0.305492
2014,1,30,36.6406,0.8177,0.305492
2014,1,30,36.6406,0.8281,0.305492
2014,1,30,36.6406,0.849,0.305492
2014,1,30,36.6302,0.8281,0.305492
2014,1,30,36.6302,0.9219,0.305492
2014,1,30,36.6198,0.7969,0.305492
2014,1,30,36.6198,0.8177,0.305492
2014,1,30,36.6198,0.8385,0.305492
2014,1,30,36.6094,0.7552,0.305492
2014,1,30,36.6094,0.7656,0.305492
2014,1,30,36.6094,0.776,0.305492
2014,1,30,36.6094,0.8698,0.305492
2014,1,30,36.599,0.7552,0.305492
2014,1,30,36.599,0.7656,0.305492
2014,1,30,36.599,0.7969,0.305492
2014,1,30,36.5885,0.7552,0.305492
2014,1,30,36.5885,0.7656,0.305492
2014,1,30,36.5885,0.776,0.305492
2014,1,30,36.5885,0.7865,0.305492
2014,1,30,36.5885,0.901,0.305492
2014,1,30,36.5781,0.7344,0.305492
2014,1,30,36.5781,0.7448,0.305492
2014,1,30,36.5781,0.7552,0.305492
2014,1,30,36.5677,0.7448,0.305492
2014,1,30,36.5677,0.8906,0.305492
2014,1,30,36.5469,0.974,0.305492
2014,1,30,36.5365,0.8594,0.305492
2014,1,30,36.526,0.8594,0.305492
2014,1,30,36.526,0.9323,0.305492
2014,1,30,36.5156,0.8385,0.305492
2014,1,30,36.5052,0.8177,0.305492
2014,1,30,36.474,0.3281,0.305492
2014,1,30,36.474,0.3385,0.305492
2014,1,30,36.4635,0.3385,0.305492
2014,1,30,36.4531,0.2865,0.305492
2014,1,30,36.4531,0.5052,0.305492
2014,1,30,36.4531,0.5156,0.305492
2014,1,30,36.4531,0.526,0.305492
2014,1,30,36.4427,0.224,0.305492
2014,1,30,36.4427,0.2448,0.305492
2014,1,30,36.4427,0.2552,0.305492
2014,1,30,36.4427,0.474,0.305492
2014,1,30,36.4427,0.4844,0.305492
2014,1,30,36.4427,0.4948,0.305492
2014,1,30,36.4323,0.224,0.305492
2014,1,30,36.4323,0.2344,0.305492
2014,1,30,36.4323,0.4635,0.305492
2014,1,30,36.4323,0.4948,0.305492
2014,1,30,36.4323,0.526,0.305492
2014,1,30,36.4219,0.4323,0.305492
2014,1,30,36.4219,0.4635,0.305492
2014,1,30,36.4219,0.526,0.305492
2014,1,30,36.4115,0.4427,0.305492
2014,1,30,36.4115,0.4948,0.305492
2014,1,30,36.401,0.3906,0.305492
2014,1,30,36.401,0.4531,0.305492
2014,1,30,36.401,0.5052,0.305492
2014,1,30,36.401,0.5156,0.305492
2014,1,30,36.3906,0.3802,0.305492
2014,1,30,36.3906,0.3906,0.305492
2014,1,30,36.3906,0.4427,0.305492
2014,1,30,36.3906,0.4844,0.305492
2014,1,30,36.3906,0.5052,0.305492
2014,1,30,36.3906,0.5156,0.305492
2014,1,30,36.3802,0.3698,0.305492
2014,1,30,36.3698,0.2552,0.305492
2014,1,30,36.3698,0.2969,0.305492
2014,1,30,36.3698,0.3281,0.305492
2014,1,30,36.3698,0.349,0.305492
2014,1,30,36.3594,0.2135,0.305492
2014,1,30,36.3594,0.4219,0.305492
2014,1,30,36.349,0.1927,0.305492
2014,1,30,36.349,0.4219,0.305492
2014,1,30,36.3385,0.1823,0.305492
2014,1,30,36.3385,0.401,0.305492
2014,1,30,36.3177,0.3802,0.305492
2014,1,30,36.3073,0.151,0.305492
2014,1,30,36.3073,0.3698,0.305492
2014,1,30,36.2969,0.3698,0.305492
2014,1,30,36.2865,0.3385,0.305492
2014,1,30,36.2656,0.2969,0.305492
2014,1,30,36.2656,0.3073,0.305492
2014,1,30,36.2552,0.0469,0.305492
2014,1,30,36.2552,0.2656,0.305492
2014,1,30,36.2448,0.0365,0.305492
2014,1,30,36.2448,0.0573,0.305492
2014,1,30,36.2344,-0.0469,0.305492
2014,1,30,36.2344,0.0781,0.305492
2014,1,30,36.2344,0.2656,0.305492
2014,1,30,36.224,-0.0885,0.305492
2014,1,30,36.224,-0.0677,0.305492
2014,1,30,36.224,-0.0052,0.305492
2014,1,30,36.224,0.2448,0.305492
2014,1,30,36.2135,-0.1094,0.305492
2014,1,30,36.2135,-0.0781,0.305492
2014,1,30,36.2135,-0.0677,0.305492
2014,1,30,36.2135,-0.0573,0.305492
2014,1,30,36.2031,-0.2865,0.305492
2014,1,30,36.2031,-0.1406,0.305492
2014,1,30,36.2031,-0.1302,0.305492
2014,1,30,36.2031,-0.1198,0.305492
2014,1,30,36.2031,-0.1094,0.305492
2014,1,30,36.2031,-0.099,0.305492
2014,1,30,36.2031,0.2031,0.305492
2014,1,30,36.1927,-0.2969,0.305492
2014,1,30,36.1927,-0.1823,0.305492
2014,1,30,36.1927,-0.1719,0.305492
2014,1,30,36.1823,-0.349,0.305492
2014,1,30,36.1823,-0.3073,0.305492
2014,1,30,36.1823,-0.224,0.305492
2014,1,30,36.1823,-0.2031,0.305492
2014,1,30,36.1719,-0.3177,0.305492
2014,1,30,36.1719,-0.3073,0.305492
2014,1,30,36.1719,-0.2656,0.305492
2014,1,30,36.1719,-0.2448,0.305492
2014,1,30,36.1615,-0.3073,0.305492
2014,1,30,36.1615,-0.2969,0.305492
2014,1,30,36.1406,-0.3802,0.305492
2014,1,30,36.1406,-0.3698,0.305492
2014,1,30,36.1406,-0.3177,0.305492
2014,1,30,36.1406,0.1094,0.305492
2014,1,30,36.1302,-0.1302,0.305492
2014,1,30,36.1198,-0.4219,0.305492
2014,1,30,36.1198,-0.401,0.305492
2014,1,30,36.1198,-0.3906,0.305492
2014,1,30,36.1198,-0.151,0.305492
2014,1,30,36.1198,0.0781,0.305492
2014,1,30,36.1094,-0.4427,0.305492
2014,1,30,36.1094,-0.4323,0.305492
2014,1,30,36.1094,-0.3073,0.305492
2014,1,30,36.1094,0.0781,0.305492
2014,1,30,36.099,-0.4635,0.305492
2014,1,30,36.099,-0.3177,0.305492
2014,1,30,36.099,-0.3073,0.305492
2014,1,30,36.099,-0.2969,0.305492
2014,1,30,36.099,0.0781,0.305492
2014,1,30,36.0885,-0.2656,0.305492
2014,1,30,36.0781,-0.6094,0.305492
2014,1,30,36.0781,-0.5885,0.305492
2014,1,30,36.0781,-0.5365,0.305492
2014,1,30,36.0781,-0.5156,0.305492
2014,1,30,36.0781,-0.5052,0.305492
2014,1,30,36.0781,-0.4948,0.305492
2014,1,30,36.0781,-0.4844,0.305492
2014,1,30,36.0781,-0.474,0.305492
2014,1,30,36.0781,0.0573,0.305492
2014,1,30,36.0677,-0.6302,0.305492
2014,1,30,36.0677,-0.6198,0.305492
2014,1,30,36.0677,-0.599,0.305492
2014,1,30,36.0677,-0.526,0.305492
2014,1,30,36.0677,0.026,0.305492
2014,1,30,36.0573,-0.6094,0.305492
2014,1,30,36.0573,0.0469,0.305492
2014,1,30,36.0365,-0.026,0.305492
2014,1,30,35.8802,-0.6615,0.305492
2014,1,31,36.6094,-0.8177,0.305492
2014,1,31,36.6094,-0.7031,0.305492
2014,1,31,36.599,-0.8177,0.305492
2014,1,31,36.599,-0.7969,0.305492
2014,1,31,36.599,-0.7552,0.305492
2014,1,31,36.5885,-0.8073,0.305492
2014,1,31,36.5885,-0.7135,0.305492
2014,1,31,36.5781,-0.8281,0.305492
2014,1,31,36.5781,-0.7865,0.305492
2014,1,31,36.5573,-0.8281,0.305492
2014,1,31,36.5573,-0.8177,0.305492
2014,1,31,36.5573,-0.8073,0.305492
2014,1,31,36.5469,-0.8177,0.305492
2014,1,31,36.5469,-0.8073,0.305492
2014,1,31,36.5469,-0.7969,0.305492
2014,1,31,36.5365,-0.8698,0.305492
2014,1,31,36.5365,-0.8177,0.305492
2014,1,31,36.526,-0.8906,0.305492
2014,1,31,36.526,-0.8802,0.305492
2014,1,31,36.526,-0.8281,0.305492
2014,1,31,36.4844,-0.9323,0.305492
2014,1,31,36.4844,-0.9219,0.305492
2014,1,31,36.474,-0.9427,0.305492
2014,1,31,36.474,-0.9323,0.305492
2014,1,31,36.474,-0.9219,0.305492
2014,1,31,36.4635,-0.9531,0.305492
2014,1,31,36.4635,-0.9323,0.305492
2014,1,31,36.4531,-0.9635,0.305492
2014,1,31,36.4531,-0.9531,0.305492
2014,1,31,36.4531,-0.9115,0.305492
2014,1,31,36.4531,-0.8802,0.305492
2014,1,31,36.4427,-0.9948,0.305492
2014,1,31,36.4427,-0.9844,0.305492
2014,1,31,36.4427,-0.974,0.305492
2014,1,31,36.4427,-0.9635,0.305492
2014,1,31,36.4427,-0.9531,0.305492
2014,1,31,36.4427,-0.9427,0.305492
2014,1,31,36.4427,-0.9323,0.305492
2014,1,31,36.4427,-0.9219,0.305492
2014,1,31,36.4323,-0.9844,0.305492
2014,1,31,36.4323,-0.974,0.305492
2014,1,31,36.4323,-0.9635,0.305492
2014,1,31,36.4323,-0.9531,0.305492
2014,1,31,36.4323,-0.9427,0.305492
2014,1,31,36.4323,-0.9219,0.305492
2014,1,31,36.4323,-0.9115,0.305492
2014,1,31,36.4219,-0.9948,0.305492
2014,1,31,36.4219,-0.9635,0.305492
2014,1,31,36.4219,-0.9219,0.305492
2014,1,31,36.4115,-0.9844,0.305492
2014,1,31,36.4115,-0.974,0.305492
2014,1,31,36.4115,-0.9427,0.305492
2014,1,31,36.401,-0.9948,0.305492
2014,1,31,36.401,-0.974,0.305492
2014,1,31,36.401,-0.9635,0.305492
2014,1,31,36.3906,-0.9948,0.305492
2014,1,31,36.3698,-0.9948,0.305492
2014,1,31,36.3594,-0.9427,0.305492
2014,1,31,36.3385,-0.9948,0.305492
2014,1,31,36.3281,-0.9948,0.305492
2014,1,31,36.2969,-0.9948,0.305492
2014,1,31,36.2865,-0.9948,0.305492
2014,1,31,36.276,-0.9844,0.305492
2014,1,31,36.2656,-0.9844,0.305492
2014,1,31,36.2344,-0.974,0.305492
2014,1,31,36.2344,-0.9531,0.305492
2014,1,31,36.2135,-0.9948,0.305492
2014,1,31,35.8385,-0.7135,0.305492
2014,1,31,36.6615,0.974,0.305492
2014,1,31,36.651,0.9219,0.305492
2014,1,31,36.6094,0.9844,0.305492
2014,1,31,36.599,-0.4531,0.305492
2014,1,31,36.5052,0.7656,0.305492
2014,1,31,36.4635,-0.474,0.305492
2014,1,31,36.4635,-0.4635,0.305492
2014,1,31,36.4427,-0.3281,0.305492
2014,1,31,36.4115,0.5469,0.305492
2014,1,31,36.401,0.5365,0.305492
2014,1,31,36.3906,0.3073,0.305492
2014,1,31,36.3906,0.5156,0.305492
2014,1,31,36.3906,0.526,0.305492
2014,1,31,36.3906,0.5365,0.305492
2014,1,31,36.3906,0.5469,0.305492
2014,1,31,36.3906,0.5573,0.305492
2014,1,31,36.3906,0.5781,0.305492
2014,1,31,36.3802,0.2969,0.305492
2014,1,31,36.3802,0.3177,0.305492
2014,1,31,36.3802,0.4219,0.305492
2014,1,31,36.3802,0.4844,0.305492
2014,1,31,36.3802,0.4948,0.305492
2014,1,31,36.3802,0.526,0.305492
2014,1,31,36.3802,0.5365,0.305492
2014,1,31,36.3698,-0.2969,0.305492
2014,1,31,36.3698,0.2865,0.305492
2014,1,31,36.3698,0.2969,0.305492
2014,1,31,36.3698,0.3073,0.305492
2014,1,31,36.3698,0.3281,0.305492
2014,1,31,36.3698,0.3385,0.305492
2014,1,31,36.3698,0.4115,0.305492
2014,1,31,36.3698,0.4323,0.305492
2014,1,31,36.3698,0.4531,0.305492
2014,1,31,36.3698,0.526,0.305492
2014,1,31,36.3698,0.5573,0.305492
2014,1,31,36.3698,0.5677,0.305492
2014,1,31,36.3594,0.2865,0.305492
2014,1,31,36.3594,0.3385,0.305492
2014,1,31,36.3594,0.3594,0.305492
2014,1,31,36.3594,0.3802,0.305492
2014,1,31,36.3594,0.3906,0.305492
2014,1,31,36.3594,0.4323,0.305492
2014,1,31,36.3594,0.4531,0.305492
2014,1,31,36.3594,0.5365,0.305492
2014,1,31,36.349,-0.2031,0.305492
2014,1,31,36.349,0.2552,0.305492
2014,1,31,36.349,0.3177,0.305492
2014,1,31,36.349,0.3385,0.305492
2014,1,31,36.349,0.3698,0.305492
2014,1,31,36.349,0.401,0.305492
2014,1,31,36.349,0.4323,0.305492
2014,1,31,36.3385,0.2552,0.305492
2014,1,31,36.3385,0.2865,0.305492
2014,1,31,36.3385,0.3073,0.305492
2014,1,31,36.3385,0.3177,0.305492
2014,1,31,36.3385,0.3802,0.305492
2014,1,31,36.3385,0.4115,0.305492
2014,1,31,36.3281,0.224,0.305492
2014,1,31,36.3281,0.3281,0.305492
2014,1,31,36.3281,0.4948,0.305492
2014,1,31,36.3177,0.3177,0.305492
2014,1,31,36.3177,0.3281,0.305492
2014,1,31,36.3073,0.2135,0.305492
2014,1,31,36.3073,0.3073,0.305492
2014,1,31,36.2969,0.1927,0.305492
2014,1,31,36.2865,0.1823,0.305492
2014,1,31,36.2865,0.2031,0.305492
2014,1,31,36.2865,0.2135,0.305492
2014,1,31,36.276,0.2135,0.305492
2014,1,31,36.2656,0.2031,0.305492
2014,1,31,36.2656,0.2552,0.305492
2014,1,31,36.2656,0.2656,0.305492
2014,1,31,36.2552,0.224,0.305492
2014,1,31,36.2552,0.2344,0.305492
2014,1,31,36.224,0.1823,0.305492
2014,1,31,36.224,0.2031,0.305492
2014,1,31,36.224,0.224,0.305492
2014,1,31,36.224,0.2448,0.305492
2014,1,31,36.224,0.2656,0.305492
2014,1,31,36.2135,0.2135,0.305492
2014,1,31,36.2135,0.224,0.305492
2014,1,31,36.2031,0.1927,0.305492
2014,1,31,36.2031,0.224,0.305492
2014,1,31,36.1927,0.1823,0.305492
2014,1,31,36.026,-0.151,0.305492
2014,1,31,36.0052,-0.2969,0.305492
2014,1,31,35.9219,-0.3073,0.305492
2014,1,31,35.776,-0.6198,0.305492
2014,1,1,36.6719,-0.6719,0.316228
2014,1,1,36.6094,-0.7448,0.316228
2014,1,1,36.599,-0.724,0.316228
2014,1,1,36.5885,-0.7448,0.316228
2014,1,1,36.5885,-0.7135,0.316228
2014,1,1,36.5885,-0.7031,0.316228
2014,1,1,36.5781,-0.7135,0.316228
2014,1,1,36.5781,-0.6927,0.316228
2014,1,1,36.5781,-0.6823,0.316228
2014,1,1,36.5781,-0.6719,0.316228
2014,1,1,36.5677,-0.7344,0.316228
2014,1,1,36.5677,-0.7031,0.316228
2014,1,1,36.5677,-0.6927,0.316228
2014,1,1,36.5677,-0.6823,0.316228
2014,1,1,36.5677,-0.6719,0.316228
2014,1,1,36.5573,-0.8281,0.316228
2014,1,1,36.5573,-0.7656,0.316228
2014,1,1,36.5573,-0.7344,0.316228
2014,1,1,36.5573,-0.6719,0.316228
2014,1,1,36.5469,-0.6719,0.316228
2014,1,1,36.5365,-0.7656,0.316228
2014,1,1,36.5365,-0.6719,0.316228
2014,1,1,36.526,-0.6823,0.316228
2014,1,1,36.526,-0.6719,0.316228
2014,1,1,36.5156,-0.7448,0.316228
2014,1,1,36.5156,-0.7031,0.316228
2014,1,1,36.5052,-0.7969,0.316228
2014,1,1,36.5052,-0.7344,0.316228
2014,1,1,36.5052,-0.724,0.316228
2014,1,1,36.5052,-0.7135,0.316228
2014,1,1,36.4948,-0.7135,0.316228
2014,1,1,36.4844,-0.7448,0.316228
2014,1,1,36.1615,-0.6719,0.316228
2014,1,1,36.151,-0.6823,0.316228
2014,1,1,36.1406,-0.7448,0.316228
2014,1,1,36.1302,-0.724,0.316228
2014,1,1,36.1302,-0.7135,0.316228
2014,1,1,36.1094,-0.7448,0.316228
2014,1,1,36.1094,-0.724,0.316228
2014,1,1,36.099,-0.7969,0.316228
2014,1,1,36.099,-0.7865,0.316228
2014,1,1,36.099,-0.7552,0.316228
2014,1,1,36.0885,-0.8073,0.316228
2014,1,1,36.0677,-0.8698,0.316228
2014,1,1,36.026,-0.9948,0.316228
2014,1,1,35.8906,-0.9635,0.316228
2014,1,1,35.8802,-0.9948,0.316228
2014,1,1,37.1406,0.5677,0.316228
2014,1,1,37.1198,0.5156,0.316228
2014,1,1,37.099,0.4323,0.316228
2014,1,1,37.0885,0.4219,0.316228
2014,1,1,37.0885,0.5052,0.316228
2014,1,1,37.0365,0.5156,0.316228
2014,1,1,37.026,0.5469,0.316228
2014,1,1,37.026,0.5573,0.316228
2014,1,1,37.026,0.5677,0.316228
2014,1,1,37.026,0.6198,0.316228
2014,1,1,37.026,0.6302,0.316228
2014,1,1,37.026,0.651,0.316228
2014,1,1,37.0156,0.5573,0.316228
2014,1,1,37.0156,0.6198,0.316228
2014,1,1,37.0052,0.6719,0.316228
2014,1,1,36.9948,0.6406,0.316228
2014,1,1,36.974,0.6927,0.316228
2014,1,1,36.9635,0.6719,0.316228
2014,1,1,36.9635,0.6823,0.316228
2014,1,1,36.9531,0.7135,0.316228
2014,1,1,36.9427,0.724,0.316228
2014,1,1,36.9323,0.724,0.316228
2014,1,1,36.9323,0.7344,0.316228
2014,1,1,36.9115,0.9115,0.316228
2014,1,1,36.8906,0.776,0.316228
2014,1,1,36.8906,0.7865,0.316228
2014,1,1,36.8906,0.8177,0.316228
2014,1,1,36.8802,0.8281,0.316228
2014,1,1,36.7344,-0.4948,0.316228
2014,1,1,36.724,-0.6406,0.316228
2014,1,1,36.724,-0.6094,0.316228
2014,1,1,36.7135,-0.6302,0.316228
2014,1,1,36.7135,-0.5573,0.316228
2014,1,1,36.7031,-0.6302,0.316228
2014,1,1,36.7031,-0.6198,0.316228
2014,1,1,36.7031,-0.6094,0.316228
2014,1,1,36.6927,-0.6302,0.316228
2014,1,1,36.6823,-0.651,0.316228
2014,1,1,36.6823,-0.5885,0.316228
2014,1,1,36.6823,-0.5677,0.316228
2014,1,1,36.6719,-0.6406,0.316228
2014,1,1,36.6719,0.7031,0.316228
2014,1,1,36.651,0.9219,0.316228
2014,1,1,36.6406,-0.651,0.316228
2014,1,1,36.6302,-0.6198,0.316228
2014,1,1,36.6094,-0.6094,0.316228
2014,1,1,36.599,-0.6406,0.316228
2014,1,1,36.599,-0.6302,0.316228
2014,1,1,36.5885,-0.651,0.316228
2014,1,1,36.5885,-0.6406,0.316228
2014,1,1,36.5885,-0.6198,0.316228
2014,1,1,36.5781,-0.6615,0.316228
2014,1,1,36.5781,-0.6406,0.316228
2014,1,1,36.5781,-0.6302,0.316228
2014,1,1,36.5677,-0.651,0.316228
2014,1,1,36.5677,-0.6406,0.316228
2014,1,1,36.5573,-0.6406,0.316228
2014,1,1,36.5469,-0.6406,0.316228
2014,1,1,36.5469,-0.6198,0.316228
2014,1,1,36.5365,-0.6615,0.316228
2014,1,1,36.5365,-0.651,0.316228
2014,1,1,36.526,-0.6615,0.316228
2014,1,1,36.526,-0.6406,0.316228
2014,1,1,36.526,0.6406,0.316228
2014,1,1,36.5156,-0.6615,0.316228
2014,1,1,36.5156,0.6302,0.316228
2014,1,1,36.4531,0.5573,0.316228
2014,1,1,36.4427,0.5781,0.316228
2014,1,1,36.4219,0.2031,0.316228
2014,1,1,36.4219,0.5469,0.316228
2014,1,1,36.3906,-0.2656,0.316228
2014,1,1,36.3594,0.2656,0.316228
2014,1,1,36.349,0.0885,0.316228
2014,1,1,36.3385,-0.2865,0.316228
2014,1,1,36.3385,-0.2448,0.316228
2014,1,1,36.3385,-0.151,0.316228
2014,1,1,36.3385,-0.1406,0.316228
2014,1,1,36.3385,-0.1198,0.316228
2014,1,1,36.3385,0.4427,0.316228
2014,1,1,36.3281,-0.1198,0.316228
2014,1,1,36.3177,-0.1406,0.316228
2014,1,1,36.3177,-0.1198,0.316228
2014,1,1,36.3073,-0.3594,0.316228
2014,1,1,36.3073,0.0677,0.316228
2014,1,1,36.2969,0.0469,0.316228
2014,1,1,36.2865,-0.3906,0.316228
2014,1,1,36.2865,-0.1615,0.316228
2014,1,1,36.276,0.0365,0.316228
2014,1,1,36.2656,-0.3906,0.316228
2014,1,1,36.2552,-0.4219,0.316228
2014,1,1,36.2448,0.0156,0.316228
2014,1,1,36.2344,-0.5156,0.316228
2014,1,1,36.2344,-0.1823,0.316228
2014,1,1,36.224,-0.5365,0.316228
2014,1,1,36.224,-0.5156,0.316228
2014,1,1,36.224,-0.1302,0.316228
2014,1,1,36.2135,-0.2031,0.316228
2014,1,1,36.2135,-0.1927,0.316228
2014,1,1,36.2031,-0.5781,0.316228
2014,1,1,36.2031,-0.5469,0.316228
2014,1,1,36.2031,-0.2031,0.316228
2014,1,1,36.1927,-0.6302,0.316228
2014,1,1,36.1927,-0.1927,0.316228
2014,1,1,36.1927,-0.1719,0.316228
2014,1,1,36.1823,-0.6094,0.316228
2014,1,1,36.1823,-0.1823,0.316228
2014,1,1,36.1615,-0.6302,0.316228
2014,1,1,36.151,-0.6302,0.316228
2014,1,1,36.151,-0.2135,0.316228
2014,1,4,37.3073,0.8906,0.316228
2014,1,4,37.2969,0.8802,0.316228
2014,1,4,37.2448,0.6719,0.316228
2014,1,4,37.2135,0.7344,0.316228
2014,1,4,37.2031,0.7031,0.316228
2014,1,4,37.1927,0.6823,0.316228
2014,1,4,37.1927,0.6927,0.316228
2014,1,4,37.1927,0.7031,0.316228
2014,1,4,37.1927,0.7344,0.316228
2014,1,4,37.1927,0.7448,0.316228
2014,1,4,37.1823,0.7031,0.316228
2014,1,4,37.1823,0.724,0.316228
2014,1,4,37.1823,0.7344,0.316228
2014,1,4,37.1719,0.7344,0.316228
2014,1,4,37.1719,0.7448,0.316228
2014,1,4,37.1719,0.7552,0.316228
2014,1,4,37.1615,0.6615,0.316228
2014,1,4,37.1615,0.724,0.316228
2014,1,4,37.1615,0.7448,0.316228
2014,1,4,37.1615,0.7552,0.316228
2014,1,4,37.151,0.6823,0.316228
2014,1,4,37.151,0.724,0.316228
2014,1,4,37.151,0.7552,0.316228
2014,1,4,37.1406,0.6823,0.316228
2014,1,4,37.1406,0.724,0.316228
2014,1,4,37.1406,0.7344,0.316228
2014,1,4,37.1302,0.6823,0.316228
2014,1,4,37.1198,0.7031,0.316228
2014,1,4,37.099,0.2448,0.316228
2014,1,4,37.0885,0.6302,0.316228
2014,1,4,37.0677,0.6406,0.316228
2014,1,4,37.0052,0.5781,0.316228
2014,1,4,36.974,0.4948,0.316228
2014,1,4,36.974,0.5469,0.316228
2014,1,4,36.9635,0.474,0.316228
2014,1,4,36.9635,0.4844,0.316228
2014,1,4,36.9635,0.4948,0.316228
2014,1,4,36.9635,0.5469,0.316228
2014,1,4,36.9635,0.974,0.316228
2014,1,4,36.9531,0.3906,0.316228
2014,1,4,36.9531,0.526,0.316228
2014,1,4,36.9531,0.5365,0.316228
2014,1,4,36.9427,0.401,0.316228
2014,1,4,36.9427,0.474,0.316228
2014,1,4,36.9323,0.4844,0.316228
2014,1,4,36.9323,0.9635,0.316228
2014,1,4,36.8177,0.8594,0.316228
2014,1,4,36.7656,0.8281,0.316228
2014,1,7,36.6094,0.526,0.316228
2014,1,8,36.0781,-0.9635,0.316228
2014,1,8,36.9531,-0.0156,0.316228
2014,1,8,36.9427,-0.0885,0.316228
2014,1,8,36.9427,-0.0052,0.316228
2014,1,8,36.9427,0.0052,0.316228
2014,1,8,36.9323,-0.0573,0.316228
2014,1,8,36.9323,-0.0052,0.316228
2014,1,8,36.9323,0.0156,0.316228
2014,1,8,36.9219,-0.0885,0.316228
2014,1,8,36.8906,0.151,0.316228
2014,1,8,36.8385,0.1406,0.316228
2014,1,8,36.8177,0.1302,0.316228
2014,1,8,36.8177,0.1406,0.316228
2014,1,8,36.8073,0.1302,0.316228
2014,1,8,36.7969,0.1198,0.316228
2014,1,8,36.7865,0.1406,0.316228
2014,1,8,36.776,0.1302,0.316228
2014,1,8,36.7656,0.1198,0.316228
2014,1,8,36.7552,0.651,0.316228
2014,1,8,36.7448,0.099,0.316228
2014,1,8,36.7344,0.1719,0.316228
2014,1,8,36.7135,0.1094,0.316228
2014,1,8,36.7031,0.099,0.316228
2014,1,8,36.6719,0.0573,0.316228
2014,1,8,36.6615,0.0469,0.316228
2014,1,8,36.6302,0.0156,0.316228
2014,1,8,36.6094,-0.0052,0.316228
2014,1,8,36.5365,-0.0573,0.316228
2014,1,8,36.5052,-0.0573,0.316228
2014,1,8,36.4948,-0.0677,0.316228
2014,1,8,36.4844,-0.0885,0.316228
2014,1,8,36.4844,-0.0677,0.316228
2014,1,8,36.4844,-0.0573,0.316228
2014,1,8,36.474,-0.0781,0.316228
2014,1,8,36.4635,-0.0781,0.316228
2014,1,8,36.4531,-0.099,0.316228
2014,1,8,36.4531,-0.0677,0.316228
2014,1,8,36.4531,-0.0573,0.316228
2014,1,8,36.4427,-0.1094,0.316228
2014,1,8,36.4323,-0.099,0.316228
2014,1,8,36.4323,-0.0677,0.316228
2014,1,8,36.4115,-0.0781,0.316228
2014,1,8,36.4115,-0.0677,0.316228
2014,1,8,36.401,-0.099,0.316228
2014,1,8,36.401,-0.0781,0.316228
2014,1,8,36.3906,-0.1406,0.316228
2014,1,8,36.3802,-0.1719,0.316228
2014,1,8,36.3802,-0.151,0.316228
2014,1,8,36.3698,-0.151,0.316228
2014,1,8,36.3698,-0.1406,0.316228
2014,1,8,36.3594,-0.224,0.316228
2014,1,8,36.349,-0.1927,0.316228
2014,1,8,36.349,0.6094,0.316228
2014,1,8,36.3385,-0.224,0.316228
2014,1,8,36.3385,0.6302,0.316228
2014,1,8,36.3281,-0.2865,0.316228
2014,1,8,36.3281,-0.276,0.316228
2014,1,8,36.3177,-0.276,0.316228
2014,1,8,36.3073,-0.3385,0.316228
2014,1,8,36.2969,-0.5677,0.316228
2014,1,8,36.2969,-0.5156,0.316228
2014,1,8,36.2969,-0.4427,0.316228
2014,1,8,36.2969,-0.3698,0.316228
2014,1,8,36.2865,-0.5573,0.316228
2014,1,8,36.2865,-0.5469,0.316228
2014,1,8,36.2865,-0.5365,0.316228
2014,1,8,36.2865,-0.5156,0.316228
2014,1,8,36.2865,-0.4948,0.316228
2014,1,8,36.276,-0.5469,0.316228
2014,1,8,36.276,-0.5052,0.316228
2014,1,8,36.2656,-0.5469,0.316228
2014,1,8,36.2656,-0.5156,0.316228
2014,1,8,36.2552,-0.526,0.316228
2014,1,8,36.2552,-0.5156,0.316228
2014,1,8,36.2552,-0.5052,0.316228
2014,1,8,36.2344,-0.3385,0.316228
2014,1,8,36.2135,-0.4844,0.316228
2014,1,8,36.2135,-0.474,0.316228
2014,1,8,36.2031,-0.5052,0.316228
2014,1,8,36.2031,-0.4948,0.316228
2014,1,8,36.2031,-0.4115,0.316228
2014,1,8,36.1927,-0.5052,0.316228
2014,1,8,36.1823,-0.5156,0.316228
2014,1,8,36.1823,-0.4948,0.316228
2014,1,8,36.151,-0.5469,0.316228
2014,1,8,36.151,-0.5365,0.316228
2014,1,8,36.1198,-0.5677,0.316228
2014,1,8,35.849,-0.526,0.316228
2014,1,8,35.849,-0.5052,0.316228
2014,1,9,36.5469,-0.7031,0.316228
2014,1,9,36.526,-0.7552,0.316228
2014,1,9,36.7656,-0.3177,0.316228
2014,1,9,36.6615,-0.2448,0.316228
2014,1,9,36.651,-0.2448,0.316228
2014,1,9,36.6198,-0.474,0.316228
2014,1,9,36.6094,-0.4635,0.316228
2014,1,9,36.3698,-0.0781,0.316228
2014,1,9,36.3594,-0.1094,0.316228
2014,1,10,37.1823,0.6615,0.316228
2014,1,14,36.6927,0.526,0.316228
2014,1,14,36.6823,0.526,0.316228
2014,1,14,36.651,0.5052,0.316228
2014,1,15,36.3073,-0.7448,0.316228
2014,1,15,36.2656,-0.9844,0.316228
2014,1,15,36.2448,-0.974,0.316228
2014,1,15,36.2344,-0.6719,0.316228
2014,1,15,36.1927,-0.9531,0.316228
2014,1,15,36.151,-0.7344,0.316228
2014,1,15,36.1198,-0.7448,0.316228
2014,1,15,36.1198,-0.6719,0.316228
2014,1,15,36.1094,-0.9948,0.316228
2014,1,15,36.1094,-0.8177,0.316228
2014,1,15,36.1094,-0.8073,0.316228
2014,1,15,36.1094,-0.7656,0.316228
2014,1,15,36.099,-0.9323,0.316228
2014,1,15,36.099,-0.8802,0.316228
2014,1,15,36.099,-0.7656,0.316228
2014,1,15,36.099,-0.7552,0.316228
2014,1,15,36.099,-0.7344,0.316228
2014,1,15,36.099,-0.6927,0.316228
2014,1,15,36.099,-0.6719,0.316228
2014,1,15,36.0885,-0.9844,0.316228
2014,1,15,36.0885,-0.9531,0.316228
2014,1,15,36.0885,-0.9323,0.316228
2014,1,15,36.0885,-0.8594,0.316228
2014,1,15,36.0885,-0.849,0.316228
2014,1,15,36.0885,-0.7656,0.316228
2014,1,15,36.0885,-0.7344,0.316228
2014,1,15,36.0885,-0.6823,0.316228
2014,1,15,36.0781,-0.9219,0.316228
2014,1,15,36.0781,-0.9115,0.316228
2014,1,15,36.0781,-0.901,0.316228
2014,1,15,36.0781,-0.8802,0.316228
2014,1,15,36.0781,-0.8594,0.316228
2014,1,15,36.0781,-0.849,0.316228
2014,1,15,36.0781,-0.7552,0.316228
2014,1,15,36.0781,-0.7448,0.316228
2014,1,15,36.0781,-0.7031,0.316228
2014,1,15,36.0677,-0.974,0.316228
2014,1,15,36.0677,-0.9531,0.316228
2014,1,15,36.0677,-0.9323,0.316228
2014,1,15,36.0677,-0.9219,0.316228
2014,1,15,36.0677,-0.9115,0.316228
2014,1,15,36.0677,-0.901,0.316228
2014,1,15,36.0677,-0.8906,0.316228
2014,1,15,36.0677,-0.8698,0.316228
2014,1,15,36.0677,-0.8385,0.316228
2014,1,15,36.0677,-0.7031,0.316228
2014,1,15,36.0573,-0.9948,0.316228
2014,1,15,36.0573,-0.9427,0.316228
2014,1,15,36.0573,-0.9219,0.316228
2014,1,15,36.0573,-0.9115,0.316228
2014,1,15,36.0573,-0.901,0.316228
2014,1,15,36.0573,-0.8906,0.316228
2014,1,15,36.0573,-0.7344,0.316228
2014,1,15,36.0469,-0.901,0.316228
2014,1,15,36.0469,-0.8698,0.316228
2014,1,15,36.0469,-0.7865,0.316228
2014,1,15,36.0469,-0.776,0.316228
2014,1,15,36.0469,-0.7552,0.316228
2014,1,15,36.0469,-0.7344,0.316228
2014,1,15,36.0365,-0.974,0.316228
2014,1,15,36.0365,-0.8802,0.316228
2014,1,15,36.0365,-0.8698,0.316228
2014,1,15,36.0365,-0.7656,0.316228
2014,1,15,36.0365,-0.7135,0.316228
2014,1,15,36.026,-0.8281,0.316228
2014,1,15,36.026,-0.7969,0.316228
2014,1,15,36.026,-0.7448,0.316228
2014,1,15,36.0156,-0.9948,0.316228
2014,1,15,36.0156,-0.849,0.316228
2014,1,15,36.0156,-0.776,0.316228
2014,1,15,36.0156,-0.7344,0.316228
2014,1,15,36.0052,-0.9844,0.316228
2014,1,15,36.0052,-0.849,0.316228
2014,1,15,35.9948,-0.9844,0.316228
2014,1,15,35.9948,-0.8906,0.316228
2014,1,15,35.9948,-0.8802,0.316228
2014,1,15,35.9948,-0.8594,0.316228
2014,1,15,35.9948,-0.7552,0.316228
2014,1,15,35.9844,-0.974,0.316228
2014,1,15,35.9844,-0.9635,0.316228
2014,1,15,35.9844,-0.9427,0.316228
2014,1,15,35.974,-0.9219,0.316228
2014,1,15,35.974,-0.8594,0.316228
2014,1,15,35.974,-0.6823,0.316228
2014,1,15,35.974,-0.6719,0.316228
2014,1,15,35.9635,-0.9115,0.316228
2014,1,15,35.9635,-0.901,0.316228
2014,1,15,35.9635,-0.8802,0.316228
2014,1,15,35.9635,-0.8594,0.316228
2014,1,15,35.9635,-0.8281,0.316228
2014,1,15,35.9635,-0.6719,0.316228
2014,1,15,35.9531,-0.9635,0.316228
2014,1,15,35.9531,-0.8906,0.316228
2014,1,15,35.9427,-0.901,0.316228
2014,1,15,35.9427,-0.8906,0.316228
2014,1,15,35.9427,-0.849,0.316228
2014,1,15,35.9323,-0.901,0.316228
2014,1,15,35.9323,-0.8177,0.316228
2014,1,15,35.9219,-0.9323,0.316228
2014,1,15,35.9219,-0.901,0.316228
2014,1,15,35.9115,-0.9115,0.316228
2014,1,15,35.9115,-0.8698,0.316228
2014,1,15,35.9115,-0.849,0.316228
2014,1,15,35.9115,-0.8385,0.316228
2014,1,15,35.901,-0.9323,0.316228
2014,1,15,35.901,-0.9219,0.316228
2014,1,15,35.901,-0.8698,0.316228
2014,1,15,35.8906,-0.9635,0.316228
2014,1,15,35.8802,-0.776,0.316228
2014,1,15,35.8698,-0.776,0.316228
2014,1,15,35.8698,-0.7344,0.316228
2014,1,15,35.8594,-0.7865,0.316228
2014,1,15,35.8594,-0.7552,0.316228
2014,1,15,35.849,-0.8698,0.316228
2014,1,15,35.849,-0.7552,0.316228
2014,1,15,35.8385,-0.8906,0.316228
2014,1,15,35.8385,-0.8802,0.316228
2014,1,15,35.8385,-0.776,0.316228
2014,1,15,35.8281,-0.8698,0.316228
2014,1,15,35.8281,-0.8073,0.316228
2014,1,15,35.8281,-0.7969,0.316228
2014,1,15,35.8177,-0.9844,0.316228
2014,1,15,35.8177,-0.901,0.316228
2014,1,15,35.8177,-0.8073,0.316228
2014,1,15,35.8177,-0.7865,0.316228
2014,1,15,35.8073,-0.974,0.316228
2014,1,15,35.8073,-0.9635,0.316228
2014,1,15,35.8073,-0.9531,0.316228
2014,1,15,35.7969,-0.9531,0.316228
2014,1,15,35.7969,-0.8281,0.316228
2014,1,15,35.7969,-0.8073,0.316228
2014,1,15,35.7969,-0.7969,0.316228
2014,1,15,35.7865,-0.8385,0.316228
2014,1,15,35.7865,-0.7448,0.316228
2014,1,15,35.7865,-0.7344,0.316228
2014,1,15,35.776,-0.9115,0.316228
2014,1,15,35.776,-0.8698,0.316228
2014,1,15,35.776,-0.7344 *,0.316228
2014,1,15,35.7552,-0.7031,0.316228
2014,1,15,37.3594,0.974,0.316228
2014,1,15,37.3594,0.9844,0.316228
2014,1,15,37.2865,0.9115,0.316228
2014,1,15,37.2344,0.776,0.316228
2014,1,15,37.2135,0.5573,0.316228
2014,1,15,36.8802,-0.2656,0.316228
2014,1,15,36.8802,-0.1615,0.316228
2014,1,15,36.8698,-0.2656,0.316228
2014,1,15,36.7656,-0.474,0.316228
2014,1,15,36.724,0.8281,0.316228
2014,1,15,36.724,0.8698,0.316228
2014,1,15,36.7135,-0.4948,0.316228
2014,1,15,36.7135,0.8698,0.316228
2014,1,15,36.7031,-0.4948,0.316228
2014,1,15,36.6927,-0.3073,0.316228
2014,1,15,36.6927,0.9115,0.316228
2014,1,15,36.6823,0.901,0.316228
2014,1,15,36.6615,0.8281,0.316228
2014,1,15,36.651,0.3073,0.316228
2014,1,15,36.6406,-0.2969,0.316228
2014,1,15,36.6406,0.8281,0.316228
2014,1,15,36.6198,0.8281,0.316228
2014,1,15,36.6094,0.8385,0.316228
2014,1,15,36.6094,0.8594,0.316228
2014,1,15,36.599,0.8594,0.316228
2014,1,15,36.526,0.9531,0.316228
2014,1,15,36.5156,0.8698,0.316228
2014,1,15,36.5156,0.9427,0.316228
2014,1,15,36.5156,0.9531,0.316228
2014,1,15,36.5052,0.8906,0.316228
2014,1,15,36.4948,0.8906,0.316228
2014,1,15,36.4948,0.901,0.316228
2014,1,15,36.4844,0.901,0.316228
2014,1,15,36.3698,0.6302,0.316228
2014,1,15,36.349,-0.4427,0.316228
2014,1,15,36.3385,-0.474,0.316228
2014,1,15,36.3385,-0.4635,0.316228
2014,1,15,36.3281,-0.5677,0.316228
2014,1,15,36.3281,-0.526,0.316228
2014,1,15,36.3281,-0.4323,0.316228
2014,1,15,36.3177,-0.4115,0.316228
2014,1,15,36.3177,0.3594,0.316228
2014,1,15,36.3073,-0.6615,0.316228
2014,1,15,36.3073,-0.4115,0.316228
2014,1,15,36.3073,0.3594,0.316228
2014,1,15,36.2969,-0.6198,0.316228
2014,1,15,36.2865,0.2865,0.316228
2014,1,15,36.2865,0.2969,0.316228
2014,1,15,36.2865,0.3073,0.316228
2014,1,15,36.276,-0.3906,0.316228
2014,1,15,36.224,0.2344,0.316228
2014,1,15,36.2135,0.2135,0.316228
2014,1,15,36.1927,-0.349,0.316228
2014,1,15,36.1927,0.1927,0.316228
2014,1,15,36.1927,0.2031,0.316228
2014,1,15,36.1823,-0.5573,0.316228
2014,1,15,36.1823,0.1302,0.316228
2014,1,15,36.1823,0.1406,0.316228
2014,1,15,36.1823,0.151,0.316228
2014,1,15,36.1719,0.1406,0.316228
2014,1,15,36.1719,0.1823,0.316228
2014,1,15,36.1615,-0.3177,0.316228
2014,1,15,36.1615,0.1094,0.316228
2014,1,15,36.1615,0.1198,0.316228
2014,1,15,36.1615,0.1302,0.316228
2014,1,15,36.1615,0.151,0.316228
2014,1,15,36.1615,0.1615,0.316228
2014,1,15,36.1615,0.1719,0.316228
2014,1,15,36.151,-0.651,0.316228
2014,1,15,36.151,-0.599,0.316228
2014,1,15,36.151,0.1302,0.316228
2014,1,15,36.1406,-0.3281,0.316228
2014,1,15,36.1406,0.1302,0.316228
2014,1,15,36.1302,-0.6406,0.316228
2014,1,15,36.1302,-0.6198,0.316228
2014,1,15,36.1302,0.1198,0.316228
2014,1,15,36.1302,0.1302,0.316228
2014,1,15,36.1198,-0.651,0.316228
2014,1,15,36.1198,-0.3698,0.316228
2014,1,15,36.1198,-0.3281,0.316228
2014,1,15,36.1198,0.099,0.316228
2014,1,15,36.1198,0.1198,0.316228
2014,1,15,36.1094,-0.6302,0.316228
2014,1,15,36.1094,-0.5781,0.316228
2014,1,15,36.1094,-0.3698,0.316228
2014,1,15,36.1094,-0.3385,0.316228
2014,1,15,36.1094,0.1094,0.316228
2014,1,15,36.099,-0.6615,0.316228
2014,1,15,36.099,-0.599,0.316228
2014,1,15,36.099,-0.5781,0.316228
2014,1,15,36.099,-0.5573,0.316228
2014,1,15,36.099,-0.4115,0.316228
2014,1,15,36.099,-0.3177,0.316228
2014,1,15,36.099,-0.3073,0.316228
2014,1,15,36.099,0.0469,0.316228
2014,1,15,36.099,0.0885,0.316228
2014,1,15,36.0885,-0.5573,0.316228
2014,1,15,36.0885,0.0573,0.316228
2014,1,15,36.0781,-0.599,0.316228
2014,1,15,36.0781,-0.5781,0.316228
2014,1,15,36.0781,-0.5469,0.316228
2014,1,15,36.0781,-0.526,0.316228
2014,1,15,36.0781,-0.5156,0.316228
2014,1,15,36.0781,-0.3385,0.316228
2014,1,15,36.0781,-0.3177,0.316228
2014,1,15,36.0781,-0.2656,0.316228
2014,1,15,36.0677,-0.6094,0.316228
2014,1,15,36.0677,-0.5469,0.316228
2014,1,15,36.0677,-0.526,0.316228
2014,1,15,36.0677,-0.5156,0.316228
2014,1,15,36.0677,-0.4844,0.316228
2014,1,15,36.0677,-0.474,0.316228
2014,1,15,36.0677,-0.4635,0.316228
2014,1,15,36.0677,-0.3281,0.316228
2014,1,15,36.0677,-0.3177,0.316228
2014,1,15,36.0677,-0.0677,0.316228
2014,1,15,36.0677,-0.0469,0.316228
2014,1,15,36.0677,0.0469,0.316228
2014,1,15,36.0677,0.0573,0.316228
2014,1,15,36.0573,-0.6302,0.316228
2014,1,15,36.0573,-0.599,0.316228
2014,1,15,36.0573,-0.5885,0.316228
2014,1,15,36.0573,-0.5052,0.316228
2014,1,15,36.0573,-0.4948,0.316228
2014,1,15,36.0573,-0.4844,0.316228
2014,1,15,36.0573,-0.4427,0.316228
2014,1,15,36.0573,-0.4115,0.316228
2014,1,15,36.0573,-0.401,0.316228
2014,1,15,36.0573,-0.3177,0.316228
2014,1,15,36.0573,-0.0573,0.316228
2014,1,15,36.0573,0.0156,0.316228
2014,1,15,36.0573,0.0573,0.316228
2014,1,15,36.0469,-0.6302,0.316228
2014,1,15,36.0469,-0.6094,0.316228
2014,1,15,36.0469,-0.5677,0.316228
2014,1,15,36.0469,-0.5469,0.316228
2014,1,15,36.0469,-0.5156,0.316228
2014,1,15,36.0469,-0.4844,0.316228
2014,1,15,36.0469,-0.3281,0.316228
2014,1,15,36.0469,-0.3177,0.316228
2014,1,15,36.0469,-0.3073,0.316228
2014,1,15,36.0469,-0.1927,0.316228
2014,1,15,36.0469,-0.1615,0.316228
2014,1,15,36.0469,0.0156,0.316228
2014,1,15,36.0469,0.0573,0.316228
2014,1,15,36.0365,-0.6302,0.316228
2014,1,15,36.0365,-0.6198,0.316228
2014,1,15,36.0365,-0.599,0.316228
2014,1,15,36.0365,-0.349,0.316228
2014,1,15,36.0365,-0.3281,0.316228
2014,1,15,36.0365,-0.224,0.316228
2014,1,15,36.0365,-0.2135,0.316228
2014,1,15,36.0365,0.0469,0.316228
2014,1,15,36.026,-0.6406,0.316228
2014,1,15,36.026,-0.5781,0.316228
2014,1,15,36.026,-0.5677,0.316228
2014,1,15,36.026,-0.3385,0.316228
2014,1,15,36.026,-0.2344,0.316228
2014,1,15,36.026,-0.224,0.316228
2014,1,15,36.026,0.0052,0.316228
2014,1,15,36.0156,-0.6406,0.316228
2014,1,15,36.0156,-0.4323,0.316228
2014,1,15,36.0156,-0.3802,0.316228
2014,1,15,36.0156,-0.2969,0.316228
2014,1,15,36.0052,-0.6302,0.316228
2014,1,15,36.0052,-0.3177,0.316228
2014,1,15,36.0052,-0.1719,0.316228
2014,1,15,36.0052,-0.1615,0.316228
2014,1,15,36.0052,-0.1406,0.316228
2014,1,15,36.0052,-0.0052,0.316228
2014,1,15,35.9948,-0.6302,0.316228
2014,1,15,35.9948,-0.1719,0.316228
2014,1,15,35.9948,-0.1406,0.316228
2014,1,15,35.9948,-0.1302,0.316228
2014,1,15,35.9844,-0.5573,0.316228
2014,1,15,35.9844,-0.5365,0.316228
2014,1,15,35.9844,-0.4948,0.316228
2014,1,15,35.9844,-0.1719,0.316228
2014,1,15,35.9844,-0.1615,0.316228
2014,1,15,35.9844,-0.1302,0.316228
2014,1,15,35.9844,-0.1198,0.316228
2014,1,15,35.974,-0.6302,0.316228
2014,1,15,35.974,-0.6094,0.316228
2014,1,15,35.974,-0.599,0.316228
2014,1,15,35.974,-0.5677,0.316228
2014,1,15,35.974,-0.5469,0.316228
2014,1,15,35.974,-0.474,0.316228
2014,1,15,35.974,-0.4531,0.316228
2014,1,15,35.974,-0.1823,0.316228
2014,1,15,35.974,-0.1719,0.316228
2014,1,15,35.974,-0.151,0.316228
2014,1,15,35.9635,-0.6302,0.316228
2014,1,15,35.9635,-0.6198,0.316228
2014,1,15,35.9635,-0.6094,0.316228
2014,1,15,35.9635,-0.599,0.316228
2014,1,15,35.9635,-0.5781,0.316228
2014,1,15,35.9635,-0.5573,0.316228
2014,1,15,35.9635,-0.2552,0.316228
2014,1,15,35.9635,-0.2135,0.316228
2014,1,15,35.9635,-0.1615,0.316228
2014,1,15,35.9635,-0.151,0.316228
2014,1,15,35.9531,-0.5677,0.316228
2014,1,15,35.9531,-0.3906,0.316228
2014,1,15,35.9531,-0.3177,0.316228
2014,1,15,35.9531,-0.2865,0.316228
2014,1,15,35.9427,-0.6406,0.316228
2014,1,15,35.9427,-0.5885,0.316228
2014,1,15,35.9427,-0.5052,0.316228
2014,1,15,35.9427,-0.3073,0.316228
2014,1,15,35.9323,-0.3906,0.316228
2014,1,15,35.9323,-0.3698,0.316228
2014,1,15,35.9323,-0.3385,0.316228
2014,1,15,35.9323,-0.0156,0.316228
2014,1,15,35.9219,-0.4531,0.316228
2014,1,15,35.9115,-0.2135,0.316228
2014,1,15,35.9115,-0.0885,0.316228
2014,1,15,35.9115,-0.0781,0.316228
2014,1,15,35.9115,-0.0365,0.316228
2014,1,15,35.901,-0.474,0.316228
2014,1,15,35.901,-0.1823,0.316228
2014,1,15,35.901,-0.0885,0.316228
2014,1,15,35.8802,-0.1198,0.316228
2014,1,15,35.8698,-0.5156,0.316228
2014,1,15,35.8281,-0.1927,0.316228
2014,1,17,36.2031,-0.9635,0.316228
2014,1,17,37.1927,0.599,0.316228
2014,1,17,37.1927,0.6094,0.316228
2014,1,17,36.9219,-0.1094,0.316228
2014,1,17,36.8698,-0.2448,0.316228
2014,1,17,36.6927,-0.5156,0.316228
2014,1,17,36.6823,-0.5156,0.316228
2014,1,17,36.6719,-0.5365,0.316228
2014,1,18,36.7135,-0.6927,0.316228
2014,1,18,36.7135,-0.6823,0.316228
2014,1,18,36.7031,-0.7135,0.316228
2014,1,18,36.7031,-0.7031,0.316228
2014,1,18,36.6927,-0.7135,0.316228
2014,1,18,36.651,-0.8385,0.316228
2014,1,18,36.651,-0.776,0.316228
2014,1,18,36.6406,-0.7656,0.316228
2014,1,18,36.6406,-0.7135,0.316228
2014,1,18,36.6406,-0.7031,0.316228
2014,1,18,36.6302,-0.7031,0.316228
2014,1,18,36.6198,-0.7031,0.316228
2014,1,18,36.6198,-0.6927,0.316228
2014,1,18,36.6198,-0.6719,0.316228
2014,1,18,36.6094,-0.6927,0.316228
2014,1,18,36.6094,-0.6823,0.316228
2014,1,18,36.526,-0.7135,0.316228
2014,1,18,36.4948,-0.724,0.316228
2014,1,18,36.4948,-0.7135,0.316228
2014,1,18,36.4635,-0.7135,0.316228
2014,1,18,36.4531,-0.6927,0.316228
2014,1,18,36.4531,-0.6823,0.316228
2014,1,18,36.3802,-0.6927,0.316228
2014,1,18,36.3594,-0.7344,0.316228
2014,1,18,36.3594,-0.724,0.316228
2014,1,18,36.3385,-0.7552,0.316228
2014,1,18,36.3281,-0.776,0.316228
2014,1,18,36.3073,-0.9219,0.316228
2014,1,18,36.2969,-0.849,0.316228
2014,1,18,36.2865,-0.8802,0.316228
2014,1,18,36.2865,-0.849,0.316228
2014,1,18,36.2135,-0.7448,0.316228
2014,1,18,36.2031,-0.7448,0.316228
2014,1,18,36.2031,-0.724,0.316228
2014,1,18,36.2031,-0.7135,0.316228
2014,1,18,36.2031,-0.7031,0.316228
2014,1,18,36.1927,-0.7865,0.316228
2014,1,18,36.1927,-0.724,0.316228
2014,1,18,36.1823,-0.7865,0.316228
2014,1,18,36.1823,-0.7552,0.316228
2014,1,18,36.1823,-0.7448,0.316228
2014,1,18,36.1823,-0.7344,0.316228
2014,1,18,36.1823,-0.724,0.316228
2014,1,18,36.1823,-0.7135,0.316228
2014,1,18,36.1719,-0.776,0.316228
2014,1,18,36.1719,-0.7448,0.316228
2014,1,18,36.1615,-0.7865,0.316228
2014,1,18,36.1615,-0.776,0.316228
2014,1,18,36.1615,-0.7552,0.316228
2014,1,18,36.151,-0.8073,0.316228
2014,1,18,36.151,-0.7865,0.316228
2014,1,18,36.151,-0.776,0.316228
2014,1,18,36.151,-0.7656,0.316228
2014,1,18,36.151,-0.6927,0.316228
2014,1,18,36.1406,-0.7969,0.316228
2014,1,18,36.1406,-0.7865,0.316228
2014,1,18,36.1406,-0.776,0.316228
2014,1,18,36.1406,-0.7656,0.316228
2014,1,18,36.1406,-0.7448,0.316228
2014,1,18,36.1406,-0.7344,0.316228
2014,1,18,36.1406,-0.724,0.316228
2014,1,18,36.1406,-0.7135,0.316228
2014,1,18,36.1302,-0.7969,0.316228
2014,1,18,36.1302,-0.776,0.316228
2014,1,18,36.1302,-0.7552,0.316228
2014,1,18,36.1302,-0.724,0.316228
2014,1,18,36.1302,-0.7031,0.316228
2014,1,18,36.1198,-0.8073,0.316228
2014,1,18,36.1198,-0.7552,0.316228
2014,1,18,36.1198,-0.6719,0.316228
2014,1,18,36.1094,-0.8073,0.316228
2014,1,18,36.099,-0.8698,0.316228
2014,1,18,36.099,-0.849,0.316228
2014,1,18,36.099,-0.8073,0.316228
2014,1,18,36.099,-0.7344,0.316228
2014,1,18,36.099,-0.6823,0.316228
2014,1,18,36.0885,-0.974,0.316228
2014,1,18,36.0885,-0.8698,0.316228
2014,1,18,36.0885,-0.7344,0.316228
2014,1,18,36.0885,-0.7135,0.316228
2014,1,18,36.0885,-0.6927,0.316228
2014,1,18,36.0885,-0.6719,0.316228
2014,1,18,36.0781,-0.9844,0.316228
2014,1,18,36.0781,-0.8802,0.316228
2014,1,18,36.0781,-0.7031,0.316228
2014,1,18,36.0781,-0.6823,0.316228
2014,1,18,36.0781,-0.6719,0.316228
2014,1,18,36.0677,-0.9948,0.316228
2014,1,18,36.0677,-0.8906,0.316228
2014,1,18,36.0677,-0.724,0.316228
2014,1,18,36.0677,-0.6823,0.316228
2014,1,18,36.0677,-0.6719,0.316228
2014,1,18,36.0573,-0.901,0.316228
2014,1,18,36.0573,-0.8906,0.316228
2014,1,18,36.0573,-0.8802,0.316228
2014,1,18,36.0573,-0.7552,0.316228
2014,1,18,36.0573,-0.7135,0.316228
2014,1,18,36.0573,-0.7031,0.316228
2014,1,18,36.0573,-0.6823,0.316228
2014,1,18,36.0573,-0.6719,0.316228
2014,1,18,36.0469,-0.8802,0.316228
2014,1,18,36.0469,-0.849,0.316228
2014,1,18,36.0469,-0.7865,0.316228
2014,1,18,36.0469,-0.776,0.316228
2014,1,18,36.0469,-0.7552,0.316228
2014,1,18,36.0469,-0.7344,0.316228
2014,1,18,36.0469,-0.7135,0.316228
2014,1,18,36.0469,-0.7031,0.316228
2014,1,18,36.0469,-0.6927,0.316228
2014,1,18,36.0365,-0.9531,0.316228
2014,1,18,36.0365,-0.901,0.316228
2014,1,18,36.0365,-0.8802,0.316228
2014,1,18,36.0365,-0.8698,0.316228
2014,1,18,36.0365,-0.7656,0.316228
2014,1,18,36.0365,-0.724,0.316228
2014,1,18,36.026,-0.8594,0.316228
2014,1,18,36.026,-0.849,0.316228
2014,1,18,36.026,-0.776,0.316228
2014,1,18,36.026,-0.7448,0.316228
2014,1,18,36.0156,-0.8698,0.316228
2014,1,18,36.0156,-0.8594,0.316228
2014,1,18,36.0156,-0.849,0.316228
2014,1,18,36.0052,-0.9427,0.316228
2014,1,18,36.0052,-0.8802,0.316228
2014,1,18,35.9948,-0.7552,0.316228
2014,1,18,35.9844,-0.8594,0.316228
2014,1,18,35.9844,-0.7135,0.316228
2014,1,18,35.9635,-0.9323,0.316228
2014,1,18,35.9635,-0.9219,0.316228
2014,1,18,35.9635,-0.9115,0.316228
2014,1,18,35.9531,-0.9844,0.316228
2014,1,18,35.9531,-0.9427,0.316228
2014,1,18,35.9323,-0.974,0.316228
2014,1,18,35.9323,-0.9635,0.316228
2014,1,18,35.9323,-0.8802,0.316228
2014,1,18,35.901,-0.9531,0.316228
2014,1,18,35.901,-0.9427,0.316228
2014,1,18,35.849,-0.7135,0.316228
2014,1,18,35.8281,-0.7135,0.316228
2014,1,18,35.8073,-0.7135,0.316228
2014,1,18,35.7969,-0.7969,0.316228
2014,1,18,35.7969,-0.7135,0.316228
2014,1,18,35.776,-0.9531,0.316228
2014,1,18,35.776,-0.8281,0.316228
2014,1,18,35.7656,-0.7344,0.316228
2014,1,18,35.7656,-0.724,0.316228
2014,1,18,35.7552,-0.6719,0.316228
2014,1,18,35.724,-0.9844 *,0.316228
2014,1,18,36.8177,-0.3385,0.316228
2014,1,18,36.8177,-0.3281,0.316228
2014,1,18,36.8073,-0.4635,0.316228
2014,1,18,36.8073,-0.3802,0.316228
2014,1,18,36.8073,-0.3594,0.316228
2014,1,18,36.8073,-0.3385,0.316228
2014,1,18,36.7969,-0.4531,0.316228
2014,1,18,36.7969,-0.3802,0.316228
2014,1,18,36.7969,-0.3594,0.316228
2014,1,18,36.7865,-0.474,0.316228
2014,1,18,36.7865,-0.4323,0.316228
2014,1,18,36.7865,-0.4115,0.316228
2014,1,18,36.7865,-0.3906,0.316228
2014,1,18,36.7865,-0.3802,0.316228
2014,1,18,36.7865,-0.3698,0.316228
2014,1,18,36.7865,-0.349,0.316228
2014,1,18,36.776,-0.4948,0.316228
2014,1,18,36.776,-0.3906,0.316228
2014,1,18,36.776,-0.3698,0.316228
2014,1,18,36.7656,-0.5052,0.316228
2014,1,18,36.7552,-0.5781,0.316228
2014,1,18,36.7552,-0.5677,0.316228
2014,1,18,36.7552,-0.5156,0.316228
2014,1,18,36.7552,-0.2552,0.316228
2014,1,18,36.7552,-0.1406,0.316228
2014,1,18,36.7448,-0.2656,0.316228
2014,1,18,36.7448,-0.2448,0.316228
2014,1,18,36.7448,0.0469,0.316228
2014,1,18,36.7344,-0.5052,0.316228
2014,1,18,36.7344,-0.4531,0.316228
2014,1,18,36.7344,-0.4427,0.316228
2014,1,18,36.7344,-0.3906,0.316228
2014,1,18,36.7135,-0.1094,0.316228
2014,1,18,36.7031,-0.526,0.316228
2014,1,18,36.7031,-0.1927,0.316228
2014,1,18,36.7031,-0.1094,0.316228
2014,1,18,36.6927,-0.2135,0.316228
2014,1,18,36.6927,-0.1823,0.316228
2014,1,18,36.6823,-0.5781,0.316228
2014,1,18,36.6823,-0.2552,0.316228
2014,1,18,36.6823,-0.224,0.316228
2014,1,18,36.6823,-0.2135,0.316228
2014,1,18,36.6823,-0.0573,0.316228
2014,1,18,36.6719,-0.5781,0.316228
2014,1,18,36.6719,-0.224,0.316228
2014,1,18,36.6615,-0.5573,0.316228
2014,1,18,36.6615,-0.224,0.316228
2014,1,18,36.6615,-0.1927,0.316228
2014,1,18,36.6615,-0.1094,0.316228
2014,1,18,36.651,-0.5573,0.316228
2014,1,18,36.651,-0.2448,0.316228
2014,1,18,36.651,-0.1823,0.316228
2014,1,18,36.651,-0.1719,0.316228
2014,1,18,36.6406,-0.5677,0.316228
2014,1,18,36.6406,-0.5573,0.316228
2014,1,18,36.6302,-0.5469,0.316228
2014,1,18,36.6198,-0.5885,0.316228
2014,1,18,36.6198,-0.5781,0.316228
2014,1,18,36.6198,-0.5469,0.316228
2014,1,18,36.6094,-0.1927,0.316228
2014,1,18,36.599,-0.2344,0.316228
2014,1,18,36.599,-0.1719,0.316228
2014,1,18,36.599,-0.1615,0.316228
2014,1,18,36.5885,-0.2344,0.316228
2014,1,18,36.5885,-0.2135,0.316228
2014,1,18,36.5781,-0.099,0.316228
2014,1,18,36.5677,-0.6198,0.316228
2014,1,18,36.5677,-0.2448,0.316228
2014,1,18,36.5677,-0.224,0.316228
2014,1,18,36.5573,-0.2656,0.316228
2014,1,18,36.5573,-0.1198,0.316228
2014,1,18,36.5469,-0.3177,0.316228
2014,1,18,36.5469,-0.1615,0.316228
2014,1,18,36.5365,-0.3281,0.316228
2014,1,18,36.4948,-0.3698,0.316228
2014,1,18,36.4844,-0.4219,0.316228
2014,1,18,36.4844,-0.3906,0.316228
2014,1,18,36.4635,0.1615,0.316228
2014,1,18,36.4427,-0.4323,0.316228
2014,1,18,36.4323,-0.6094,0.316228
2014,1,18,36.4323,-0.599,0.316228
2014,1,18,36.4115,-0.599,0.316228
2014,1,18,36.4115,-0.5885,0.316228
2014,1,18,36.3802,-0.599,0.316228
2014,1,18,36.3802,-0.5885,0.316228
2014,1,18,36.3594,-0.0573,0.316228
2014,1,18,36.3594,-0.0469,0.316228
2014,1,18,36.3385,-0.0781,0.316228
2014,1,18,36.3281,0.0156,0.316228
2014,1,18,36.3177,-0.026,0.316228
2014,1,18,36.3177,0.026,0.316228
2014,1,18,36.3177,0.2448,0.316228
2014,1,18,36.3073,-0.3177,0.316228
2014,1,18,36.3073,0.026,0.316228
2014,1,18,36.3073,0.2031,0.316228
2014,1,18,36.3073,0.2135,0.316228
2014,1,18,36.2969,0.0469,0.316228
2014,1,18,36.2969,0.0677,0.316228
2014,1,18,36.2865,-0.1927,0.316228
2014,1,18,36.2865,0.0156,0.316228
2014,1,18,36.2865,0.0469,0.316228
2014,1,18,36.276,-0.1302,0.316228
2014,1,18,36.276,0.2135,0.316228
2014,1,18,36.2552,-0.3281,0.316228
2014,1,18,36.2552,-0.224,0.316228
2014,1,18,36.2552,-0.2031,0.316228
2014,1,18,36.2552,-0.1406,0.316228
2014,1,18,36.2552,-0.0052,0.316228
2014,1,18,36.2552,0.0052,0.316228
2014,1,18,36.2552,0.2344,0.316228
2014,1,18,36.2448,-0.3385,0.316228
2014,1,18,36.2448,-0.3073,0.316228
2014,1,18,36.2448,-0.151,0.316228
2014,1,18,36.2448,0.0156,0.316228
2014,1,18,36.2448,0.2344,0.316228
2014,1,18,36.2448,0.2448,0.316228
2014,1,18,36.2344,-0.349,0.316228
2014,1,18,36.2344,-0.3385,0.316228
2014,1,18,36.2344,-0.3281,0.316228
2014,1,18,36.2344,-0.1719,0.316228
2014,1,18,36.2344,0.2552,0.316228
2014,1,18,36.224,-0.4844,0.316228
2014,1,18,36.224,-0.349,0.316228
2014,1,18,36.224,-0.3385,0.316228
2014,1,18,36.224,-0.3281,0.316228
2014,1,18,36.224,0.0469,0.316228
2014,1,18,36.2135,-0.5365,0.316228
2014,1,18,36.2135,-0.526,0.316228
2014,1,18,36.2135,-0.5052,0.316228
2014,1,18,36.2135,-0.4948,0.316228
2014,1,18,36.2135,-0.474,0.316228
2014,1,18,36.2135,-0.4531,0.316228
2014,1,18,36.2135,-0.3594,0.316228
2014,1,18,36.2135,-0.1927,0.316228
2014,1,18,36.2135,0.0052,0.316228
2014,1,18,36.2135,0.026,0.316228
2014,1,18,36.2031,-0.5781,0.316228
2014,1,18,36.2031,-0.5677,0.316228
2014,1,18,36.2031,-0.5365,0.316228
2014,1,18,36.2031,0.2865,0.316228
2014,1,18,36.1927,-0.5365,0.316228
2014,1,18,36.1927,-0.5156,0.316228
2014,1,18,36.1927,-0.1927,0.316228
2014,1,18,36.1927,-0.1719,0.316228
2014,1,18,36.1927,0.2344,0.316228
2014,1,18,36.1823,-0.6094,0.316228
2014,1,18,36.1823,-0.599,0.316228
2014,1,18,36.1823,-0.5677,0.316228
2014,1,18,36.1823,-0.5573,0.316228
2014,1,18,36.1823,-0.5469,0.316228
2014,1,18,36.1823,-0.5365,0.316228
2014,1,18,36.1823,-0.526,0.316228
2014,1,18,36.1823,-0.0469,0.316228
2014,1,18,36.1719,-0.6198,0.316228
2014,1,18,36.1719,-0.599,0.316228
2014,1,18,36.1719,-0.5781,0.316228
2014,1,18,36.1719,-0.5677,0.316228
2014,1,18,36.1719,-0.5573,0.316228
2014,1,18,36.1719,-0.5469,0.316228
2014,1,18,36.1719,-0.0781,0.316228
2014,1,18,36.1615,-0.651,0.316228
2014,1,18,36.1615,-0.5677,0.316228
2014,1,18,36.1615,-0.5573,0.316228
2014,1,18,36.1615,-0.349,0.316228
2014,1,18,36.1615,-0.3073,0.316228
2014,1,18,36.1615,-0.151,0.316228
2014,1,18,36.1615,-0.0781,0.316228
2014,1,18,36.151,-0.5781,0.316228
2014,1,18,36.151,-0.0885,0.316228
2014,1,18,36.151,-0.0365,0.316228
2014,1,18,36.151,-0.0156,0.316228
2014,1,18,36.1406,-0.5885,0.316228
2014,1,18,36.1406,-0.5781,0.316228
2014,1,18,36.1406,-0.3802,0.316228
2014,1,18,36.1302,-0.6094,0.316228
2014,1,18,36.1302,-0.5885,0.316228
2014,1,18,36.1198,-0.651,0.316228
2014,1,18,36.1094,-0.6406,0.316228
2014,1,18,36.099,-0.6615,0.316228
2014,1,18,36.099,-0.6406,0.316228
2014,1,18,36.099,-0.5885,0.316228
2014,1,18,36.0885,-0.6615,0.316228
2014,1,18,36.0885,-0.651,0.316228
2014,1,18,36.0677,-0.6198,0.316228
2014,1,18,36.0677,-0.5781,0.316228
2014,1,18,36.0677,-0.0885,0.316228
2014,1,18,36.0573,-0.6198,0.316228
2014,1,18,36.0573,-0.599,0.316228
2014,1,18,36.026,-0.6406,0.316228
2014,1,18,36.0156,-0.1406,0.316228
2014,1,18,36.0052,-0.276,0.316228
2014,1,18,36.0052,-0.2552,0.316228
2014,1,18,36.0052,-0.151,0.316228
2014,1,18,36.0052,-0.1302,0.316228
2014,1,18,35.9948,-0.1615,0.316228
2014,1,18,35.9844,-0.1927,0.316228
2014,1,18,35.9427,-0.401,0.316228
2014,1,18,35.9427,-0.224,0.316228
2014,1,18,35.9219,-0.5156,0.316228
2014,1,18,35.7865,-0.5677,0.316228
2014,1,18,35.7552,-0.6094,0.316228
2014,1,20,36.2031,-0.9323,0.316228
2014,1,20,36.1823,-0.8281,0.316228
2014,1,20,36.1615,-0.724,0.316228
2014,1,20,36.1198,-0.8906,0.316228
2014,1,20,36.0677,-0.7552,0.316228
2014,1,20,36.026,-0.9115,0.316228
2014,1,20,36.026,-0.8906,0.316228
2014,1,20,36.026,-0.8281,0.316228
2014,1,20,36.0156,-0.9323,0.316228
2014,1,20,36.0156,-0.8906,0.316228
2014,1,20,36.0156,-0.8385,0.316228
2014,1,20,35.9948,-0.9948,0.316228
2014,1,20,35.9844,-0.7656,0.316228
2014,1,20,35.974,-0.8698,0.316228
2014,1,20,35.974,-0.8594,0.316228
2014,1,20,35.974,-0.849,0.316228
2014,1,20,35.974,-0.8177,0.316228
2014,1,20,35.9635,-0.9323,0.316228
2014,1,20,35.9635,-0.901,0.316228
2014,1,20,35.9635,-0.6823,0.316228
2014,1,20,35.9427,-0.9948,0.316228
2014,1,20,35.9427,-0.6719,0.316228
2014,1,20,35.8802,-0.724,0.316228
2014,1,20,35.8281,-0.8698,0.316228
2014,1,20,37.3698,0.9115,0.316228
2014,1,20,37.1719,0.8906,0.316228
2014,1,20,37.1615,0.9219,0.316228
2014,1,20,37.0469,0.974,0.316228
2014,1,20,36.9531,0.599,0.316228
2014,1,20,36.9531,0.974,0.316228
2014,1,20,36.651,0.974,0.316228
2014,1,20,36.6406,0.9844,0.316228
2014,1,20,36.6302,0.9635,0.316228
2014,1,20,36.6198,0.9635,0.316228
2014,1,20,36.6198,0.974,0.316228
2014,1,20,36.6094,0.9635,0.316228
2014,1,20,36.6094,0.974,0.316228
2014,1,20,36.599,0.974,0.316228
2014,1,20,36.5885,0.974,0.316228
2014,1,20,36.5677,0.1406,0.316228
2014,1,20,36.5677,0.8177,0.316228
2014,1,20,36.5677,0.8594,0.316228
2014,1,20,36.5677,0.8698,0.316228
2014,1,20,36.5573,0.3906,0.316228
2014,1,20,36.5573,0.5156,0.316228
2014,1,20,36.5573,0.5885,0.316228
2014,1,20,36.5573,0.599,0.316228
2014,1,20,36.5573,0.849,0.316228
2014,1,20,36.5573,0.8906,0.316228
2014,1,20,36.5469,0.401,0.316228
2014,1,20,36.5469,0.5365,0.316228
2014,1,20,36.5469,0.5677,0.316228
2014,1,20,36.5469,0.6406,0.316228
2014,1,20,36.5469,0.7031,0.316228
2014,1,20,36.5469,0.7552,0.316228
2014,1,20,36.5469,0.7865,0.316228
2014,1,20,36.5469,0.901,0.316228
2014,1,20,36.5365,0.1927,0.316228
2014,1,20,36.5365,0.5573,0.316228
2014,1,20,36.5365,0.6302,0.316228
2014,1,20,36.5365,0.6406,0.316228
2014,1,20,36.526,0.7865,0.316228
2014,1,20,36.5156,0.099,0.316228
2014,1,20,36.5052,0.1406,0.316228
2014,1,20,36.4844,0.0052,0.316228
2014,1,20,36.474,-0.2031,0.316228
2014,1,20,36.4531,-0.0885,0.316228
2014,1,20,36.3594,-0.4115,0.316228
2014,1,20,36.3594,0.0469,0.316228
2014,1,20,36.349,-0.3906,0.316228
2014,1,20,36.2969,-0.3906,0.316228
2014,1,20,36.2135,0.0573,0.316228
2014,1,20,36.2031,-0.3906,0.316228
2014,1,20,36.2031,0.1823,0.316228
2014,1,20,36.1927,0.1823,0.316228
2014,1,20,36.151,-0.3802,0.316228
2014,1,20,36.1406,-0.1094,0.316228
2014,1,20,36.1302,-0.4323,0.316228
2014,1,20,36.1302,-0.4219,0.316228
2014,1,20,36.1302,-0.4115,0.316228
2014,1,20,36.1302,-0.401,0.316228
2014,1,20,36.1302,-0.3281,0.316228
2014,1,20,36.1198,-0.4427,0.316228
2014,1,20,36.1198,-0.4323,0.316228
2014,1,20,36.1198,-0.4219,0.316228
2014,1,20,36.1198,-0.3906,0.316228
2014,1,20,36.1094,-0.4844,0.316228
2014,1,20,36.1094,-0.4427,0.316228
2014,1,20,36.099,-0.4115,0.316228
2014,1,20,36.099,-0.401,0.316228
2014,1,20,36.0885,-0.4115,0.316228
2014,1,20,36.0885,-0.3594,0.316228
2014,1,20,36.0781,-0.4844,0.316228
2014,1,20,36.0781,-0.3906,0.316228
2014,1,20,36.0677,-0.3906,0.316228
2014,1,20,36.0156,-0.526,0.316228
2014,1,20,35.9948,-0.6615,0.316228
2014,1,20,35.974,-0.276,0.316228
2014,1,20,35.9635,-0.5052,0.316228
2014,1,20,35.9635,-0.3177,0.316228
2014,1,20,35.9635,-0.1615,0.316228
2014,1,20,35.9531,-0.3698,0.316228
2014,1,20,35.9531,-0.151,0.316228
2014,1,21,36.5052,-0.7448,0.316228
2014,1,21,36.4948,-0.8594,0.316228
2014,1,21,36.4844,-0.8698,0.316228
2014,1,21,36.4844,-0.849,0.316228
2014,1,21,36.4844,-0.8385,0.316228
2014,1,21,36.401,-0.8594,0.316228
2014,1,21,36.401,-0.8385,0.316228
2014,1,21,36.3906,-0.8594,0.316228
2014,1,21,36.3906,-0.7135,0.316228
2014,1,21,36.3802,-0.8906,0.316228
2014,1,21,36.3802,-0.8594,0.316228
2014,1,21,36.3698,-0.901,0.316228
2014,1,21,36.3698,-0.8906,0.316228
2014,1,21,36.3698,-0.8802,0.316228
2014,1,21,36.3698,-0.8698,0.316228
2014,1,21,36.3698,-0.849,0.316228
2014,1,21,36.3594,-0.901,0.316228
2014,1,21,36.3594,-0.8698,0.316228
2014,1,21,36.3385,-0.9115,0.316228
2014,1,21,36.2865,-0.9219,0.316228
2014,1,21,36.276,-0.9219,0.316228
2014,1,21,36.2135,-0.9323,0.316228
2014,1,21,36.2135,-0.9115,0.316228
2014,1,21,36.2031,-0.9427,0.316228
2014,1,21,36.1927,-0.9427,0.316228
2014,1,21,36.1719,-0.9323,0.316228
2014,1,21,36.1719,-0.9219,0.316228
2014,1,21,36.1719,-0.901,0.316228
2014,1,21,36.1719,-0.8906,0.316228
2014,1,21,36.1615,-0.9323,0.316228
2014,1,21,36.1615,-0.9219,0.316228
2014,1,21,36.1615,-0.9115,0.316228
2014,1,21,36.1615,-0.901,0.316228
2014,1,21,36.1615,-0.8906,0.316228
2014,1,21,36.151,-0.9323,0.316228
2014,1,21,36.151,-0.9219,0.316228
2014,1,21,36.151,-0.901,0.316228
2014,1,21,36.151,-0.8906,0.316228
2014,1,21,36.1302,-0.9115,0.316228
2014,1,23,36.5677,-0.7656,0.316228
2014,1,23,36.5469,-0.776,0.316228
2014,1,23,36.526,-0.6927,0.316228
2014,1,23,36.5156,-0.7135,0.316228
2014,1,23,36.4948,-0.7448,0.316228
2014,1,23,36.4948,-0.7344,0.316228
2014,1,23,36.474,-0.7031,0.316228
2014,1,23,36.474,-0.6823,0.316228
2014,1,23,36.4635,-0.6719,0.316228
2014,1,23,36.4427,-0.6719,0.316228
2014,1,23,36.4323,-0.6719,0.316228
2014,1,23,36.401,-0.6719,0.316228
2014,1,23,36.3906,-0.6823,0.316228
2014,1,23,36.3802,-0.6823,0.316228
2014,1,23,36.349,-0.6823,0.316228
2014,1,23,36.3385,-0.6823,0.316228
2014,1,23,36.3177,-0.6823,0.316228
2014,1,23,36.2865,-0.6823,0.316228
2014,1,23,36.2552,-0.724,0.316228
2014,1,23,36.2552,-0.6719,0.316228
2014,1,23,36.2344,-0.6719,0.316228
2014,1,23,37.1094,0.2969,0.316228
2014,1,23,37.1094,0.3177,0.316228
2014,1,23,37.1094,0.3385,0.316228
2014,1,23,37.099,0.3073,0.316228
2014,1,23,36.7552,-0.2969,0.316228
2014,1,23,36.7344,-0.2656,0.316228
2014,1,23,36.724,-0.2448,0.316228
2014,1,23,36.724,-0.2344,0.316228
2014,1,23,36.5365,-0.6615,0.316228
2014,1,23,36.5365,-0.2135,0.316228
2014,1,23,36.4427,-0.6615,0.316228
2014,1,23,36.401,-0.6615,0.316228
2014,1,23,36.2656,-0.4844,0.316228
2014,1,23,36.2656,-0.474,0.316228
2014,1,23,36.2552,-0.6615,0.316228
2014,1,23,36.2552,-0.5365,0.316228
2014,1,23,36.2552,-0.4844,0.316228
2014,1,23,36.2448,-0.6615,0.316228
2014,1,23,36.1927,-0.6615,0.316228
2014,1,24,36.8906,0.6302,0.316228
2014,1,24,36.8385,0.599,0.316228
2014,1,24,36.7969,0.474,0.316228
2014,1,24,36.7865,0.4635,0.316228
2014,1,24,36.776,0.4635,0.316228
2014,1,24,36.776,0.5156,0.316228
2014,1,24,36.7656,0.526,0.316228
2014,1,24,36.724,0.4219,0.316228
2014,1,24,36.7031,0.349,0.316228
2014,1,24,36.5885,-0.224,0.316228
2014,1,24,35.974,-0.026,0.316228
2014,1,24,35.9635,-0.0052,0.316228
2014,1,24,35.9531,-0.026,0.316228
2014,1,24,35.9427,-0.0156,0.316228
2014,1,26,36.5677,-0.7969,0.316228
2014,1,26,36.5365,-0.9115,0.316228
2014,1,26,36.026,-0.8385,0.316228
2014,1,26,35.9635,-0.8698,0.316228
2014,1,26,35.9219,-0.9635,0.316228
2014,1,26,35.9219,-0.9219,0.316228
2014,1,26,36.974,0.6927,0.316228
2014,1,26,36.7865,0.526,0.316228
2014,1,26,36.7865,0.5469,0.316228
2014,1,26,36.776,0.4844,0.316228
2014,1,26,36.7656,0.4219,0.316228
2014,1,26,36.7656,0.4323,0.316228
2014,1,26,36.7656,0.4948,0.316228
2014,1,26,36.7552,0.3698,0.316228
2014,1,26,36.7552,0.401,0.316228
2014,1,26,36.7552,0.5156,0.316228
2014,1,26,36.7448,0.3906,0.316228
2014,1,26,36.7344,0.349,0.316228
2014,1,26,36.724,0.3385,0.316228
2014,1,26,36.7031,0.3802,0.316228
2014,1,26,36.6927,0.3698,0.316228
2014,1,26,36.6615,0.3594,0.316228
2014,1,26,36.651,0.3177,0.316228
2014,1,26,36.6406,0.3281,0.316228
2014,1,26,36.6406,0.349,0.316228
2014,1,26,36.6302,0.349,0.316228
2014,1,26,36.6302,0.3698,0.316228
2014,1,26,36.6302,0.3802,0.316228
2014,1,26,36.6198,0.3281,0.316228
2014,1,26,36.6198,0.3385,0.316228
2014,1,26,36.6198,0.3594,0.316228
2014,1,26,36.5885,0.3281,0.316228
2014,1,26,36.5885,0.3385,0.316228
2014,1,26,36.526,0.276,0.316228
2014,1,26,36.526,0.9635,0.316228
2014,1,26,36.5052,0.2552,0.316228
2014,1,26,36.5052,0.276,0.316228
2014,1,26,36.4948,0.2135,0.316228
2014,1,26,36.4844,0.2344,0.316228
2014,1,26,36.4844,0.2656,0.316228
2014,1,26,36.4635,-0.2865,0.316228
2014,1,26,36.4323,0.8594,0.316228
2014,1,26,36.349,0.0156,0.316228
2014,1,26,36.349,0.0573,0.316228
2014,1,26,36.3385,0.0156,0.316228
2014,1,26,36.3281,0.224,0.316228
2014,1,26,36.3177,-0.1615,0.316228
2014,1,26,36.3177,0.1615,0.316228
2014,1,26,36.2865,0.099,0.316228
2014,1,26,36.2865,0.1927,0.316228
2014,1,26,36.276,0.1406,0.316228
2014,1,26,36.276,0.1823,0.316228
2014,1,26,36.2656,0.0156,0.316228
2014,1,26,36.2656,0.1823,0.316228
2014,1,26,36.2552,0.0156,0.316228
2014,1,26,36.2552,0.026,0.316228
2014,1,26,36.2448,0.0052,0.316228
2014,1,26,36.2448,0.026,0.316228
2014,1,26,36.2448,0.0677,0.316228
2014,1,26,36.2344,0.0677,0.316228
2014,1,26,36.2344,0.0781,0.316228
2014,1,26,36.2344,0.099,0.316228
2014,1,26,36.2344,0.1406,0.316228
2014,1,26,36.224,0.0052,0.316228
2014,1,26,36.224,0.0573,0.316228
2014,1,26,36.224,0.0677,0.316228
2014,1,26,36.224,0.0781,0.316228
2014,1,26,36.224,0.099,0.316228
2014,1,26,36.224,0.1094,0.316228
2014,1,26,36.2135,0.0781,0.316228
2014,1,26,36.2135,0.099,0.316228
2014,1,26,36.2135,0.1198,0.316228
2014,1,26,36.2135,0.1302,0.316228
2014,1,26,36.2031,-0.099,0.316228
2014,1,26,36.2031,-0.0781,0.316228
2014,1,26,36.2031,-0.0365,0.316228
2014,1,26,36.2031,-0.0156,0.316228
2014,1,26,36.2031,0.0052,0.316228
2014,1,26,36.2031,0.0573,0.316228
2014,1,26,36.2031,0.0781,0.316228
2014,1,26,36.2031,0.099,0.316228
2014,1,26,36.2031,0.1823,0.316228
2014,1,26,36.2031,0.2031,0.316228
2014,1,26,36.1927,-0.1094,0.316228
2014,1,26,36.1927,-0.0469,0.316228
2014,1,26,36.1927,-0.0365,0.316228
2014,1,26,36.1927,-0.026,0.316228
2014,1,26,36.1927,0.0469,0.316228
2014,1,26,36.1927,0.0885,0.316228
2014,1,26,36.1927,0.099,0.316228
2014,1,26,36.1823,-0.0885,0.316228
2014,1,26,36.1823,-0.0677,0.316228
2014,1,26,36.1823,-0.0469,0.316228
2014,1,26,36.1823,-0.0365,0.316228
2014,1,26,36.1823,-0.026,0.316228
2014,1,26,36.1823,-0.0156,0.316228
2014,1,26,36.1823,-0.0052,0.316228
2014,1,26,36.1823,0.026,0.316228
2014,1,26,36.1823,0.0365,0.316228
2014,1,26,36.1823,0.0885,0.316228
2014,1,26,36.1719,-0.1302,0.316228
2014,1,26,36.1719,-0.0885,0.316228
2014,1,26,36.1719,-0.0781,0.316228
2014,1,26,36.1719,-0.0677,0.316228
2014,1,26,36.1719,-0.0573,0.316228
2014,1,26,36.1719,-0.0469,0.316228
2014,1,26,36.1719,-0.0365,0.316228
2014,1,26,36.1719,-0.026,0.316228
2014,1,26,36.1719,-0.0156,0.316228
2014,1,26,36.1719,0.0052,0.316228
2014,1,26,36.1719,0.1615,0.316228
2014,1,26,36.1615,-0.0781,0.316228
2014,1,26,36.1615,-0.0677,0.316228
2014,1,26,36.1615,-0.0573,0.316228
2014,1,26,36.1615,-0.0469,0.316228
2014,1,26,36.1615,-0.0365,0.316228
2014,1,26,36.1615,0.0677,0.316228
2014,1,26,36.1615,0.1406,0.316228
2014,1,26,36.151,-0.0365,0.316228
2014,1,26,36.151,0.099,0.316228
2014,1,26,36.151,0.1094,0.316228
2014,1,26,36.1406,-0.0781,0.316228
2014,1,26,36.1406,0.0885,0.316228
2014,1,26,36.1302,-0.0781,0.316228
2014,1,26,36.1302,-0.0052,0.316228
2014,1,26,36.1302,0.0052,0.316228
2014,1,26,36.1302,0.0156,0.316228
2014,1,26,36.1198,-0.2969,0.316228
2014,1,26,36.1094,-0.3073,0.316228
2014,1,26,36.1094,-0.2865,0.316228
2014,1,26,36.1094,-0.1406,0.316228
2014,1,26,36.1094,-0.0781,0.316228
2014,1,26,36.1094,0.026,0.316228
2014,1,26,36.1094,0.0469,0.316228
2014,1,26,36.1094,0.0573,0.316228
2014,1,26,36.1094,0.0677,0.316228
2014,1,26,36.099,-0.276,0.316228
2014,1,26,36.099,-0.1615,0.316228
2014,1,26,36.099,-0.0885,0.316228
2014,1,26,36.0885,-0.276,0.316228
2014,1,26,36.0885,-0.1823,0.316228
2014,1,26,36.0885,-0.1198,0.316228
2014,1,26,36.0885,-0.0885,0.316228
2014,1,26,36.0677,-0.099,0.316228
2014,1,26,36.0573,-0.401,0.316228
2014,1,26,36.0573,-0.2865,0.316228
2014,1,26,36.0573,-0.099,0.316228
2014,1,26,36.0365,-0.3073,0.316228
2014,1,26,36.0365,-0.2031,0.316228
2014,1,26,36.0365,-0.0885,0.316228
2014,1,26,36.0365,-0.0677,0.316228
2014,1,26,36.026,-0.3177,0.316228
2014,1,26,36.026,-0.2865,0.316228
2014,1,26,36.0156,-0.4115,0.316228
2014,1,26,36.0156,-0.3281,0.316228
2014,1,26,36.0052,-0.3177,0.316228
2014,1,26,36.0052,-0.2969,0.316228
2014,1,26,35.9948,-0.4115,0.316228
2014,1,26,35.9948,-0.401,0.316228
2014,1,26,35.9948,-0.3906,0.316228
2014,1,26,35.9948,-0.3802,0.316228
2014,1,26,35.9948,-0.3698,0.316228
2014,1,26,35.9948,-0.3594,0.316228
2014,1,26,35.9948,-0.3385,0.316228
2014,1,26,35.9844,-0.401,0.316228
2014,1,26,35.974,-0.4323,0.316228
2014,1,26,35.9427,-0.4635,0.316228
2014,1,26,35.9115,-0.3177,0.316228
2014,1,27,36.1198,-0.9219,0.316228
2014,1,27,36.0365,-0.7656,0.316228
2014,1,27,36.0156,-0.776,0.316228
2014,1,27,35.9948,-0.7865,0.316228
2014,1,27,35.9948,-0.7656,0.316228
2014,1,27,35.9948,-0.7135,0.316228
2014,1,27,35.9844,-0.8073,0.316228
2014,1,27,35.9844,-0.7969,0.316228
2014,1,27,35.9844,-0.6719,0.316228
2014,1,27,35.974,-0.7969,0.316228
2014,1,27,35.974,-0.7344,0.316228
2014,1,27,35.974,-0.724,0.316228
2014,1,27,35.974,-0.7135,0.316228
2014,1,27,35.9635,-0.8177,0.316228
2014,1,27,35.9635,-0.7448,0.316228
2014,1,27,35.9531,-0.8385,0.316228
2014,1,27,35.9531,-0.7656,0.316228
2014,1,27,35.9531,-0.7552,0.316228
2014,1,27,35.9531,-0.7344,0.316228
2014,1,27,35.9427,-0.8385,0.316228
2014,1,27,35.9427,-0.8281,0.316228
2014,1,27,35.9427,-0.8073,0.316228
2014,1,27,35.9427,-0.7969,0.316228
2014,1,27,35.9427,-0.6927,0.316228
2014,1,27,35.9427,-0.6823,0.316228
2014,1,27,35.9323,-0.7865,0.316228
2014,1,27,35.9323,-0.776,0.316228
2014,1,27,35.9219,-0.8385,0.316228
2014,1,27,35.9219,-0.8281,0.316228
2014,1,27,35.9115,-0.8594,0.316228
2014,1,27,35.9115,-0.849,0.316228
2014,1,27,35.9115,-0.8281,0.316228
2014,1,27,35.901,-0.849,0.316228
2014,1,27,35.901,-0.7344,0.316228
2014,1,27,35.901,-0.7135,0.316228
2014,1,27,35.901,-0.7031,0.316228
2014,1,27,35.901,-0.6823,0.316228
2014,1,27,35.8906,-0.901,0.316228
2014,1,27,35.8906,-0.8698,0.316228
2014,1,27,35.8906,-0.8594,0.316228
2014,1,27,35.8906,-0.7656,0.316228
2014,1,27,35.8906,-0.7135,0.316228
2014,1,27,35.8906,-0.7031,0.316228
2014,1,27,35.8906,-0.6927,0.316228
2014,1,27,35.8802,-0.8906,0.316228
2014,1,27,35.8802,-0.8698,0.316228
2014,1,27,35.8802,-0.8594,0.316228
2014,1,27,35.8802,-0.6927,0.316228
2014,1,27,35.8698,-0.9115,0.316228
2014,1,27,35.8698,-0.901,0.316228
2014,1,27,35.8698,-0.8906,0.316228
2014,1,27,35.8698,-0.8594,0.316228
2014,1,27,35.8594,-0.9531,0.316228
2014,1,27,35.8594,-0.9323,0.316228
2014,1,27,35.8594,-0.9219,0.316228
2014,1,27,35.8594,-0.9115,0.316228
2014,1,27,35.8594,-0.901,0.316228
2014,1,27,35.8594,-0.8906,0.316228
2014,1,27,35.8594,-0.8802,0.316228
2014,1,27,35.849,-0.9531,0.316228
2014,1,27,35.849,-0.9219,0.316228
2014,1,27,35.849,-0.901,0.316228
2014,1,27,35.849,-0.7865,0.316228
2014,1,27,35.8385,-0.9531,0.316228
2014,1,27,35.8385,-0.9427,0.316228
2014,1,27,35.8385,-0.8802,0.316228
2014,1,27,35.8281,-0.9948,0.316228
2014,1,27,35.8281,-0.974,0.316228
2014,1,27,35.8281,-0.9323,0.316228
2014,1,27,35.8177,-0.9844,0.316228
2014,1,27,35.8177,-0.9531,0.316228
2014,1,27,35.8177,-0.8802,0.316228
2014,1,27,35.7969,-0.974,0.316228
2014,1,27,35.7865,-0.974,0.316228
2014,1,27,36.8385,0.9948,0.316228
2014,1,27,36.8281,0.9844,0.316228
2014,1,27,36.7865,0.9948,0.316228
2014,1,27,36.776,0.974,0.316228
2014,1,27,36.7656,0.9219,0.316228
2014,1,27,36.7656,0.9323,0.316228
2014,1,27,36.7656,0.9531,0.316228
2014,1,27,36.7552,0.974,0.316228
2014,1,27,36.7031,0.8698,0.316228
2014,1,27,36.6927,0.8073,0.316228
2014,1,27,36.6927,0.8802,0.316228
2014,1,27,36.6823,0.7969,0.316228
2014,1,27,36.6823,0.8073,0.316228
2014,1,27,36.6823,0.849,0.316228
2014,1,27,36.6198,0.7969,0.316228
2014,1,27,36.526,0.5677,0.316228
2014,1,27,36.5156,0.5781,0.316228
2014,1,27,36.5052,0.5365,0.316228
2014,1,27,36.5052,0.5469,0.316228
2014,1,27,36.5052,0.599,0.316228
2014,1,27,36.4948,0.3594,0.316228
2014,1,27,36.4844,0.3281,0.316228
2014,1,27,36.4844,0.3385,0.316228
2014,1,27,36.4844,0.5573,0.316228
2014,1,27,36.4844,0.5781,0.316228
2014,1,27,36.474,0.5156,0.316228
2014,1,27,36.474,0.526,0.316228
2014,1,27,36.474,0.5365,0.316228
2014,1,27,36.4635,0.5052,0.316228
2014,1,27,36.4635,0.5781,0.316228
2014,1,27,36.4531,0.5052,0.316228
2014,1,27,36.4531,0.5781,0.316228
2014,1,27,36.4427,0.5677,0.316228
2014,1,27,36.4427,0.5781,0.316228
2014,1,27,36.4323,0.2865,0.316228
2014,1,27,36.4323,0.349,0.316228
2014,1,27,36.4323,0.3802,0.316228
2014,1,27,36.4323,0.4115,0.316228
2014,1,27,36.4323,0.5677,0.316228
2014,1,27,36.4219,0.3073,0.316228
2014,1,27,36.4219,0.3177,0.316228
2014,1,27,36.4219,0.4115,0.316228
2014,1,27,36.4219,0.4323,0.316228
2014,1,27,36.4219,0.5573,0.316228
2014,1,27,36.4115,0.1927,0.316228
2014,1,27,36.4115,0.2865,0.316228
2014,1,27,36.4115,0.4219,0.316228
2014,1,27,36.401,0.5156,0.316228
2014,1,27,36.3906,0.026,0.316228
2014,1,27,36.3906,0.0469,0.316228
2014,1,27,36.3906,0.0573,0.316228
2014,1,27,36.3906,0.0677,0.316228
2014,1,27,36.3906,0.276,0.316228
2014,1,27,36.3906,0.2865,0.316228
2014,1,27,36.3906,0.5156,0.316228
2014,1,27,36.3802,-0.0677,0.316228
2014,1,27,36.3802,0.0781,0.316228
2014,1,27,36.3802,0.4948,0.316228
2014,1,27,36.3802,0.5156,0.316228
2014,1,27,36.3698,0.026,0.316228
2014,1,27,36.3698,0.0469,0.316228
2014,1,27,36.3698,0.0781,0.316228
2014,1,27,36.3698,0.0885,0.316228
2014,1,27,36.3698,0.2031,0.316228
2014,1,27,36.3698,0.4844,0.316228
2014,1,27,36.3698,0.5052,0.316228
2014,1,27,36.3594,-0.1198,0.316228
2014,1,27,36.3594,0.099,0.316228
2014,1,27,36.3594,0.1719,0.316228
2014,1,27,36.3594,0.224,0.316228
2014,1,27,36.3594,0.4635,0.316228
2014,1,27,36.3594,0.5781,0.316228
2014,1,27,36.349,0.4531,0.316228
2014,1,27,36.349,0.4844,0.316228
2014,1,27,36.3385,0.2135,0.316228
2014,1,27,36.3385,0.474,0.316228
2014,1,27,36.3281,0.4427,0.316228
2014,1,27,36.3281,0.4531,0.316228
2014,1,27,36.3177,0.4323,0.316228
2014,1,27,36.3073,0.3802,0.316228
2014,1,27,36.2969,0.3802,0.316228
2014,1,27,36.2865,0.0573,0.316228
2014,1,27,36.2865,0.1198,0.316228
2014,1,27,36.2865,0.151,0.316228
2014,1,27,36.2865,0.3594,0.316228
2014,1,27,36.276,0.1198,0.316228
2014,1,27,36.276,0.1406,0.316228
2014,1,27,36.2552,0.1302,0.316228
2014,1,27,36.2552,0.1406,0.316228
2014,1,27,36.2552,0.2969,0.316228
2014,1,27,36.2448,0.0469,0.316228
2014,1,27,36.2448,0.1198,0.316228
2014,1,27,36.2344,0.1094,0.316228
2014,1,27,35.974,-0.5677,0.316228
2014,1,27,35.9635,-0.2552,0.316228
2014,1,27,35.9531,-0.6615,0.316228
2014,1,27,35.9531,-0.0885,0.316228
2014,1,27,35.9427,-0.6406,0.316228
2014,1,27,35.9427,-0.3073,0.316228
2014,1,27,35.9323,-0.6615,0.316228
2014,1,27,35.9219,-0.651,0.316228
2014,1,27,35.9115,-0.599,0.316228
2014,1,27,35.901,-0.6406,0.316228
2014,1,27,35.8802,-0.599,0.316228
2014,1,27,35.8385,-0.6094,0.316228
2014,1,27,35.8177,-0.6094,0.316228
2014,1,27,35.8177,-0.5885,0.316228
2014,1,27,35.8177,-0.5781,0.316228
2014,1,27,35.8073,-0.6302,0.316228
2014,1,28,36.8177,0.9635,0.316228
2014,1,28,36.8073,0.9115,0.316228
2014,1,28,36.7865,0.849,0.316228
2014,1,28,36.776,-0.3385,0.316228
2014,1,28,36.776,-0.224,0.316228
2014,1,28,36.776,0.8385,0.316228
2014,1,28,36.7656,-0.4219,0.316228
2014,1,28,36.7656,-0.4115,0.316228
2014,1,28,36.7656,-0.3906,0.316228
2014,1,28,36.7656,0.8073,0.316228
2014,1,28,36.7656,0.8177,0.316228
2014,1,28,36.7656,0.8281,0.316228
2014,1,28,36.7552,-0.4219,0.316228
2014,1,28,36.7552,-0.3906,0.316228
2014,1,28,36.7552,-0.3698,0.316228
2014,1,28,36.7552,-0.3594,0.316228
2014,1,28,36.7552,-0.3177,0.316228
2014,1,28,36.7552,-0.2552,0.316228
2014,1,28,36.7552,0.7865,0.316228
2014,1,28,36.7552,0.7969,0.316228
2014,1,28,36.7552,0.8073,0.316228
2014,1,28,36.7448,-0.3177,0.316228
2014,1,28,36.7448,-0.3073,0.316228
2014,1,28,36.7448,0.7865,0.316228
2014,1,28,36.7344,0.8073,0.316228
2014,1,28,36.724,0.7969,0.316228
2014,1,28,36.7031,0.7552,0.316228
2014,1,28,36.6927,0.7031,0.316228
2014,1,28,36.6615,0.2031,0.316228
2014,1,28,36.651,0.6406,0.316228
2014,1,28,36.6406,0.276,0.316228
2014,1,28,36.6406,0.5469,0.316228
2014,1,28,36.6406,0.6094,0.316228
2014,1,28,36.6302,0.3281,0.316228
2014,1,28,36.6302,0.3594,0.316228
2014,1,28,36.6302,0.401,0.316228
2014,1,28,36.6198,0.3281,0.316228
2014,1,28,36.6198,0.3385,0.316228
2014,1,28,36.6198,0.3594,0.316228
2014,1,28,36.224,0.1927,0.316228
2014,1,28,36.224,0.2344,0.316228
2014,1,28,36.2135,0.1615,0.316228
2014,1,28,36.2135,0.1719,0.316228
2014,1,28,36.2135,0.224,0.316228
2014,1,30,36.3281,-0.6719,0.316228
2014,1,30,36.3177,-0.9219,0.316228
2014,1,30,36.3177,-0.9115,0.316228
2014,1,30,36.3177,-0.8906,0.316228
2014,1,30,36.0677,-0.6823,0.316228
2014,1,30,36.0365,-0.7448,0.316228
2014,1,30,35.9635,-0.9115,0.316228
2014,1,30,35.9635,-0.8594,0.316228
2014,1,30,35.9531,-0.9323,0.316228
2014,1,30,35.9531,-0.9115,0.316228
2014,1,30,35.9323,-0.8906,0.316228
2014,1,30,35.8906,-0.9323,0.316228
2014,1,30,35.8802,-0.9844,0.316228
2014,1,30,35.8802,-0.9115,0.316228
2014,1,30,35.8698,-0.9948,0.316228
2014,1,30,35.8698,-0.9844,0.316228
2014,1,30,35.8698,-0.8177,0.316228
2014,1,30,35.8594,-0.9948,0.316228
2014,1,30,35.849,-0.776,0.316228
2014,1,30,35.8281,-0.849,0.316228
2014,1,30,35.8073,-0.974,0.316228
2014,1,30,35.8073,-0.9635,0.316228
2014,1,30,36.7448,0.9635,0.316228
2014,1,30,36.7344,0.9948,0.316228
2014,1,30,36.724,0.9531,0.316228
2014,1,30,36.7135,0.9531,0.316228
2014,1,30,36.7135,0.974,0.316228
2014,1,30,36.7031,0.9427,0.316228
2014,1,30,36.6927,0.8906,0.316228
2014,1,30,36.6823,0.9427,0.316228
2014,1,30,36.651,0.8177,0.316228
2014,1,30,36.6406,0.7656,0.316228
2014,1,30,36.6302,0.7656,0.316228
2014,1,30,36.6094,0.6823,0.316228
2014,1,30,36.6094,0.7135,0.316228
2014,1,30,36.6094,0.7344,0.316228
2014,1,30,36.6094,0.8281,0.316228
2014,1,30,36.6094,0.8385,0.316228
2014,1,30,36.6094,0.8802,0.316228
2014,1,30,36.6094,0.8906,0.316228
2014,1,30,36.599,0.7135,0.316228
2014,1,30,36.599,0.724,0.316228
2014,1,30,36.599,0.7344,0.316228
2014,1,30,36.599,0.7448,0.316228
2014,1,30,36.599,0.8698,0.316228
2014,1,30,36.599,0.8906,0.316228
2014,1,30,36.599,0.901,0.316228
2014,1,30,36.5885,0.7135,0.316228
2014,1,30,36.5885,0.724,0.316228
2014,1,30,36.5885,0.7448,0.316228
2014,1,30,36.5885,0.7969,0.316228
2014,1,30,36.5885,0.8906,0.316228
2014,1,30,36.5885,0.9948,0.316228
2014,1,30,36.5781,0.724,0.316228
2014,1,30,36.5781,0.7656,0.316228
2014,1,30,36.5781,0.776,0.316228
2014,1,30,36.5781,0.8906,0.316228
2014,1,30,36.5677,0.7344,0.316228
2014,1,30,36.5677,0.7552,0.316228
2014,1,30,36.5677,0.8698,0.316228
2014,1,30,36.5573,0.7448,0.316228
2014,1,30,36.5469,0.8594,0.316228
2014,1,30,36.5469,0.9844,0.316228
2014,1,30,36.526,0.8385,0.316228
2014,1,30,36.526,0.9531,0.316228
2014,1,30,36.5156,0.8698,0.316228
2014,1,30,36.5156,0.8802,0.316228
2014,1,30,36.5156,0.9115,0.316228
2014,1,30,36.5156,0.9323,0.316228
2014,1,30,36.5156,0.9531,0.316228
2014,1,30,36.4948,0.4115,0.316228
2014,1,30,36.4844,0.3698,0.316228
2014,1,30,36.4844,0.3802,0.316228
2014,1,30,36.474,0.349,0.316228
2014,1,30,36.474,0.3698,0.316228
2014,1,30,36.474,0.3802,0.316228
2014,1,30,36.474,0.5885,0.316228
2014,1,30,36.4635,0.276,0.316228
2014,1,30,36.4635,0.2865,0.316228
2014,1,30,36.4635,0.2969,0.316228
2014,1,30,36.4635,0.3073,0.316228
2014,1,30,36.4635,0.3177,0.316228
2014,1,30,36.4635,0.3281,0.316228
2014,1,30,36.4635,0.349,0.316228
2014,1,30,36.4635,0.5156,0.316228
2014,1,30,36.4635,0.526,0.316228
2014,1,30,36.4635,0.5365,0.316228
2014,1,30,36.4531,0.276,0.316228
2014,1,30,36.4531,0.2969,0.316228
2014,1,30,36.4531,0.3073,0.316228
2014,1,30,36.4531,0.4844,0.316228
2014,1,30,36.4531,0.5469,0.316228
2014,1,30,36.4531,0.5885,0.316228
2014,1,30,36.4427,0.2031,0.316228
2014,1,30,36.4427,0.2656,0.316228
2014,1,30,36.4427,0.276,0.316228
2014,1,30,36.4427,0.2865,0.316228
2014,1,30,36.4427,0.5365,0.316228
2014,1,30,36.4427,0.5469,0.316228
2014,1,30,36.4427,0.5781,0.316228
2014,1,30,36.4323,0.2031,0.316228
2014,1,30,36.4323,0.2448,0.316228
2014,1,30,36.4323,0.2552,0.316228
2014,1,30,36.4219,0.1927,0.316228
2014,1,30,36.4219,0.2135,0.316228
2014,1,30,36.4219,0.224,0.316228
2014,1,30,36.4219,0.2344,0.316228
2014,1,30,36.4219,0.2552,0.316228
2014,1,30,36.4219,0.4427,0.316228
2014,1,30,36.4219,0.4531,0.316228
2014,1,30,36.4115,0.4219,0.316228
2014,1,30,36.4115,0.5365,0.316228
2014,1,30,36.401,0.3802,0.316228
2014,1,30,36.3906,0.4948,0.316228
2014,1,30,36.3802,0.2552,0.316228
2014,1,30,36.3802,0.2656,0.316228
2014,1,30,36.3802,0.3385,0.316228
2014,1,30,36.3698,0.224,0.316228
2014,1,30,36.3698,0.2344,0.316228
2014,1,30,36.3698,0.4635,0.316228
2014,1,30,36.3698,0.474,0.316228
2014,1,30,36.3594,0.1927,0.316228
2014,1,30,36.3594,0.2031,0.316228
2014,1,30,36.349,0.1823,0.316228
2014,1,30,36.349,0.4427,0.316228
2014,1,30,36.349,0.4531,0.316228
2014,1,30,36.3281,0.3906,0.316228
2014,1,30,36.3281,0.401,0.316228
2014,1,30,36.3177,0.1615,0.316228
2014,1,30,36.2969,0.349,0.316228
2014,1,30,36.2865,0.1406,0.316228
2014,1,30,36.2552,0.026,0.316228
2014,1,30,36.2552,0.0677,0.316228
2014,1,30,36.2344,-0.0677,0.316228
2014,1,30,36.2344,0.0052,0.316228
2014,1,30,36.224,-0.0573,0.316228
2014,1,30,36.224,-0.0469,0.316228
2014,1,30,36.224,-0.0365,0.316228
2014,1,30,36.224,-0.026,0.316228
2014,1,30,36.224,-0.0156,0.316228
2014,1,30,36.224,0.0052,0.316228
2014,1,30,36.224,0.026,0.316228
2014,1,30,36.2135,-0.1198,0.316228
2014,1,30,36.2135,-0.099,0.316228
2014,1,30,36.2135,-0.0885,0.316228
2014,1,30,36.2135,-0.0469,0.316228
2014,1,30,36.2135,0.2344,0.316228
2014,1,30,36.2031,-0.1719,0.316228
2014,1,30,36.2031,-0.1615,0.316228
2014,1,30,36.2031,0.224,0.316228
2014,1,30,36.1927,-0.3073,0.316228
2014,1,30,36.1927,-0.276,0.316228
2014,1,30,36.1927,-0.2656,0.316228
2014,1,30,36.1927,-0.2552,0.316228
2014,1,30,36.1927,-0.1927,0.316228
2014,1,30,36.1927,-0.151,0.316228
2014,1,30,36.1927,-0.1406,0.316228
2014,1,30,36.1823,-0.3698,0.316228
2014,1,30,36.1823,-0.3594,0.316228
2014,1,30,36.1823,-0.3281,0.316228
2014,1,30,36.1823,-0.3177,0.316228
2014,1,30,36.1823,-0.2969,0.316228
2014,1,30,36.1823,-0.2865,0.316228
2014,1,30,36.1823,-0.276,0.316228
2014,1,30,36.1823,-0.2552,0.316228
2014,1,30,36.1823,-0.2135,0.316228
2014,1,30,36.1823,0.1823,0.316228
2014,1,30,36.1823,0.1927,0.316228
2014,1,30,36.1719,-0.3906,0.316228
2014,1,30,36.1719,-0.2969,0.316228
2014,1,30,36.1719,-0.2865,0.316228
2014,1,30,36.1719,-0.2031,0.316228
2014,1,30,36.1719,0.1615,0.316228
2014,1,30,36.1615,-0.401,0.316228
2014,1,30,36.1615,-0.2865,0.316228
2014,1,30,36.1615,-0.2031,0.316228
2014,1,30,36.1615,0.151,0.316228
2014,1,30,36.151,-0.3594,0.316228
2014,1,30,36.151,-0.349,0.316228
2014,1,30,36.151,-0.3281,0.316228
2014,1,30,36.1406,-0.401,0.316228
2014,1,30,36.1406,0.099,0.316228
2014,1,30,36.1302,-0.4115,0.316228
2014,1,30,36.1302,-0.3906,0.316228
2014,1,30,36.1302,0.0885,0.316228
2014,1,30,36.1302,0.099,0.316228
2014,1,30,36.1198,-0.4427,0.316228
2014,1,30,36.1094,-0.3698,0.316228
2014,1,30,36.0885,-0.5052,0.316228
2014,1,30,36.0885,0.0573,0.316228
2014,1,30,36.0781,-0.526,0.316228
2014,1,30,36.0781,0.0677,0.316228
2014,1,30,36.0781,0.0781,0.316228
2014,1,30,36.0677,-0.6615,0.316228
2014,1,30,36.0677,-0.6406,0.316228
2014,1,30,36.0469,0.0052,0.316228
2014,1,30,35.8906,-0.6406,0.316228
2014,1,31,36.6719,-0.6719,0.316228
2014,1,31,36.6406,-0.8177,0.316228
2014,1,31,36.6406,-0.7969,0.316228
2014,1,31,36.6094,-0.7865,0.316228
2014,1,31,36.6094,-0.7656,0.316228
2014,1,31,36.599,-0.974,0.316228
2014,1,31,36.599,-0.8073,0.316228
2014,1,31,36.599,-0.7865,0.316228
2014,1,31,36.5885,-0.8281,0.316228
2014,1,31,36.5885,-0.8177,0.316228
2014,1,31,36.5885,-0.7865,0.316228
2014,1,31,36.5677,-0.849,0.316228
2014,1,31,36.5677,-0.8385,0.316228
2014,1,31,36.5677,-0.8281,0.316228
2014,1,31,36.5573,-0.901,0.316228
2014,1,31,36.5573,-0.849,0.316228
2014,1,31,36.5573,-0.7969,0.316228
2014,1,31,36.5469,-0.8594,0.316228
2014,1,31,36.5365,-0.901,0.316228
2014,1,31,36.5365,-0.8073,0.316228
2014,1,31,36.526,-0.901,0.316228
2014,1,31,36.5156,-0.8906,0.316228
2014,1,31,36.5052,-0.901,0.316228
2014,1,31,36.5052,-0.8906,0.316228
2014,1,31,36.4948,-0.9948,0.316228
2014,1,31,36.4948,-0.9635,0.316228
2014,1,31,36.4948,-0.9531,0.316228
2014,1,31,36.4948,-0.9427,0.316228
2014,1,31,36.4948,-0.9323,0.316228
2014,1,31,36.4948,-0.9219,0.316228
2014,1,31,36.4844,-1.0052,0.316228
2014,1,31,36.4844,-0.9844,0.316228
2014,1,31,36.4844,-0.974,0.316228
2014,1,31,36.4844,-0.9427,0.316228
2014,1,31,36.474,-1.0052,0.316228
2014,1,31,36.474,-0.9948,0.316228
2014,1,31,36.474,-0.974,0.316228
2014,1,31,36.474,-0.9531,0.316228
2014,1,31,36.4635,-1.0052,0.316228
2014,1,31,36.4635,-0.9844,0.316228
2014,1,31,36.4635,-0.974,0.316228
2014,1,31,36.4635,-0.9635,0.316228
2014,1,31,36.4635,-0.9427,0.316228
2014,1,31,36.4635,-0.9115,0.316228
2014,1,31,36.4531,-1.0052,0.316228
2014,1,31,36.4531,-0.9948,0.316228
2014,1,31,36.4531,-0.9844,0.316228
2014,1,31,36.4531,-0.974,0.316228
2014,1,31,36.4531,-0.9323,0.316228
2014,1,31,36.4427,-1.0052,0.316228
2014,1,31,36.4427,-0.8802,0.316228
2014,1,31,36.4323,-1.0052,0.316228
2014,1,31,36.4323,-0.9948,0.316228
2014,1,31,36.4219,-1.0052,0.316228
2014,1,31,36.4219,-0.9844,0.316228
2014,1,31,36.4219,-0.974,0.316228
2014,1,31,36.4219,-0.9531,0.316228
2014,1,31,36.4115,-1.0052,0.316228
2014,1,31,36.4115,-0.9948,0.316228
2014,1,31,36.4115,-0.9635,0.316228
2014,1,31,36.401,-1.0052,0.316228
2014,1,31,36.3802,-0.8906,0.316228
2014,1,31,36.2865,-0.974,0.316228
2014,1,31,36.276,-0.9948,0.316228
2014,1,31,36.2656,-0.901,0.316228
2014,1,31,36.2344,-0.9948,0.316228
2014,1,31,36.2344,-0.9323,0.316228
2014,1,31,36.224,-0.9844,0.316228
2014,1,31,36.2135,-0.9531,0.316228
2014,1,31,35.8385,-0.7031,0.316228
2014,1,31,35.8177,-0.7344,0.316228
2014,1,31,36.6615,0.9323,0.316228
2014,1,31,36.6615,0.9531,0.316228
2014,1,31,36.651,0.9115,0.316228
2014,1,31,36.651,0.9427,0.316228
2014,1,31,36.6302,0.9323,0.316228
2014,1,31,36.6198,0.9635,0.316228
2014,1,31,36.6198,0.9948,0.316228
2014,1,31,36.6094,0.901,0.316228
2014,1,31,36.6094,0.9635,0.316228
2014,1,31,36.6094,0.9948,0.316228
2014,1,31,36.599,0.9115,0.316228
2014,1,31,36.599,0.9219,0.316228
2014,1,31,36.599,0.9948,0.316228
2014,1,31,36.5885,0.901,0.316228
2014,1,31,36.5885,0.9531,0.316228
2014,1,31,36.5885,0.974,0.316228
2014,1,31,36.5885,0.9844,0.316228
2014,1,31,36.5781,0.9531,0.316228
2014,1,31,36.5781,0.9635,0.316228
2014,1,31,36.5677,0.9635,0.316228
2014,1,31,36.5365,0.7448,0.316228
2014,1,31,36.526,0.7969,0.316228
2014,1,31,36.5156,-0.4531,0.316228
2014,1,31,36.5052,0.8177,0.316228
2014,1,31,36.4844,-0.4844,0.316228
2014,1,31,36.4844,-0.474,0.316228
2014,1,31,36.4844,-0.3906,0.316228
2014,1,31,36.4844,0.7031,0.316228
2014,1,31,36.474,0.6719,0.316228
2014,1,31,36.474,0.7031,0.316228
2014,1,31,36.474,0.7135,0.316228
2014,1,31,36.4635,-0.4531,0.316228
2014,1,31,36.4635,-0.4115,0.316228
2014,1,31,36.4635,0.6198,0.316228
2014,1,31,36.4531,-0.349,0.316228
2014,1,31,36.4531,0.651,0.316228
2014,1,31,36.4427,-0.4323,0.316228
2014,1,31,36.4427,0.599,0.316228
2014,1,31,36.4323,0.5781,0.316228
2014,1,31,36.4323,0.6198,0.316228
2014,1,31,36.4323,0.6302,0.316228
2014,1,31,36.4323,0.6406,0.316228
2014,1,31,36.4323,0.651,0.316228
2014,1,31,36.4219,0.6198,0.316228
2014,1,31,36.4115,0.5573,0.316228
2014,1,31,36.401,0.526,0.316228
2014,1,31,36.401,0.5469,0.316228
2014,1,31,36.401,0.5781,0.316228
2014,1,31,36.3906,0.3177,0.316228
2014,1,31,36.3906,0.4844,0.316228
2014,1,31,36.3906,0.4948,0.316228
2014,1,31,36.3906,0.5052,0.316228
2014,1,31,36.3906,0.599,0.316228
2014,1,31,36.3802,0.2865,0.316228
2014,1,31,36.3802,0.3281,0.316228
2014,1,31,36.3802,0.3385,0.316228
2014,1,31,36.3802,0.4323,0.316228
2014,1,31,36.3802,0.4531,0.316228
2014,1,31,36.3802,0.4635,0.316228
2014,1,31,36.3802,0.474,0.316228
2014,1,31,36.3802,0.5052,0.316228
2014,1,31,36.3802,0.5469,0.316228
2014,1,31,36.3802,0.5677,0.316228
2014,1,31,36.3698,0.4427,0.316228
2014,1,31,36.3594,-0.1302,0.316228
2014,1,31,36.3594,0.2656,0.316228
2014,1,31,36.3594,0.349,0.316228
2014,1,31,36.3594,0.3698,0.316228
2014,1,31,36.3594,0.401,0.316228
2014,1,31,36.3594,0.5156,0.316228
2014,1,31,36.349,-0.2344,0.316228
2014,1,31,36.349,0.2448,0.316228
2014,1,31,36.349,0.3802,0.316228
2014,1,31,36.3385,0.3698,0.316228
2014,1,31,36.3281,0.474,0.316228
2014,1,31,36.3177,0.2135,0.316228
2014,1,31,36.3177,0.224,0.316228
2014,1,31,36.3073,0.099,0.316228
2014,1,31,36.3073,0.2031,0.316228
2014,1,31,36.2865,0.1719,0.316228
2014,1,31,36.276,0.3698,0.316228
2014,1,31,36.2552,0.026,0.316228
2014,1,31,36.2448,0.2031,0.316228
2014,1,31,36.2448,0.2135,0.316228
2014,1,31,36.2344,0.2344,0.316228
2014,1,31,36.1927,0.2031,0.316228
2014,1,31,36.026,-0.1198,0.316228
2014,1,31,35.9844,-0.4323,0.316228
2014,1,31,35.9115,-0.3281,0.316228
2014,1,1,36.6719,-0.6823,0.327341
2014,1,1,36.6094,-0.6927,0.327341
2014,1,1,36.6094,-0.6719,0.327341
2014,1,1,36.599,-0.8385,0.327341
2014,1,1,36.599,-0.776,0.327341
2014,1,1,36.599,-0.7135,0.327341
2014,1,1,36.599,-0.6719,0.327341
2014,1,1,36.5885,-0.9948,0.327341
2014,1,1,36.5885,-0.6927,0.327341
2014,1,1,36.5885,-0.6823,0.327341
2014,1,1,36.5885,-0.6719,0.327341
2014,1,1,36.5781,-0.8385,0.327341
2014,1,1,36.5677,-0.7969,0.327341
2014,1,1,36.5677,-0.7135,0.327341
2014,1,1,36.5573,-0.724,0.327341
2014,1,1,36.5469,-0.7448,0.327341
2014,1,1,36.5365,-0.7552,0.327341
2014,1,1,36.526,-0.8073,0.327341
2014,1,1,36.526,-0.7656,0.327341
2014,1,1,36.4844,-0.9219,0.327341
2014,1,1,36.151,-0.6927,0.327341
2014,1,1,36.1302,-0.7031,0.327341
2014,1,1,36.1094,-0.7344,0.327341
2014,1,1,36.0677,-0.8594,0.327341
2014,1,1,36.026,-0.974,0.327341
2014,1,1,35.9219,-0.9323,0.327341
2014,1,1,35.9219,-0.9219,0.327341
2014,1,1,35.9219,-0.901,0.327341
2014,1,1,35.901,-0.9635,0.327341
2014,1,1,35.901,-0.9531,0.327341
2014,1,1,35.901,-0.9427,0.327341
2014,1,1,35.8906,-0.974,0.327341
2014,1,1,35.8906,-0.9531,0.327341
2014,1,1,35.8802,-0.974,0.327341
2014,1,1,35.8802,-0.9635,0.327341
2014,1,1,35.8698,-0.9844,0.327341
2014,1,1,37.1615,0.5885,0.327341
2014,1,1,37.151,0.6198,0.327341
2014,1,1,37.1302,0.5677,0.327341
2014,1,1,37.1198,0.526,0.327341
2014,1,1,37.1198,0.5573,0.327341
2014,1,1,37.099,0.5156,0.327341
2014,1,1,37.0885,0.4323,0.327341
2014,1,1,37.0885,0.4948,0.327341
2014,1,1,37.0885,0.5156,0.327341
2014,1,1,37.0677,0.4948,0.327341
2014,1,1,37.0677,0.5052,0.327341
2014,1,1,37.0677,0.599,0.327341
2014,1,1,37.0573,0.599,0.327341
2014,1,1,37.0365,0.5052,0.327341
2014,1,1,37.0365,0.5365,0.327341
2014,1,1,37.0365,0.5885,0.327341
2014,1,1,37.0365,0.6198,0.327341
2014,1,1,37.0365,0.6615,0.327341
2014,1,1,37.026,0.526,0.327341
2014,1,1,37.026,0.5885,0.327341
2014,1,1,37.026,0.599,0.327341
2014,1,1,37.026,0.6094,0.327341
2014,1,1,37.026,0.6406,0.327341
2014,1,1,37.0156,0.5365,0.327341
2014,1,1,37.0156,0.651,0.327341
2014,1,1,37.0156,0.6615,0.327341
2014,1,1,37.0156,0.6719,0.327341
2014,1,1,37.0052,0.6406,0.327341
2014,1,1,37.0052,0.6615,0.327341
2014,1,1,36.9948,0.651,0.327341
2014,1,1,36.9948,0.6719,0.327341
2014,1,1,36.9948,0.6823,0.327341
2014,1,1,36.9844,0.651,0.327341
2014,1,1,36.9844,0.6615,0.327341
2014,1,1,36.974,0.6719,0.327341
2014,1,1,36.9635,0.6927,0.327341
2014,1,1,36.9635,0.7031,0.327341
2014,1,1,36.9635,0.7344,0.327341
2014,1,1,36.9531,0.6823,0.327341
2014,1,1,36.9531,0.7344,0.327341
2014,1,1,36.9427,0.7031,0.327341
2014,1,1,36.9427,0.7135,0.327341
2014,1,1,36.9427,0.7344,0.327341
2014,1,1,36.9427,0.7448,0.327341
2014,1,1,36.9323,0.7135,0.327341
2014,1,1,36.9219,0.724,0.327341
2014,1,1,36.9219,0.776,0.327341
2014,1,1,36.9219,0.901,0.327341
2014,1,1,36.9219,0.9115,0.327341
2014,1,1,36.9115,0.7448,0.327341
2014,1,1,36.9115,0.7552,0.327341
2014,1,1,36.9115,0.7656,0.327341
2014,1,1,36.9115,0.776,0.327341
2014,1,1,36.901,0.7656,0.327341
2014,1,1,36.901,0.776,0.327341
2014,1,1,36.901,0.7865,0.327341
2014,1,1,36.901,0.8073,0.327341
2014,1,1,36.8906,0.8073,0.327341
2014,1,1,36.8906,0.8281,0.327341
2014,1,1,36.8594,0.9948,0.327341
2014,1,1,36.849,0.9948,0.327341
2014,1,1,36.724,-0.6302,0.327341
2014,1,1,36.724,-0.5156,0.327341
2014,1,1,36.7135,-0.651,0.327341
2014,1,1,36.7135,-0.5677,0.327341
2014,1,1,36.6823,-0.6302,0.327341
2014,1,1,36.6823,0.7135,0.327341
2014,1,1,36.6719,-0.651,0.327341
2014,1,1,36.6719,-0.6302,0.327341
2014,1,1,36.6719,-0.5573,0.327341
2014,1,1,36.6719,0.776,0.327341
2014,1,1,36.651,-0.5781,0.327341
2014,1,1,36.6406,-0.6094,0.327341
2014,1,1,36.6406,0.8177,0.327341
2014,1,1,36.6302,-0.651,0.327341
2014,1,1,36.6302,-0.6302,0.327341
2014,1,1,36.6302,-0.6094,0.327341
2014,1,1,36.6302,0.7865,0.327341
2014,1,1,36.6302,0.7969,0.327341
2014,1,1,36.6302,0.8073,0.327341
2014,1,1,36.6198,0.8073,0.327341
2014,1,1,36.6198,0.8177,0.327341
2014,1,1,36.6094,-0.651,0.327341
2014,1,1,36.6094,-0.6406,0.327341
2014,1,1,36.6094,-0.6302,0.327341
2014,1,1,36.599,0.6823,0.327341
2014,1,1,36.5885,-0.6615,0.327341
2014,1,1,36.5885,-0.6302,0.327341
2014,1,1,36.5885,-0.6094,0.327341
2014,1,1,36.5781,-0.651,0.327341
2014,1,1,36.5677,-0.6615,0.327341
2014,1,1,36.5677,0.6823,0.327341
2014,1,1,36.5677,0.724,0.327341
2014,1,1,36.5573,0.6823,0.327341
2014,1,1,36.5469,0.6719,0.327341
2014,1,1,36.526,-0.651,0.327341
2014,1,1,36.526,-0.6302,0.327341
2014,1,1,36.5156,0.6406,0.327341
2014,1,1,36.5052,0.6094,0.327341
2014,1,1,36.4948,0.6198,0.327341
2014,1,1,36.4844,0.5677,0.327341
2014,1,1,36.4531,0.526,0.327341
2014,1,1,36.4531,0.5885,0.327341
2014,1,1,36.4427,0.5156,0.327341
2014,1,1,36.4323,0.2135,0.327341
2014,1,1,36.4115,0.526,0.327341
2014,1,1,36.4115,0.5365,0.327341
2014,1,1,36.401,0.1406,0.327341
2014,1,1,36.3906,0.099,0.327341
2014,1,1,36.3906,0.1406,0.327341
2014,1,1,36.3906,0.1823,0.327341
2014,1,1,36.3594,0.0885,0.327341
2014,1,1,36.3594,0.3698,0.327341
2014,1,1,36.349,-0.1719,0.327341
2014,1,1,36.3385,-0.2344,0.327341
2014,1,1,36.3385,-0.224,0.327341
2014,1,1,36.3385,-0.1927,0.327341
2014,1,1,36.3385,-0.1823,0.327341
2014,1,1,36.3385,-0.1615,0.327341
2014,1,1,36.3385,0.4219,0.327341
2014,1,1,36.3281,-0.1719,0.327341
2014,1,1,36.3281,-0.1406,0.327341
2014,1,1,36.3281,-0.1302,0.327341
2014,1,1,36.3281,0.4219,0.327341
2014,1,1,36.3177,-0.349,0.327341
2014,1,1,36.3177,-0.3385,0.327341
2014,1,1,36.3177,0.0469,0.327341
2014,1,1,36.3177,0.0677,0.327341
2014,1,1,36.3073,-0.349,0.327341
2014,1,1,36.2969,-0.1406,0.327341
2014,1,1,36.2969,0.0573,0.327341
2014,1,1,36.2865,-0.151,0.327341
2014,1,1,36.276,-0.3802,0.327341
2014,1,1,36.2656,-0.401,0.327341
2014,1,1,36.2448,-0.5156,0.327341
2014,1,1,36.2448,-0.4427,0.327341
2014,1,1,36.2344,-0.6406,0.327341
2014,1,1,36.2344,-0.5052,0.327341
2014,1,1,36.2344,-0.1927,0.327341
2014,1,1,36.2344,-0.0365,0.327341
2014,1,1,36.224,-0.4844,0.327341
2014,1,1,36.224,-0.1927,0.327341
2014,1,1,36.224,-0.0365,0.327341
2014,1,1,36.2135,-0.5677,0.327341
2014,1,1,36.2135,-0.5469,0.327341
2014,1,1,36.2031,-0.5677,0.327341
2014,1,1,36.2031,-0.5573,0.327341
2014,1,1,36.2031,-0.1823,0.327341
2014,1,1,36.2031,-0.151,0.327341
2014,1,1,36.1927,-0.2031,0.327341
2014,1,1,36.1927,-0.1615,0.327341
2014,1,1,36.1927,-0.151,0.327341
2014,1,1,36.1823,-0.2135,0.327341
2014,1,1,36.1823,-0.2031,0.327341
2014,1,1,36.1719,-0.2135,0.327341
2014,1,1,36.1719,-0.2031,0.327341
2014,1,1,36.1719,-0.1927,0.327341
2014,1,1,36.1615,-0.6094,0.327341
2014,1,1,36.1615,-0.2135,0.327341
2014,1,1,36.1615,-0.2031,0.327341
2014,1,1,36.151,-0.651,0.327341
2014,1,4,35.9948,-0.8698,0.327341
2014,1,4,37.3177,0.8802,0.327341
2014,1,4,37.2448,0.6823,0.327341
2014,1,4,37.2344,0.8281,0.327341
2014,1,4,37.2135,0.7969,0.327341
2014,1,4,37.2135,0.8281,0.327341
2014,1,4,37.2031,0.7135,0.327341
2014,1,4,37.2031,0.7448,0.327341
2014,1,4,37.2031,0.8177,0.327341
2014,1,4,37.1927,0.8281,0.327341
2014,1,4,37.1823,0.6823,0.327341
2014,1,4,37.1823,0.7135,0.327341
2014,1,4,37.1823,0.7448,0.327341
2014,1,4,37.1823,0.7552,0.327341
2014,1,4,37.1823,0.9115,0.327341
2014,1,4,37.1719,0.724,0.327341
2014,1,4,37.1719,0.7656,0.327341
2014,1,4,37.1615,0.6927,0.327341
2014,1,4,37.1615,0.7135,0.327341
2014,1,4,37.1615,0.7344,0.327341
2014,1,4,37.151,0.6927,0.327341
2014,1,4,37.151,0.7031,0.327341
2014,1,4,37.151,0.7344,0.327341
2014,1,4,37.151,0.7448,0.327341
2014,1,4,37.1406,0.6719,0.327341
2014,1,4,37.1406,0.7031,0.327341
2014,1,4,37.1406,0.7135,0.327341
2014,1,4,37.1406,0.7552,0.327341
2014,1,4,37.1302,0.6927,0.327341
2014,1,4,37.1302,0.7135,0.327341
2014,1,4,37.1302,0.724,0.327341
2014,1,4,37.1302,0.7552,0.327341
2014,1,4,37.1198,0.6927,0.327341
2014,1,4,37.1198,0.724,0.327341
2014,1,4,37.1198,0.7448,0.327341
2014,1,4,37.1094,0.276,0.327341
2014,1,4,37.1094,0.6719,0.327341
2014,1,4,37.1094,0.724,0.327341
2014,1,4,37.0885,0.6719,0.327341
2014,1,4,37.0781,0.724,0.327341
2014,1,4,37.0677,0.6719,0.327341
2014,1,4,37.0573,0.1615,0.327341
2014,1,4,37.0469,0.1615,0.327341
2014,1,4,37.0469,0.6719,0.327341
2014,1,4,37.0469,0.7448,0.327341
2014,1,4,37.0365,0.7448,0.327341
2014,1,4,37.0365,0.7552,0.327341
2014,1,4,37.0156,0.651,0.327341
2014,1,4,36.974,0.5573,0.327341
2014,1,4,36.9635,0.5052,0.327341
2014,1,4,36.9635,0.5156,0.327341
2014,1,4,36.9635,0.5573,0.327341
2014,1,4,36.9635,0.5677,0.327341
2014,1,4,36.9531,0.4948,0.327341
2014,1,4,36.9531,0.5156,0.327341
2014,1,4,36.9531,0.5573,0.327341
2014,1,4,36.9427,0.4635,0.327341
2014,1,4,36.9427,0.4948,0.327341
2014,1,4,36.9323,0.3802,0.327341
2014,1,4,36.9323,0.4948,0.327341
2014,1,4,36.9323,0.5677,0.327341
2014,1,4,36.6823,0.8594,0.327341
2014,1,6,36.9115,-0.0677,0.327341
2014,1,7,36.7135,0.4844,0.327341
2014,1,8,36.099,-0.9531,0.327341
2014,1,8,36.9531,-0.099,0.327341
2014,1,8,36.9531,-0.0573,0.327341
2014,1,8,36.9531,-0.0365,0.327341
2014,1,8,36.9531,-0.0052,0.327341
2014,1,8,36.9531,0.0365,0.327341
2014,1,8,36.9427,-0.099,0.327341
2014,1,8,36.9427,0.026,0.327341
2014,1,8,36.849,0.1406,0.327341
2014,1,8,36.849,0.151,0.327341
2014,1,8,36.8281,0.1406,0.327341
2014,1,8,36.8281,0.151,0.327341
2014,1,8,36.8177,0.1615,0.327341
2014,1,8,36.8073,0.1406,0.327341
2014,1,8,36.7969,0.1406,0.327341
2014,1,8,36.7865,0.151,0.327341
2014,1,8,36.776,0.151,0.327341
2014,1,8,36.7656,0.1302,0.327341
2014,1,8,36.7656,0.1406,0.327341
2014,1,8,36.7656,0.151,0.327341
2014,1,8,36.7656,0.1615,0.327341
2014,1,8,36.7656,0.651,0.327341
2014,1,8,36.7552,0.1198,0.327341
2014,1,8,36.7552,0.1302,0.327341
2014,1,8,36.7552,0.6927,0.327341
2014,1,8,36.7448,0.1094,0.327341
2014,1,8,36.7448,0.1198,0.327341
2014,1,8,36.7344,0.6615,0.327341
2014,1,8,36.7135,0.1198,0.327341
2014,1,8,36.7031,0.0885,0.327341
2014,1,8,36.7031,0.2344,0.327341
2014,1,8,36.6823,0.0677,0.327341
2014,1,8,36.599,-0.0156,0.327341
2014,1,8,36.5885,-0.0156,0.327341
2014,1,8,36.5781,-0.0156,0.327341
2014,1,8,36.5677,-0.026,0.327341
2014,1,8,36.5677,-0.0156,0.327341
2014,1,8,36.5573,-0.026,0.327341
2014,1,8,36.5469,-0.026,0.327341
2014,1,8,36.5469,-0.0156,0.327341
2014,1,8,36.5365,-0.0469,0.327341
2014,1,8,36.526,-0.0469,0.327341
2014,1,8,36.5052,-0.0677,0.327341
2014,1,8,36.4844,-0.099,0.327341
2014,1,8,36.474,-0.0677,0.327341
2014,1,8,36.474,-0.0469,0.327341
2014,1,8,36.4635,-0.0573,0.327341
2014,1,8,36.4531,-0.0885,0.327341
2014,1,8,36.4531,-0.0781,0.327341
2014,1,8,36.4427,-0.0677,0.327341
2014,1,8,36.4323,-0.1094,0.327341
2014,1,8,36.4219,-0.0781,0.327341
2014,1,8,36.4115,-0.099,0.327341
2014,1,8,36.4115,-0.0885,0.327341
2014,1,8,36.401,-0.0885,0.327341
2014,1,8,36.401,-0.0677,0.327341
2014,1,8,36.3906,-0.099,0.327341
2014,1,8,36.3698,-0.1719,0.327341
2014,1,8,36.3698,-0.1302,0.327341
2014,1,8,36.3594,-0.1823,0.327341
2014,1,8,36.3594,-0.1615,0.327341
2014,1,8,36.3594,-0.151,0.327341
2014,1,8,36.3385,-0.2135,0.327341
2014,1,8,36.3281,-0.2448,0.327341
2014,1,8,36.3281,-0.2344,0.327341
2014,1,8,36.3281,-0.224,0.327341
2014,1,8,36.3281,-0.2135,0.327341
2014,1,8,36.3177,-0.2656,0.327341
2014,1,8,36.3177,-0.2448,0.327341
2014,1,8,36.3177,0.599,0.327341
2014,1,8,36.3073,-0.2865,0.327341
2014,1,8,36.3073,-0.276,0.327341
2014,1,8,36.2969,-0.4635,0.327341
2014,1,8,36.2969,-0.4323,0.327341
2014,1,8,36.2969,-0.401,0.327341
2014,1,8,36.2969,-0.3177,0.327341
2014,1,8,36.2865,-0.526,0.327341
2014,1,8,36.2865,-0.4427,0.327341
2014,1,8,36.276,-0.5781,0.327341
2014,1,8,36.276,-0.526,0.327341
2014,1,8,36.276,-0.4948,0.327341
2014,1,8,36.2656,-0.5781,0.327341
2014,1,8,36.2656,-0.5052,0.327341
2014,1,8,36.2656,-0.4948,0.327341
2014,1,8,36.2552,-0.5365,0.327341
2014,1,8,36.2552,-0.401,0.327341
2014,1,8,36.2448,-0.5052,0.327341
2014,1,8,36.2448,-0.4948,0.327341
2014,1,8,36.2448,-0.3073,0.327341
2014,1,8,36.2448,-0.2969,0.327341
2014,1,8,36.2344,-0.5156,0.327341
2014,1,8,36.2344,-0.5052,0.327341
2014,1,8,36.224,-0.5052,0.327341
2014,1,8,36.224,-0.4844,0.327341
2014,1,8,36.2031,-0.401,0.327341
2014,1,8,36.2031,-0.3906,0.327341
2014,1,8,36.2031,-0.3698,0.327341
2014,1,8,36.1927,-0.5156,0.327341
2014,1,8,36.1927,-0.4948,0.327341
2014,1,8,36.1927,-0.4635,0.327341
2014,1,8,36.1927,-0.4531,0.327341
2014,1,8,36.1927,-0.3802,0.327341
2014,1,8,36.1823,-0.5052,0.327341
2014,1,8,36.151,-0.526,0.327341
2014,1,8,36.1302,-0.5677,0.327341
2014,1,9,36.7656,-0.5365,0.327341
2014,1,9,36.6927,-0.224,0.327341
2014,1,9,36.6719,-0.2135,0.327341
2014,1,9,36.6406,-0.4531,0.327341
2014,1,14,36.8906,0.6823,0.327341
2014,1,14,36.7031,0.526,0.327341
2014,1,14,36.6927,0.5365,0.327341
2014,1,14,36.651,0.4948,0.327341
2014,1,14,36.651,0.5156,0.327341
2014,1,15,36.3177,-0.7448,0.327341
2014,1,15,36.3073,-0.7031,0.327341
2014,1,15,36.2552,-0.9844,0.327341
2014,1,15,36.2448,-0.9948,0.327341
2014,1,15,36.2448,-0.9844,0.327341
2014,1,15,36.224,-0.9531,0.327341
2014,1,15,36.224,-0.7135,0.327341
2014,1,15,36.2135,-0.9635,0.327341
2014,1,15,36.2135,-0.901,0.327341
2014,1,15,36.2031,-0.9635,0.327341
2014,1,15,36.2031,-0.9427,0.327341
2014,1,15,36.1615,-0.9635,0.327341
2014,1,15,36.1615,-0.7448,0.327341
2014,1,15,36.151,-0.6719,0.327341
2014,1,15,36.1302,-0.724,0.327341
2014,1,15,36.1198,-0.7656,0.327341
2014,1,15,36.1198,-0.7552,0.327341
2014,1,15,36.1198,-0.724,0.327341
2014,1,15,36.1198,-0.6927,0.327341
2014,1,15,36.1094,-0.7865,0.327341
2014,1,15,36.1094,-0.7031,0.327341
2014,1,15,36.1094,-0.6823,0.327341
2014,1,15,36.099,-0.974,0.327341
2014,1,15,36.099,-0.8073,0.327341
2014,1,15,36.099,-0.7135,0.327341
2014,1,15,36.0885,-0.9427,0.327341
2014,1,15,36.0885,-0.9219,0.327341
2014,1,15,36.0885,-0.901,0.327341
2014,1,15,36.0781,-0.8906,0.327341
2014,1,15,36.0781,-0.8385,0.327341
2014,1,15,36.0781,-0.7656,0.327341
2014,1,15,36.0781,-0.6927,0.327341
2014,1,15,36.0677,-0.8594,0.327341
2014,1,15,36.0677,-0.776,0.327341
2014,1,15,36.0677,-0.7552,0.327341
2014,1,15,36.0573,-0.8802,0.327341
2014,1,15,36.0573,-0.7656,0.327341
2014,1,15,36.0573,-0.7031,0.327341
2014,1,15,36.0469,-0.9219,0.327341
2014,1,15,36.0469,-0.9115,0.327341
2014,1,15,36.0469,-0.849,0.327341
2014,1,15,36.0469,-0.8385,0.327341
2014,1,15,36.0469,-0.8281,0.327341
2014,1,15,36.0469,-0.8073,0.327341
2014,1,15,36.0469,-0.7135,0.327341
2014,1,15,36.0365,-0.9115,0.327341
2014,1,15,36.026,-0.9948,0.327341
2014,1,15,36.026,-0.9531,0.327341
2014,1,15,36.026,-0.9323,0.327341
2014,1,15,36.026,-0.8802,0.327341
2014,1,15,36.026,-0.8698,0.327341
2014,1,15,36.026,-0.849,0.327341
2014,1,15,36.0156,-0.9844,0.327341
2014,1,15,36.0156,-0.9635,0.327341
2014,1,15,36.0156,-0.8906,0.327341
2014,1,15,36.0156,-0.8698,0.327341
2014,1,15,36.0156,-0.8281,0.327341
2014,1,15,36.0156,-0.7969,0.327341
2014,1,15,36.0156,-0.6719,0.327341
2014,1,15,36.0052,-0.9948,0.327341
2014,1,15,36.0052,-0.974,0.327341
2014,1,15,36.0052,-0.901,0.327341
2014,1,15,36.0052,-0.8906,0.327341
2014,1,15,36.0052,-0.8802,0.327341
2014,1,15,36.0052,-0.8698,0.327341
2014,1,15,36.0052,-0.8281,0.327341
2014,1,15,36.0052,-0.7344,0.327341
2014,1,15,35.9948,-0.974,0.327341
2014,1,15,35.9948,-0.9531,0.327341
2014,1,15,35.9948,-0.9427,0.327341
2014,1,15,35.9948,-0.9323,0.327341
2014,1,15,35.9948,-0.9219,0.327341
2014,1,15,35.9948,-0.901,0.327341
2014,1,15,35.9844,-0.9323,0.327341
2014,1,15,35.9844,-0.901,0.327341
2014,1,15,35.9844,-0.8594,0.327341
2014,1,15,35.9844,-0.849,0.327341
2014,1,15,35.974,-0.9427,0.327341
2014,1,15,35.974,-0.7552,0.327341
2014,1,15,35.9635,-0.7448,0.327341
2014,1,15,35.9635,-0.6823,0.327341
2014,1,15,35.9531,-0.8802,0.327341
2014,1,15,35.9427,-0.6719,0.327341
2014,1,15,35.9219,-0.8281,0.327341
2014,1,15,35.9115,-0.9219,0.327341
2014,1,15,35.9115,-0.8802,0.327341
2014,1,15,35.901,-0.9115,0.327341
2014,1,15,35.901,-0.8906,0.327341
2014,1,15,35.8906,-0.9844,0.327341
2014,1,15,35.8802,-0.7656,0.327341
2014,1,15,35.8698,-0.7865,0.327341
2014,1,15,35.8073,-0.9844,0.327341
2014,1,15,35.7969,-0.9948,0.327341
2014,1,15,35.7969,-0.9844,0.327341
2014,1,15,35.7969,-0.974,0.327341
2014,1,15,35.776,-0.901,0.327341
2014,1,15,35.7656,-0.9531,0.327341
2014,1,15,37.3594,0.9948,0.327341
2014,1,15,37.3177,0.974,0.327341
2014,1,15,37.2656,0.6719,0.327341
2014,1,15,37.2552,0.6406,0.327341
2014,1,15,37.2344,0.5781,0.327341
2014,1,15,37.2344,0.5885,0.327341
2014,1,15,37.2344,0.6094,0.327341
2014,1,15,37.1927,0.7344,0.327341
2014,1,15,37.0156,0.0885,0.327341
2014,1,15,36.9427,-0.026,0.327341
2014,1,15,36.901,-0.1406,0.327341
2014,1,15,36.849,-0.2656,0.327341
2014,1,15,36.7552,0.0052,0.327341
2014,1,15,36.7344,0.8177,0.327341
2014,1,15,36.724,-0.5052,0.327341
2014,1,15,36.724,0.7969,0.327341
2014,1,15,36.7135,-0.5052,0.327341
2014,1,15,36.7135,0.8385,0.327341
2014,1,15,36.7135,0.8802,0.327341
2014,1,15,36.7135,0.9323,0.327341
2014,1,15,36.7031,-0.5052,0.327341
2014,1,15,36.7031,-0.3802,0.327341
2014,1,15,36.7031,0.8698,0.327341
2014,1,15,36.7031,0.8802,0.327341
2014,1,15,36.7031,0.8906,0.327341
2014,1,15,36.7031,0.9323,0.327341
2014,1,15,36.7031,0.9427,0.327341
2014,1,15,36.6927,0.8281,0.327341
2014,1,15,36.6927,0.9427,0.327341
2014,1,15,36.6823,0.8281,0.327341
2014,1,15,36.6823,0.9219,0.327341
2014,1,15,36.6615,0.849,0.327341
2014,1,15,36.6406,0.8698,0.327341
2014,1,15,36.6406,0.9427,0.327341
2014,1,15,36.6302,0.8385,0.327341
2014,1,15,36.6302,0.8698,0.327341
2014,1,15,36.6198,0.8073,0.327341
2014,1,15,36.6198,0.8177,0.327341
2014,1,15,36.6198,0.8385,0.327341
2014,1,15,36.6198,0.849,0.327341
2014,1,15,36.6094,-0.2656,0.327341
2014,1,15,36.6094,0.8281,0.327341
2014,1,15,36.6094,0.849,0.327341
2014,1,15,36.599,0.8177,0.327341
2014,1,15,36.5781,-0.3906,0.327341
2014,1,15,36.5469,0.9531,0.327341
2014,1,15,36.5365,0.9427,0.327341
2014,1,15,36.5365,0.9635,0.327341
2014,1,15,36.5365,0.9844,0.327341
2014,1,15,36.526,-0.6198,0.327341
2014,1,15,36.526,0.8698,0.327341
2014,1,15,36.526,0.9427,0.327341
2014,1,15,36.526,0.9635,0.327341
2014,1,15,36.526,0.9844,0.327341
2014,1,15,36.5156,0.8594,0.327341
2014,1,15,36.5156,0.8802,0.327341
2014,1,15,36.5156,0.8906,0.327341
2014,1,15,36.5052,0.8698,0.327341
2014,1,15,36.5052,0.901,0.327341
2014,1,15,36.5052,0.9115,0.327341
2014,1,15,36.5052,0.9219,0.327341
2014,1,15,36.5052,0.9427,0.327341
2014,1,15,36.4948,0.9115,0.327341
2014,1,15,36.4948,0.9219,0.327341
2014,1,15,36.4948,0.9323,0.327341
2014,1,15,36.474,0.8906,0.327341
2014,1,15,36.474,0.901,0.327341
2014,1,15,36.4219,0.7448,0.327341
2014,1,15,36.3802,0.6615,0.327341
2014,1,15,36.3698,-0.5156,0.327341
2014,1,15,36.3698,-0.5052,0.327341
2014,1,15,36.3698,-0.4948,0.327341
2014,1,15,36.3698,-0.4844,0.327341
2014,1,15,36.3698,0.599,0.327341
2014,1,15,36.3594,-0.5573,0.327341
2014,1,15,36.3594,-0.4948,0.327341
2014,1,15,36.3594,-0.474,0.327341
2014,1,15,36.3594,-0.4635,0.327341
2014,1,15,36.3594,0.6302,0.327341
2014,1,15,36.349,-0.5677,0.327341
2014,1,15,36.349,-0.5365,0.327341
2014,1,15,36.349,-0.526,0.327341
2014,1,15,36.349,-0.5156,0.327341
2014,1,15,36.349,-0.4844,0.327341
2014,1,15,36.349,-0.4531,0.327341
2014,1,15,36.3385,-0.5781,0.327341
2014,1,15,36.3385,-0.4531,0.327341
2014,1,15,36.3385,-0.4323,0.327341
2014,1,15,36.3281,-0.4427,0.327341
2014,1,15,36.3281,-0.4115,0.327341
2014,1,15,36.3177,-0.651,0.327341
2014,1,15,36.3177,-0.6406,0.327341
2014,1,15,36.3177,0.349,0.327341
2014,1,15,36.3177,0.3802,0.327341
2014,1,15,36.3073,-0.401,0.327341
2014,1,15,36.3073,-0.3906,0.327341
2014,1,15,36.3073,0.3281,0.327341
2014,1,15,36.3073,0.3385,0.327341
2014,1,15,36.2969,-0.6302,0.327341
2014,1,15,36.2969,0.276,0.327341
2014,1,15,36.2969,0.2969,0.327341
2014,1,15,36.2969,0.3073,0.327341
2014,1,15,36.2969,0.3281,0.327341
2014,1,15,36.2969,0.3385,0.327341
2014,1,15,36.2969,0.3594,0.327341
2014,1,15,36.2865,-0.6615,0.327341
2014,1,15,36.2865,0.2656,0.327341
2014,1,15,36.2865,0.276,0.327341
2014,1,15,36.2865,0.349,0.327341
2014,1,15,36.276,-0.3802,0.327341
2014,1,15,36.276,0.2656,0.327341
2014,1,15,36.276,0.276,0.327341
2014,1,15,36.276,0.2865,0.327341
2014,1,15,36.2656,-0.3802,0.327341
2014,1,15,36.2656,0.2552,0.327341
2014,1,15,36.2552,-0.3698,0.327341
2014,1,15,36.2552,0.2344,0.327341
2014,1,15,36.2552,0.2552,0.327341
2014,1,15,36.2448,0.2448,0.327341
2014,1,15,36.2448,0.2552,0.327341
2014,1,15,36.2448,0.2656,0.327341
2014,1,15,36.2344,0.2031,0.327341
2014,1,15,36.2344,0.2135,0.327341
2014,1,15,36.2344,0.224,0.327341
2014,1,15,36.2344,0.2344,0.327341
2014,1,15,36.224,-0.3594,0.327341
2014,1,15,36.224,-0.349,0.327341
2014,1,15,36.224,0.1927,0.327341
2014,1,15,36.224,0.2031,0.327341
2014,1,15,36.224,0.2135,0.327341
2014,1,15,36.2135,-0.349,0.327341
2014,1,15,36.2135,0.2031,0.327341
2014,1,15,36.2135,0.2344,0.327341
2014,1,15,36.2031,0.1615,0.327341
2014,1,15,36.1927,0.1406,0.327341
2014,1,15,36.1927,0.151,0.327341
2014,1,15,36.1927,0.1615,0.327341
2014,1,15,36.1823,-0.6302,0.327341
2014,1,15,36.1823,0.1198,0.327341
2014,1,15,36.1823,0.1615,0.327341
2014,1,15,36.1823,0.1719,0.327341
2014,1,15,36.1823,0.1823,0.327341
2014,1,15,36.1719,-0.6615,0.327341
2014,1,15,36.1719,0.1198,0.327341
2014,1,15,36.1719,0.1302,0.327341
2014,1,15,36.1719,0.1615,0.327341
2014,1,15,36.1615,0.099,0.327341
2014,1,15,36.151,-0.6094,0.327341
2014,1,15,36.151,0.0885,0.327341
2014,1,15,36.151,0.099,0.327341
2014,1,15,36.151,0.1094,0.327341
2014,1,15,36.151,0.1198,0.327341
2014,1,15,36.151,0.1406,0.327341
2014,1,15,36.1406,-0.6615,0.327341
2014,1,15,36.1406,-0.3177,0.327341
2014,1,15,36.1406,0.0885,0.327341
2014,1,15,36.1406,0.1094,0.327341
2014,1,15,36.1406,0.1198,0.327341
2014,1,15,36.1302,-0.651,0.327341
2014,1,15,36.1302,-0.3177,0.327341
2014,1,15,36.1302,0.0573,0.327341
2014,1,15,36.1302,0.0677,0.327341
2014,1,15,36.1302,0.0781,0.327341
2014,1,15,36.1302,0.0885,0.327341
2014,1,15,36.1302,0.1094,0.327341
2014,1,15,36.1302,0.1406,0.327341
2014,1,15,36.1198,-0.6615,0.327341
2014,1,15,36.1198,-0.4323,0.327341
2014,1,15,36.1198,-0.3073,0.327341
2014,1,15,36.1198,0.0677,0.327341
2014,1,15,36.1094,-0.6406,0.327341
2014,1,15,36.1094,-0.3281,0.327341
2014,1,15,36.1094,0.0469,0.327341
2014,1,15,36.1094,0.0885,0.327341
2014,1,15,36.099,-0.349,0.327341
2014,1,15,36.099,-0.2865,0.327341
2014,1,15,36.099,-0.276,0.327341
2014,1,15,36.099,0.0052,0.327341
2014,1,15,36.099,0.0677,0.327341
2014,1,15,36.099,0.0781,0.327341
2014,1,15,36.0885,-0.6094,0.327341
2014,1,15,36.0885,-0.5365,0.327341
2014,1,15,36.0885,-0.526,0.327341
2014,1,15,36.0885,-0.2865,0.327341
2014,1,15,36.0885,-0.276,0.327341
2014,1,15,36.0885,-0.2656,0.327341
2014,1,15,36.0781,-0.6198,0.327341
2014,1,15,36.0781,-0.6094,0.327341
2014,1,15,36.0781,-0.3073,0.327341
2014,1,15,36.0781,-0.2865,0.327341
2014,1,15,36.0781,-0.276,0.327341
2014,1,15,36.0781,-0.026,0.327341
2014,1,15,36.0781,-0.0156,0.327341
2014,1,15,36.0677,-0.6198,0.327341
2014,1,15,36.0677,-0.599,0.327341
2014,1,15,36.0677,-0.5885,0.327341
2014,1,15,36.0677,-0.5677,0.327341
2014,1,15,36.0677,-0.3073,0.327341
2014,1,15,36.0677,-0.2969,0.327341
2014,1,15,36.0677,-0.2656,0.327341
2014,1,15,36.0677,-0.0573,0.327341
2014,1,15,36.0573,-0.6406,0.327341
2014,1,15,36.0573,-0.5781,0.327341
2014,1,15,36.0573,-0.5677,0.327341
2014,1,15,36.0573,-0.5469,0.327341
2014,1,15,36.0573,-0.5365,0.327341
2014,1,15,36.0573,-0.4635,0.327341
2014,1,15,36.0573,-0.4219,0.327341
2014,1,15,36.0573,-0.2969,0.327341
2014,1,15,36.0573,-0.099,0.327341
2014,1,15,36.0573,-0.0781,0.327341
2014,1,15,36.0573,0.026,0.327341
2014,1,15,36.0469,-0.6406,0.327341
2014,1,15,36.0469,-0.5365,0.327341
2014,1,15,36.0469,-0.4948,0.327341
2014,1,15,36.0469,-0.474,0.327341
2014,1,15,36.0469,-0.4531,0.327341
2014,1,15,36.0469,-0.4427,0.327341
2014,1,15,36.0469,-0.401,0.327341
2014,1,15,36.0469,-0.3698,0.327341
2014,1,15,36.0469,-0.3594,0.327341
2014,1,15,36.0469,-0.2969,0.327341
2014,1,15,36.0469,-0.151,0.327341
2014,1,15,36.0365,-0.6094,0.327341
2014,1,15,36.0365,-0.5573,0.327341
2014,1,15,36.0365,-0.5469,0.327341
2014,1,15,36.0365,-0.5365,0.327341
2014,1,15,36.0365,-0.5156,0.327341
2014,1,15,36.0365,-0.4948,0.327341
2014,1,15,36.0365,-0.4844,0.327341
2014,1,15,36.0365,-0.474,0.327341
2014,1,15,36.0365,-0.3906,0.327341
2014,1,15,36.0365,-0.3594,0.327341
2014,1,15,36.0365,-0.3177,0.327341
2014,1,15,36.0365,-0.3073,0.327341
2014,1,15,36.0365,-0.2552,0.327341
2014,1,15,36.026,-0.651,0.327341
2014,1,15,36.026,-0.4635,0.327341
2014,1,15,36.026,-0.349,0.327341
2014,1,15,36.026,-0.3281,0.327341
2014,1,15,36.026,-0.2656,0.327341
2014,1,15,36.026,-0.2448,0.327341
2014,1,15,36.026,0.0365,0.327341
2014,1,15,36.0156,-0.6094,0.327341
2014,1,15,36.0156,-0.5885,0.327341
2014,1,15,36.0156,-0.5781,0.327341
2014,1,15,36.0156,-0.4219,0.327341
2014,1,15,36.0156,-0.3906,0.327341
2014,1,15,36.0156,-0.3594,0.327341
2014,1,15,36.0156,-0.276,0.327341
2014,1,15,36.0156,0.026,0.327341
2014,1,15,36.0052,-0.6406,0.327341
2014,1,15,36.0052,-0.6094,0.327341
2014,1,15,36.0052,-0.599,0.327341
2014,1,15,36.0052,-0.5885,0.327341
2014,1,15,36.0052,-0.4115,0.327341
2014,1,15,36.0052,-0.401,0.327341
2014,1,15,36.0052,-0.349,0.327341
2014,1,15,36.0052,-0.151,0.327341
2014,1,15,35.9948,-0.651,0.327341
2014,1,15,35.9948,-0.6198,0.327341
2014,1,15,35.9948,-0.6094,0.327341
2014,1,15,35.9948,-0.599,0.327341
2014,1,15,35.9948,-0.5885,0.327341
2014,1,15,35.9948,-0.5365,0.327341
2014,1,15,35.9948,-0.1823,0.327341
2014,1,15,35.9948,-0.1615,0.327341
2014,1,15,35.9948,-0.151,0.327341
2014,1,15,35.9948,0.026,0.327341
2014,1,15,35.9844,-0.6198,0.327341
2014,1,15,35.9844,-0.6094,0.327341
2014,1,15,35.9844,-0.599,0.327341
2014,1,15,35.9844,-0.5885,0.327341
2014,1,15,35.9844,-0.5469,0.327341
2014,1,15,35.9844,-0.526,0.327341
2014,1,15,35.9844,-0.5156,0.327341
2014,1,15,35.9844,-0.1823,0.327341
2014,1,15,35.9844,-0.151,0.327341
2014,1,15,35.9844,-0.0781,0.327341
2014,1,15,35.974,-0.5885,0.327341
2014,1,15,35.974,-0.5573,0.327341
2014,1,15,35.974,-0.5365,0.327341
2014,1,15,35.9635,-0.6615,0.327341
2014,1,15,35.9635,-0.5885,0.327341
2014,1,15,35.9635,-0.5677,0.327341
2014,1,15,35.9635,-0.3281,0.327341
2014,1,15,35.9635,-0.2031,0.327341
2014,1,15,35.9635,-0.1406,0.327341
2014,1,15,35.9635,-0.0052,0.327341
2014,1,15,35.9531,-0.6615,0.327341
2014,1,15,35.9531,-0.6302,0.327341
2014,1,15,35.9531,-0.6094,0.327341
2014,1,15,35.9531,-0.5885,0.327341
2014,1,15,35.9531,-0.276,0.327341
2014,1,15,35.9531,-0.2656,0.327341
2014,1,15,35.9531,-0.1719,0.327341
2014,1,15,35.9531,-0.1615,0.327341
2014,1,15,35.9531,0.0052,0.327341
2014,1,15,35.9427,-0.6615,0.327341
2014,1,15,35.9427,-0.651,0.327341
2014,1,15,35.9427,-0.2969,0.327341
2014,1,15,35.9427,-0.276,0.327341
2014,1,15,35.9427,0.0052,0.327341
2014,1,15,35.9323,-0.3177,0.327341
2014,1,15,35.9323,-0.0052,0.327341
2014,1,15,35.9219,-0.0365,0.327341
2014,1,15,35.9115,-0.2865,0.327341
2014,1,15,35.9115,-0.099,0.327341
2014,1,15,35.901,-0.2031,0.327341
2014,1,15,35.901,-0.099,0.327341
2014,1,15,35.901,-0.0365,0.327341
2014,1,15,35.8906,-0.4948,0.327341
2014,1,15,35.8281,-0.2135,0.327341
2014,1,17,37.224,0.6406,0.327341
2014,1,17,37.2135,0.6302,0.327341
2014,1,17,37.1823,0.599,0.327341
2014,1,17,36.8906,-0.2344,0.327341
2014,1,17,36.8698,-0.2344,0.327341
2014,1,17,36.7031,-0.5469,0.327341
2014,1,18,36.7031,-0.6927,0.327341
2014,1,18,36.7031,-0.6823,0.327341
2014,1,18,36.6927,-0.7344,0.327341
2014,1,18,36.6927,-0.724,0.327341
2014,1,18,36.6927,-0.7031,0.327341
2014,1,18,36.6823,-0.7344,0.327341
2014,1,18,36.6615,-0.7552,0.327341
2014,1,18,36.6615,-0.6823,0.327341
2014,1,18,36.651,-0.8281,0.327341
2014,1,18,36.651,-0.7656,0.327341
2014,1,18,36.651,-0.6927,0.327341
2014,1,18,36.651,-0.6823,0.327341
2014,1,18,36.6406,-0.8385,0.327341
2014,1,18,36.6198,-0.7135,0.327341
2014,1,18,36.6094,-0.7031,0.327341
2014,1,18,36.599,-0.6823,0.327341
2014,1,18,36.5573,-0.7135,0.327341
2014,1,18,36.5365,-0.9531,0.327341
2014,1,18,36.5365,-0.901,0.327341
2014,1,18,36.3698,-0.6719,0.327341
2014,1,18,36.3594,-0.6719,0.327341
2014,1,18,36.349,-0.9531,0.327341
2014,1,18,36.349,-0.6823,0.327341
2014,1,18,36.3385,-0.974,0.327341
2014,1,18,36.3385,-0.9427,0.327341
2014,1,18,36.3385,-0.7865,0.327341
2014,1,18,36.3385,-0.7656,0.327341
2014,1,18,36.3281,-0.9635,0.327341
2014,1,18,36.3281,-0.9323,0.327341
2014,1,18,36.3281,-0.9219,0.327341
2014,1,18,36.3281,-0.9115,0.327341
2014,1,18,36.3281,-0.7552,0.327341
2014,1,18,36.3281,-0.7448,0.327341
2014,1,18,36.3177,-0.9948,0.327341
2014,1,18,36.3177,-0.9844,0.327341
2014,1,18,36.3177,-0.7969,0.327341
2014,1,18,36.3073,-0.974,0.327341
2014,1,18,36.3073,-0.8177,0.327341
2014,1,18,36.2865,-0.8906,0.327341
2014,1,18,36.2865,-0.8594,0.327341
2014,1,18,36.2135,-0.7552,0.327341
2014,1,18,36.2135,-0.7344,0.327341
2014,1,18,36.2031,-0.7656,0.327341
2014,1,18,36.1927,-0.7031,0.327341
2014,1,18,36.1823,-0.7969,0.327341
2014,1,18,36.1823,-0.7656,0.327341
2014,1,18,36.1823,-0.6823,0.327341
2014,1,18,36.1719,-0.8073,0.327341
2014,1,18,36.1719,-0.7969,0.327341
2014,1,18,36.1719,-0.7344,0.327341
2014,1,18,36.1719,-0.724,0.327341
2014,1,18,36.1719,-0.7135,0.327341
2014,1,18,36.1719,-0.7031,0.327341
2014,1,18,36.1615,-0.7969,0.327341
2014,1,18,36.1615,-0.7656,0.327341
2014,1,18,36.1615,-0.7448,0.327341
2014,1,18,36.1615,-0.7344,0.327341
2014,1,18,36.1615,-0.7031,0.327341
2014,1,18,36.1615,-0.6823,0.327341
2014,1,18,36.1615,-0.6719,0.327341
2014,1,18,36.151,-0.7344,0.327341
2014,1,18,36.151,-0.724,0.327341
2014,1,18,36.151,-0.7031,0.327341
2014,1,18,36.1406,-0.8385,0.327341
2014,1,18,36.1406,-0.8281,0.327341
2014,1,18,36.1406,-0.8177,0.327341
2014,1,18,36.1302,-0.8281,0.327341
2014,1,18,36.1302,-0.8177,0.327341
2014,1,18,36.099,-0.9531,0.327341
2014,1,18,36.099,-0.8594,0.327341
2014,1,18,36.099,-0.7865,0.327341
2014,1,18,36.099,-0.7031,0.327341
2014,1,18,36.099,-0.6719,0.327341
2014,1,18,36.0885,-0.9844,0.327341
2014,1,18,36.0885,-0.9635,0.327341
2014,1,18,36.0885,-0.9531,0.327341
2014,1,18,36.0885,-0.9115,0.327341
2014,1,18,36.0885,-0.8906,0.327341
2014,1,18,36.0781,-0.9948,0.327341
2014,1,18,36.0781,-0.8698,0.327341
2014,1,18,36.0781,-0.8281,0.327341
2014,1,18,36.0781,-0.6927,0.327341
2014,1,18,36.0677,-0.8698,0.327341
2014,1,18,36.0677,-0.8385,0.327341
2014,1,18,36.0677,-0.7031,0.327341
2014,1,18,36.0677,-0.6927,0.327341
2014,1,18,36.0573,-0.8698,0.327341
2014,1,18,36.0573,-0.8594,0.327341
2014,1,18,36.0469,-0.8906,0.327341
2014,1,18,36.0365,-0.8594,0.327341
2014,1,18,36.0365,-0.849,0.327341
2014,1,18,36.0365,-0.7031,0.327341
2014,1,18,36.026,-0.7656,0.327341
2014,1,18,36.026,-0.724,0.327341
2014,1,18,36.0156,-0.9323,0.327341
2014,1,18,36.0156,-0.7969,0.327341
2014,1,18,36.0156,-0.7865,0.327341
2014,1,18,36.0156,-0.776,0.327341
2014,1,18,36.0156,-0.6823,0.327341
2014,1,18,36.0052,-0.7865,0.327341
2014,1,18,35.9948,-0.8177,0.327341
2014,1,18,35.9844,-0.7969,0.327341
2014,1,18,35.974,-0.8385,0.327341
2014,1,18,35.974,-0.7344,0.327341
2014,1,18,35.9427,-0.9323,0.327341
2014,1,18,35.9323,-0.9323,0.327341
2014,1,18,35.8698,-0.7135,0.327341
2014,1,18,35.8594,-0.724,0.327341
2014,1,18,35.8177,-0.9427,0.327341
2014,1,18,35.8073,-0.9427,0.327341
2014,1,18,35.7656,-0.9635,0.327341
2014,1,18,35.7656,-0.7135,0.327341
2014,1,18,35.7448,-0.8906,0.327341
2014,1,18,36.9219,-0.1302,0.327341
2014,1,18,36.8177,-0.3073,0.327341
2014,1,18,36.8073,-0.4531,0.327341
2014,1,18,36.7969,-0.4427,0.327341
2014,1,18,36.7969,-0.3906,0.327341
2014,1,18,36.7865,-0.5052,0.327341
2014,1,18,36.7865,-0.4531,0.327341
2014,1,18,36.7865,-0.4427,0.327341
2014,1,18,36.7865,-0.401,0.327341
2014,1,18,36.776,-0.4844,0.327341
2014,1,18,36.776,-0.474,0.327341
2014,1,18,36.776,-0.4219,0.327341
2014,1,18,36.776,-0.4115,0.327341
2014,1,18,36.776,-0.401,0.327341
2014,1,18,36.776,-0.3802,0.327341
2014,1,18,36.776,-0.349,0.327341
2014,1,18,36.7656,-0.5677,0.327341
2014,1,18,36.7552,-0.5885,0.327341
2014,1,18,36.7552,-0.5573,0.327341
2014,1,18,36.7552,-0.3594,0.327341
2014,1,18,36.7448,-0.5781,0.327341
2014,1,18,36.7448,-0.5365,0.327341
2014,1,18,36.7448,-0.4323,0.327341
2014,1,18,36.7448,-0.1615,0.327341
2014,1,18,36.7448,-0.1406,0.327341
2014,1,18,36.7344,-0.5156,0.327341
2014,1,18,36.7344,-0.4635,0.327341
2014,1,18,36.7344,-0.2344,0.327341
2014,1,18,36.7344,-0.224,0.327341
2014,1,18,36.7344,-0.2135,0.327341
2014,1,18,36.7344,0.0365,0.327341
2014,1,18,36.724,-0.4427,0.327341
2014,1,18,36.724,-0.4323,0.327341
2014,1,18,36.724,-0.401,0.327341
2014,1,18,36.724,-0.224,0.327341
2014,1,18,36.7135,-0.4115,0.327341
2014,1,18,36.7135,-0.2344,0.327341
2014,1,18,36.7135,-0.224,0.327341
2014,1,18,36.7031,-0.2031,0.327341
2014,1,18,36.6823,-0.0365,0.327341
2014,1,18,36.6719,-0.5677,0.327341
2014,1,18,36.6719,-0.2135,0.327341
2014,1,18,36.6719,-0.2031,0.327341
2014,1,18,36.6615,-0.5677,0.327341
2014,1,18,36.6615,-0.2031,0.327341
2014,1,18,36.6615,-0.1198,0.327341
2014,1,18,36.651,-0.5677,0.327341
2014,1,18,36.651,-0.224,0.327341
2014,1,18,36.651,-0.2031,0.327341
2014,1,18,36.651,-0.1927,0.327341
2014,1,18,36.651,-0.1302,0.327341
2014,1,18,36.651,-0.1198,0.327341
2014,1,18,36.6406,-0.5781,0.327341
2014,1,18,36.6406,-0.5469,0.327341
2014,1,18,36.6406,-0.2135,0.327341
2014,1,18,36.6406,-0.1302,0.327341
2014,1,18,36.6302,-0.5677,0.327341
2014,1,18,36.6302,-0.5573,0.327341
2014,1,18,36.6302,-0.1198,0.327341
2014,1,18,36.6198,-0.1198,0.327341
2014,1,18,36.6094,-0.2031,0.327341
2014,1,18,36.6094,-0.1719,0.327341
2014,1,18,36.6094,-0.1198,0.327341
2014,1,18,36.599,-0.1927,0.327341
2014,1,18,36.599,-0.1823,0.327341
2014,1,18,36.5885,-0.224,0.327341
2014,1,18,36.5885,-0.2031,0.327341
2014,1,18,36.5885,-0.1927,0.327341
2014,1,18,36.5885,-0.099,0.327341
2014,1,18,36.5781,-0.1198,0.327341
2014,1,18,36.5677,-0.2552,0.327341
2014,1,18,36.5677,-0.2344,0.327341
2014,1,18,36.5677,-0.151,0.327341
2014,1,18,36.5573,-0.2448,0.327341
2014,1,18,36.5573,-0.1406,0.327341
2014,1,18,36.5469,-0.2969,0.327341
2014,1,18,36.5469,-0.1302,0.327341
2014,1,18,36.5469,-0.1198,0.327341
2014,1,18,36.5365,-0.6198,0.327341
2014,1,18,36.5365,-0.151,0.327341
2014,1,18,36.526,-0.3385,0.327341
2014,1,18,36.526,-0.3281,0.327341
2014,1,18,36.526,-0.2656,0.327341
2014,1,18,36.5156,-0.6302,0.327341
2014,1,18,36.5156,-0.3385,0.327341
2014,1,18,36.4844,0.1615,0.327341
2014,1,18,36.4635,-0.6615,0.327341
2014,1,18,36.4635,-0.651,0.327341
2014,1,18,36.4635,-0.4219,0.327341
2014,1,18,36.4635,-0.3802,0.327341
2014,1,18,36.4635,0.1719,0.327341
2014,1,18,36.4531,-0.651,0.327341
2014,1,18,36.4531,-0.6406,0.327341
2014,1,18,36.4427,-0.6302,0.327341
2014,1,18,36.4427,-0.6198,0.327341
2014,1,18,36.4427,-0.474,0.327341
2014,1,18,36.4427,0.1719,0.327341
2014,1,18,36.4323,-0.4948,0.327341
2014,1,18,36.4219,-0.5677,0.327341
2014,1,18,36.4115,-0.651,0.327341
2014,1,18,36.4115,-0.5781,0.327341
2014,1,18,36.4115,-0.5677,0.327341
2014,1,18,36.401,-0.599,0.327341
2014,1,18,36.401,-0.5885,0.327341
2014,1,18,36.3594,-0.026,0.327341
2014,1,18,36.349,0.2448,0.327341
2014,1,18,36.3281,-0.0781,0.327341
2014,1,18,36.3177,-0.3385,0.327341
2014,1,18,36.3177,-0.0885,0.327341
2014,1,18,36.3177,0.2135,0.327341
2014,1,18,36.3073,-0.2865,0.327341
2014,1,18,36.3073,-0.0885,0.327341
2014,1,18,36.3073,0.1927,0.327341
2014,1,18,36.2969,-0.3385,0.327341
2014,1,18,36.2969,-0.1094,0.327341
2014,1,18,36.2969,0.2448,0.327341
2014,1,18,36.276,-0.2969,0.327341
2014,1,18,36.276,-0.2865,0.327341
2014,1,18,36.276,-0.1823,0.327341
2014,1,18,36.276,0.0052,0.327341
2014,1,18,36.276,0.2552,0.327341
2014,1,18,36.2656,-0.349,0.327341
2014,1,18,36.2656,-0.3177,0.327341
2014,1,18,36.2656,-0.2865,0.327341
2014,1,18,36.2552,-0.3698,0.327341
2014,1,18,36.2552,-0.3385,0.327341
2014,1,18,36.2552,-0.3073,0.327341
2014,1,18,36.2552,0.0156,0.327341
2014,1,18,36.2552,0.2448,0.327341
2014,1,18,36.2448,-0.3594,0.327341
2014,1,18,36.2448,-0.3177,0.327341
2014,1,18,36.2448,-0.2969,0.327341
2014,1,18,36.2448,-0.1615,0.327341
2014,1,18,36.2344,-0.401,0.327341
2014,1,18,36.2344,-0.3594,0.327341
2014,1,18,36.2344,-0.3177,0.327341
2014,1,18,36.2344,-0.2969,0.327341
2014,1,18,36.2344,-0.2552,0.327341
2014,1,18,36.224,-0.5156,0.327341
2014,1,18,36.224,-0.5052,0.327341
2014,1,18,36.224,-0.4948,0.327341
2014,1,18,36.224,-0.474,0.327341
2014,1,18,36.224,-0.4635,0.327341
2014,1,18,36.224,-0.3698,0.327341
2014,1,18,36.224,-0.3594,0.327341
2014,1,18,36.224,-0.2969,0.327341
2014,1,18,36.2135,-0.5156,0.327341
2014,1,18,36.2135,-0.4635,0.327341
2014,1,18,36.2135,-0.3698,0.327341
2014,1,18,36.2135,-0.3281,0.327341
2014,1,18,36.2135,-0.2969,0.327341
2014,1,18,36.2135,-0.2031,0.327341
2014,1,18,36.2031,-0.6094,0.327341
2014,1,18,36.2031,-0.599,0.327341
2014,1,18,36.2031,-0.5573,0.327341
2014,1,18,36.2031,-0.526,0.327341
2014,1,18,36.2031,-0.5052,0.327341
2014,1,18,36.2031,-0.4844,0.327341
2014,1,18,36.2031,-0.2969,0.327341
2014,1,18,36.2031,0.026,0.327341
2014,1,18,36.2031,0.0469,0.327341
2014,1,18,36.1927,-0.6198,0.327341
2014,1,18,36.1927,-0.6094,0.327341
2014,1,18,36.1927,-0.599,0.327341
2014,1,18,36.1927,-0.5781,0.327341
2014,1,18,36.1927,-0.5573,0.327341
2014,1,18,36.1927,-0.4948,0.327341
2014,1,18,36.1927,-0.2552,0.327341
2014,1,18,36.1927,-0.0781,0.327341
2014,1,18,36.1927,0.0365,0.327341
2014,1,18,36.1927,0.2656,0.327341
2014,1,18,36.1823,-0.6198,0.327341
2014,1,18,36.1823,-0.5781,0.327341
2014,1,18,36.1823,-0.2656,0.327341
2014,1,18,36.1719,-0.6302,0.327341
2014,1,18,36.1719,-0.5365,0.327341
2014,1,18,36.1615,-0.6406,0.327341
2014,1,18,36.1615,-0.5469,0.327341
2014,1,18,36.1615,-0.3385,0.327341
2014,1,18,36.1615,-0.3281,0.327341
2014,1,18,36.1615,-0.3177,0.327341
2014,1,18,36.1615,-0.0885,0.327341
2014,1,18,36.1615,-0.0365,0.327341
2014,1,18,36.151,-0.0781,0.327341
2014,1,18,36.151,-0.0469,0.327341
2014,1,18,36.151,0.2031,0.327341
2014,1,18,36.1302,-0.6198,0.327341
2014,1,18,36.1302,-0.5781,0.327341
2014,1,18,36.1198,-0.6302,0.327341
2014,1,18,36.1198,-0.6198,0.327341
2014,1,18,36.1198,-0.5052,0.327341
2014,1,18,36.099,-0.6302,0.327341
2014,1,18,36.099,-0.6094,0.327341
2014,1,18,36.099,-0.5781,0.327341
2014,1,18,36.0885,-0.6406,0.327341
2014,1,18,36.0885,-0.6302,0.327341
2014,1,18,36.0781,-0.6615,0.327341
2014,1,18,36.0781,-0.651,0.327341
2014,1,18,36.0781,-0.6406,0.327341
2014,1,18,36.0781,-0.6302,0.327341
2014,1,18,36.0677,-0.651,0.327341
2014,1,18,36.0677,-0.599,0.327341
2014,1,18,36.0677,-0.5469,0.327341
2014,1,18,36.0573,-0.6615,0.327341
2014,1,18,36.0573,-0.6302,0.327341
2014,1,18,36.0573,-0.401,0.327341
2014,1,18,36.0469,-0.651,0.327341
2014,1,18,36.026,-0.6615,0.327341
2014,1,18,36.0156,-0.2448,0.327341
2014,1,18,36.0052,-0.4635,0.327341
2014,1,18,35.9948,-0.2552,0.327341
2014,1,18,35.9948,-0.2344,0.327341
2014,1,18,35.974,-0.2031,0.327341
2014,1,18,35.974,-0.1927,0.327341
2014,1,18,35.974,-0.1823,0.327341
2014,1,18,35.9635,-0.1927,0.327341
2014,1,18,35.9531,-0.4635,0.327341
2014,1,18,35.9531,-0.2031,0.327341
2014,1,18,35.8385,-0.276,0.327341
2014,1,18,35.7865,-0.526,0.327341
2014,1,20,36.1823,-0.9844,0.327341
2014,1,20,36.1823,-0.6823,0.327341
2014,1,20,36.1615,-0.8073,0.327341
2014,1,20,36.1406,-0.7656,0.327341
2014,1,20,36.0365,-0.901,0.327341
2014,1,20,36.0365,-0.8281,0.327341
2014,1,20,36.0365,-0.8073,0.327341
2014,1,20,36.026,-0.9427,0.327341
2014,1,20,36.026,-0.6719,0.327341
2014,1,20,36.0156,-0.901,0.327341
2014,1,20,36.0052,-0.9844,0.327341
2014,1,20,36.0052,-0.9531,0.327341
2014,1,20,35.974,-0.9427,0.327341
2014,1,20,35.974,-0.8385,0.327341
2014,1,20,35.9531,-0.9948,0.327341
2014,1,20,35.9115,-0.7865,0.327341
2014,1,20,35.8906,-0.8281,0.327341
2014,1,20,37.3594,0.901,0.327341
2014,1,20,37.1406,0.9844,0.327341
2014,1,20,37.1302,0.7344,0.327341
2014,1,20,37.1094,0.724,0.327341
2014,1,20,37.0677,0.7552,0.327341
2014,1,20,37.0677,0.9323,0.327341
2014,1,20,36.9427,0.9948,0.327341
2014,1,20,36.6823,0.9427,0.327341
2014,1,20,36.651,0.9844,0.327341
2014,1,20,36.6302,0.9948,0.327341
2014,1,20,36.6198,0.9844,0.327341
2014,1,20,36.6094,0.9844,0.327341
2014,1,20,36.599,0.9844,0.327341
2014,1,20,36.5885,0.1927,0.327341
2014,1,20,36.5781,-0.151,0.327341
2014,1,20,36.5781,0.276,0.327341
2014,1,20,36.5781,0.3177,0.327341
2014,1,20,36.5677,0.1823,0.327341
2014,1,20,36.5677,0.3073,0.327341
2014,1,20,36.5677,0.8906,0.327341
2014,1,20,36.5573,0.4635,0.327341
2014,1,20,36.5469,0.6198,0.327341
2014,1,20,36.5469,0.6719,0.327341
2014,1,20,36.5469,0.724,0.327341
2014,1,20,36.5469,0.7656,0.327341
2014,1,20,36.5365,0.7448,0.327341
2014,1,20,36.526,0.1615,0.327341
2014,1,20,36.5156,-0.0156,0.327341
2014,1,20,36.5156,0.1302,0.327341
2014,1,20,36.474,-0.151,0.327341
2014,1,20,36.4531,-0.099,0.327341
2014,1,20,36.4219,-0.224,0.327341
2014,1,20,36.4219,-0.2031,0.327341
2014,1,20,36.4115,-0.3177,0.327341
2014,1,20,36.3802,-0.2344,0.327341
2014,1,20,36.2135,-0.5677,0.327341
2014,1,20,36.2135,-0.4219,0.327341
2014,1,20,36.2135,-0.3385,0.327341
2014,1,20,36.2031,-0.4115,0.327341
2014,1,20,36.1927,-0.4115,0.327341
2014,1,20,36.1615,-0.3802,0.327341
2014,1,20,36.1406,-0.6302,0.327341
2014,1,20,36.1406,-0.4427,0.327341
2014,1,20,36.1094,-0.3906,0.327341
2014,1,20,36.099,-0.3906,0.327341
2014,1,20,36.099,-0.2969,0.327341
2014,1,20,36.0885,-0.401,0.327341
2014,1,20,36.0885,-0.3906,0.327341
2014,1,20,36.0885,-0.3802,0.327341
2014,1,20,36.0885,-0.2344,0.327341
2014,1,20,36.0781,-0.3802,0.327341
2014,1,20,36.0677,-0.4115,0.327341
2014,1,20,36.0677,-0.1406,0.327341
2014,1,20,36.0573,-0.3906,0.327341
2014,1,20,36.0365,-0.5365,0.327341
2014,1,20,36.026,-0.651,0.327341
2014,1,20,36.0156,-0.6615,0.327341
2014,1,20,36.0052,-0.1615,0.327341
2014,1,20,35.9635,-0.3281,0.327341
2014,1,20,35.9531,-0.4531,0.327341
2014,1,20,35.9531,-0.1719,0.327341
2014,1,20,35.9427,-0.1823,0.327341
2014,1,20,35.7448,-0.6198,0.327341
2014,1,21,36.5469,-0.849,0.327341
2014,1,21,36.5052,-0.849,0.327341
2014,1,21,36.4948,-0.849,0.327341
2014,1,21,36.4531,-0.6927,0.327341
2014,1,21,36.4531,-0.6823,0.327341
2014,1,21,36.4427,-0.6823,0.327341
2014,1,21,36.401,-0.8281,0.327341
2014,1,21,36.3906,-0.849,0.327341
2014,1,21,36.3906,-0.8385,0.327341
2014,1,21,36.3906,-0.8281,0.327341
2014,1,21,36.3802,-0.849,0.327341
2014,1,21,36.3802,-0.8385,0.327341
2014,1,21,36.3698,-0.8594,0.327341
2014,1,21,36.3594,-0.8594,0.327341
2014,1,21,36.349,-0.901,0.327341
2014,1,21,36.349,-0.8802,0.327341
2014,1,21,36.349,-0.8698,0.327341
2014,1,21,36.3385,-0.901,0.327341
2014,1,21,36.3385,-0.8906,0.327341
2014,1,21,36.3385,-0.8802,0.327341
2014,1,21,36.3385,-0.8698,0.327341
2014,1,21,36.3281,-0.901,0.327341
2014,1,21,36.3281,-0.8906,0.327341
2014,1,21,36.3281,-0.8698,0.327341
2014,1,21,36.3177,-0.901,0.327341
2014,1,21,36.3177,-0.8906,0.327341
2014,1,21,36.3177,-0.8802,0.327341
2014,1,21,36.3177,-0.8698,0.327341
2014,1,21,36.3073,-0.901,0.327341
2014,1,21,36.3073,-0.8802,0.327341
2014,1,21,36.2969,-0.901,0.327341
2014,1,21,36.2865,-0.901,0.327341
2014,1,21,36.276,-0.901,0.327341
2014,1,21,36.2656,-0.901,0.327341
2014,1,21,36.2552,-0.901,0.327341
2014,1,21,36.224,-0.9323,0.327341
2014,1,21,36.224,-0.9219,0.327341
2014,1,21,36.2135,-0.9219,0.327341
2014,1,21,36.2031,-0.9323,0.327341
2014,1,21,36.2031,-0.9219,0.327341
2014,1,21,36.1927,-0.9323,0.327341
2014,1,21,36.1927,-0.9219,0.327341
2014,1,21,36.1927,-0.9115,0.327341
2014,1,21,36.1927,-0.901,0.327341
2014,1,21,36.1823,-0.9323,0.327341
2014,1,21,36.1823,-0.9219,0.327341
2014,1,21,36.1823,-0.9115,0.327341
2014,1,21,36.1823,-0.901,0.327341
2014,1,21,36.4531,-0.651,0.327341
2014,1,22,36.901,-0.2031,0.327341
2014,1,23,36.5573,-0.7656,0.327341
2014,1,23,36.5365,-0.776,0.327341
2014,1,23,36.526,-0.776,0.327341
2014,1,23,36.5156,-0.7031,0.327341
2014,1,23,36.5156,-0.6927,0.327341
2014,1,23,36.5052,-0.776,0.327341
2014,1,23,36.4948,-0.7031,0.327341
2014,1,23,36.4844,-0.6927,0.327341
2014,1,23,36.4844,-0.6823,0.327341
2014,1,23,36.474,-0.6719,0.327341
2014,1,23,36.3802,-0.7552,0.327341
2014,1,23,36.3802,-0.6719,0.327341
2014,1,23,36.3698,-0.6927,0.327341
2014,1,23,36.3698,-0.6823,0.327341
2014,1,23,36.3073,-0.6823,0.327341
2014,1,23,36.2969,-0.7552,0.327341
2014,1,23,36.2969,-0.724,0.327341
2014,1,23,36.2865,-0.6719,0.327341
2014,1,23,36.2656,-0.6719,0.327341
2014,1,23,36.2552,-0.7031,0.327341
2014,1,23,36.2448,-0.6719,0.327341
2014,1,23,36.224,-0.6719,0.327341
2014,1,23,36.1719,-0.6927,0.327341
2014,1,23,37.1094,0.3073,0.327341
2014,1,23,37.099,0.3177,0.327341
2014,1,23,37.0885,0.3281,0.327341
2014,1,23,37.0781,0.3281,0.327341
2014,1,23,36.8698,-0.2344,0.327341
2014,1,23,36.7969,-0.4115,0.327341
2014,1,23,36.7656,-0.4323,0.327341
2014,1,23,36.7656,-0.4219,0.327341
2014,1,23,36.7448,-0.2552,0.327341
2014,1,23,36.7344,-0.3802,0.327341
2014,1,23,36.724,-0.224,0.327341
2014,1,23,36.7135,-0.2552,0.327341
2014,1,23,36.5469,-0.2031,0.327341
2014,1,23,36.5052,-0.2552,0.327341
2014,1,23,36.4635,-0.6615,0.327341
2014,1,23,36.4531,-0.6615,0.327341
2014,1,23,36.4531,-0.651,0.327341
2014,1,23,36.4531,-0.6094,0.327341
2014,1,23,36.4323,-0.6615,0.327341
2014,1,23,36.4323,-0.651,0.327341
2014,1,23,36.4323,-0.6406,0.327341
2014,1,23,36.4219,-0.651,0.327341
2014,1,23,36.3698,-0.4844,0.327341
2014,1,23,36.276,-0.6615,0.327341
2014,1,23,36.2656,-0.6615,0.327341
2014,1,23,36.2656,-0.526,0.327341
2014,1,23,36.2552,-0.651,0.327341
2014,1,23,36.2344,-0.6615,0.327341
2014,1,23,36.224,-0.6615,0.327341
2014,1,23,36.2135,-0.6615,0.327341
2014,1,23,36.2031,-0.651,0.327341
2014,1,24,36.9948,0.7865,0.327341
2014,1,24,36.974,0.7865,0.327341
2014,1,24,36.974,0.8073,0.327341
2014,1,24,36.8698,0.6302,0.327341
2014,1,24,36.8385,0.5885,0.327341
2014,1,24,36.776,0.5365,0.327341
2014,1,24,36.7448,0.3906,0.327341
2014,1,24,36.7448,0.4427,0.327341
2014,1,24,36.7344,0.4531,0.327341
2014,1,24,36.7031,0.4115,0.327341
2014,1,24,36.6927,0.4115,0.327341
2014,1,24,35.9635,-0.0365,0.327341
2014,1,24,35.9427,-0.0365,0.327341
2014,1,26,36.6719,-0.7031,0.327341
2014,1,26,36.6615,-0.7448,0.327341
2014,1,26,36.651,-0.6927,0.327341
2014,1,26,36.6406,-0.8281,0.327341
2014,1,26,36.6406,-0.7552,0.327341
2014,1,26,36.6302,-0.8906,0.327341
2014,1,26,36.6198,-0.776,0.327341
2014,1,26,36.6198,-0.7344,0.327341
2014,1,26,36.6094,-0.7865,0.327341
2014,1,26,36.6094,-0.7552,0.327341
2014,1,26,36.599,-0.8177,0.327341
2014,1,26,36.599,-0.7865,0.327341
2014,1,26,36.5885,-0.9844,0.327341
2014,1,26,36.5885,-0.9427,0.327341
2014,1,26,36.5885,-0.8177,0.327341
2014,1,26,36.5885,-0.8073,0.327341
2014,1,26,36.5781,-0.9427,0.327341
2014,1,26,36.5677,-0.8906,0.327341
2014,1,26,36.526,-0.9323,0.327341
2014,1,26,36.0677,-0.8802,0.327341
2014,1,26,36.026,-0.8281,0.327341
2014,1,26,35.9427,-0.9219,0.327341
2014,1,26,35.9115,-0.9323,0.327341
2014,1,26,35.8906,-0.9948,0.327341
2014,1,26,35.8906,-0.9844,0.327341
2014,1,26,35.8906,-0.8281,0.327341
2014,1,26,35.8385,-0.974,0.327341
2014,1,26,36.974,0.7552,0.327341
2014,1,26,36.9635,0.724,0.327341
2014,1,26,36.776,0.474,0.327341
2014,1,26,36.7656,0.4531,0.327341
2014,1,26,36.7656,0.4635,0.327341
2014,1,26,36.7656,0.5052,0.327341
2014,1,26,36.7552,0.3906,0.327341
2014,1,26,36.7448,0.3698,0.327341
2014,1,26,36.7344,0.3698,0.327341
2014,1,26,36.724,0.349,0.327341
2014,1,26,36.7135,0.3698,0.327341
2014,1,26,36.6927,0.3802,0.327341
2014,1,26,36.6823,0.349,0.327341
2014,1,26,36.6719,0.349,0.327341
2014,1,26,36.6615,0.3281,0.327341
2014,1,26,36.6615,0.3385,0.327341
2014,1,26,36.6615,0.349,0.327341
2014,1,26,36.6615,0.3802,0.327341
2014,1,26,36.651,0.3281,0.327341
2014,1,26,36.651,0.3802,0.327341
2014,1,26,36.6406,0.3177,0.327341
2014,1,26,36.6302,0.2969,0.327341
2014,1,26,36.6302,0.3073,0.327341
2014,1,26,36.6302,0.3177,0.327341
2014,1,26,36.6198,0.3177,0.327341
2014,1,26,36.6198,0.349,0.327341
2014,1,26,36.6094,0.2969,0.327341
2014,1,26,36.6094,0.3177,0.327341
2014,1,26,36.6094,0.3281,0.327341
2014,1,26,36.599,0.2865,0.327341
2014,1,26,36.599,0.3177,0.327341
2014,1,26,36.599,0.3281,0.327341
2014,1,26,36.5885,0.276,0.327341
2014,1,26,36.5885,0.3177,0.327341
2014,1,26,36.5573,0.276,0.327341
2014,1,26,36.5573,0.901,0.327341
2014,1,26,36.526,-0.4219,0.327341
2014,1,26,36.5052,0.9635,0.327341
2014,1,26,36.4948,0.1927,0.327341
2014,1,26,36.4948,0.276,0.327341
2014,1,26,36.4531,-0.1094,0.327341
2014,1,26,36.4323,0.849,0.327341
2014,1,26,36.4219,0.8073,0.327341
2014,1,26,36.4115,-0.0885,0.327341
2014,1,26,36.3594,0.0365,0.327341
2014,1,26,36.3281,-0.1615,0.327341
2014,1,26,36.3281,-0.1198,0.327341
2014,1,26,36.3281,0.0052,0.327341
2014,1,26,36.3177,-0.1823,0.327341
2014,1,26,36.3177,-0.1719,0.327341
2014,1,26,36.3177,-0.151,0.327341
2014,1,26,36.3177,-0.099,0.327341
2014,1,26,36.276,-0.0052,0.327341
2014,1,26,36.276,0.0885,0.327341
2014,1,26,36.276,0.099,0.327341
2014,1,26,36.276,0.2552,0.327341
2014,1,26,36.2656,0.026,0.327341
2014,1,26,36.2656,0.0885,0.327341
2014,1,26,36.2448,0.0573,0.327341
2014,1,26,36.2344,-0.0052,0.327341
2014,1,26,36.224,0.1198,0.327341
2014,1,26,36.2135,-0.099,0.327341
2014,1,26,36.2135,0.0677,0.327341
2014,1,26,36.2031,-0.526,0.327341
2014,1,26,36.2031,0.0885,0.327341
2014,1,26,36.2031,0.1094,0.327341
2014,1,26,36.1927,0.0573,0.327341
2014,1,26,36.1927,0.0781,0.327341
2014,1,26,36.1927,0.1094,0.327341
2014,1,26,36.1823,0.099,0.327341
2014,1,26,36.1823,0.1719,0.327341
2014,1,26,36.1719,0.0156,0.327341
2014,1,26,36.1719,0.026,0.327341
2014,1,26,36.1719,0.0781,0.327341
2014,1,26,36.1719,0.151,0.327341
2014,1,26,36.1615,-0.026,0.327341
2014,1,26,36.1615,-0.0156,0.327341
2014,1,26,36.1615,0.0052,0.327341
2014,1,26,36.1615,0.0781,0.327341
2014,1,26,36.151,-0.0781,0.327341
2014,1,26,36.151,-0.0677,0.327341
2014,1,26,36.151,-0.0573,0.327341
2014,1,26,36.151,-0.0469,0.327341
2014,1,26,36.151,0.0365,0.327341
2014,1,26,36.1406,-0.4323,0.327341
2014,1,26,36.1406,-0.0469,0.327341
2014,1,26,36.1406,0.099,0.327341
2014,1,26,36.1302,-0.4531,0.327341
2014,1,26,36.1302,-0.3802,0.327341
2014,1,26,36.1302,-0.3281,0.327341
2014,1,26,36.1302,-0.0677,0.327341
2014,1,26,36.1198,-0.4115,0.327341
2014,1,26,36.1198,-0.401,0.327341
2014,1,26,36.1198,-0.3802,0.327341
2014,1,26,36.1198,-0.3281,0.327341
2014,1,26,36.1198,-0.0156,0.327341
2014,1,26,36.1094,-0.1615,0.327341
2014,1,26,36.1094,-0.0156,0.327341
2014,1,26,36.1094,0.0156,0.327341
2014,1,26,36.099,-0.151,0.327341
2014,1,26,36.099,-0.1406,0.327341
2014,1,26,36.099,0.0365,0.327341
2014,1,26,36.099,0.0469,0.327341
2014,1,26,36.0885,-0.1719,0.327341
2014,1,26,36.0781,-0.1198,0.327341
2014,1,26,36.0781,-0.0885,0.327341
2014,1,26,36.0677,-0.2865,0.327341
2014,1,26,36.0677,-0.1927,0.327341
2014,1,26,36.0677,-0.1198,0.327341
2014,1,26,36.0677,-0.0885,0.327341
2014,1,26,36.0573,-0.2969,0.327341
2014,1,26,36.0573,-0.1094,0.327341
2014,1,26,36.0573,-0.0885,0.327341
2014,1,26,36.0469,-0.0885,0.327341
2014,1,26,36.0469,-0.0781,0.327341
2014,1,26,36.026,-0.349,0.327341
2014,1,26,36.026,-0.3385,0.327341
2014,1,26,36.026,-0.3281,0.327341
2014,1,26,36.026,-0.2135,0.327341
2014,1,26,36.026,-0.0885,0.327341
2014,1,26,36.0156,-0.3906,0.327341
2014,1,26,36.0156,-0.3698,0.327341
2014,1,26,36.0156,-0.3594,0.327341
2014,1,26,36.0156,-0.349,0.327341
2014,1,26,36.0156,-0.2552,0.327341
2014,1,26,36.0052,-0.401,0.327341
2014,1,26,36.0052,-0.3385,0.327341
2014,1,26,36.0052,-0.3281,0.327341
2014,1,26,36.0052,-0.2448,0.327341
2014,1,26,36.0052,-0.2344,0.327341
2014,1,26,35.9844,-0.4219,0.327341
2014,1,26,35.9844,-0.4115,0.327341
2014,1,26,35.974,-0.401,0.327341
2014,1,27,36.1302,-0.8802,0.327341
2014,1,27,36.1198,-0.8906,0.327341
2014,1,27,36.1198,-0.8802,0.327341
2014,1,27,36.1198,-0.8698,0.327341
2014,1,27,36.1094,-0.9531,0.327341
2014,1,27,36.1094,-0.9323,0.327341
2014,1,27,36.1094,-0.7031,0.327341
2014,1,27,36.099,-0.9635,0.327341
2014,1,27,36.0885,-0.7135,0.327341
2014,1,27,36.026,-0.7865,0.327341
2014,1,27,36.0156,-0.7448,0.327341
2014,1,27,36.0052,-0.7552,0.327341
2014,1,27,35.9844,-0.7865,0.327341
2014,1,27,35.9844,-0.7031,0.327341
2014,1,27,35.974,-0.8281,0.327341
2014,1,27,35.974,-0.8177,0.327341
2014,1,27,35.974,-0.8073,0.327341
2014,1,27,35.974,-0.7552,0.327341
2014,1,27,35.974,-0.7448,0.327341
2014,1,27,35.974,-0.6823,0.327341
2014,1,27,35.9635,-0.7552,0.327341
2014,1,27,35.9531,-0.8281,0.327341
2014,1,27,35.9427,-0.7552,0.327341
2014,1,27,35.9427,-0.7448,0.327341
2014,1,27,35.9427,-0.7344,0.327341
2014,1,27,35.9427,-0.724,0.327341
2014,1,27,35.9427,-0.7135,0.327341
2014,1,27,35.9323,-0.8385,0.327341
2014,1,27,35.9323,-0.7969,0.327341
2014,1,27,35.9323,-0.7656,0.327341
2014,1,27,35.9323,-0.7552,0.327341
2014,1,27,35.9323,-0.7135,0.327341
2014,1,27,35.9323,-0.6927,0.327341
2014,1,27,35.9219,-0.8594,0.327341
2014,1,27,35.9219,-0.8073,0.327341
2014,1,27,35.9219,-0.7656,0.327341
2014,1,27,35.9115,-0.8698,0.327341
2014,1,27,35.9115,-0.8385,0.327341
2014,1,27,35.9115,-0.8177,0.327341
2014,1,27,35.9115,-0.8073,0.327341
2014,1,27,35.9115,-0.7969,0.327341
2014,1,27,35.9115,-0.7031,0.327341
2014,1,27,35.9115,-0.6823,0.327341
2014,1,27,35.901,-0.8802,0.327341
2014,1,27,35.901,-0.8698,0.327341
2014,1,27,35.901,-0.8385,0.327341
2014,1,27,35.901,-0.8177,0.327341
2014,1,27,35.901,-0.724,0.327341
2014,1,27,35.8906,-0.8906,0.327341
2014,1,27,35.8906,-0.8802,0.327341
2014,1,27,35.8906,-0.849,0.327341
2014,1,27,35.8906,-0.7552,0.327341
2014,1,27,35.8906,-0.7344,0.327341
2014,1,27,35.8906,-0.724,0.327341
2014,1,27,35.8802,-0.9219,0.327341
2014,1,27,35.8802,-0.901,0.327341
2014,1,27,35.8802,-0.849,0.327341
2014,1,27,35.8802,-0.776,0.327341
2014,1,27,35.8802,-0.7135,0.327341
2014,1,27,35.8698,-0.7448,0.327341
2014,1,27,35.8594,-0.8594,0.327341
2014,1,27,35.8594,-0.7656,0.327341
2014,1,27,35.849,-0.9844,0.327341
2014,1,27,35.849,-0.7969,0.327341
2014,1,27,35.8385,-0.974,0.327341
2014,1,27,35.8385,-0.8698,0.327341
2014,1,27,35.8385,-0.8073,0.327341
2014,1,27,35.8385,-0.7969,0.327341
2014,1,27,35.8385,-0.7865,0.327341
2014,1,27,35.8385,-0.776,0.327341
2014,1,27,35.8281,-0.9427,0.327341
2014,1,27,35.8281,-0.9219,0.327341
2014,1,27,35.8281,-0.8906,0.327341
2014,1,27,35.8281,-0.8698,0.327341
2014,1,27,35.8177,-0.9427,0.327341
2014,1,27,35.8177,-0.8177,0.327341
2014,1,27,35.8073,-0.974,0.327341
2014,1,27,35.8073,-0.9531,0.327341
2014,1,27,35.8073,-0.9323,0.327341
2014,1,27,35.7969,-0.9635,0.327341
2014,1,27,35.7969,-0.9427,0.327341
2014,1,27,35.7865,-0.9844,0.327341
2014,1,27,35.7865,-0.9635,0.327341
2014,1,27,35.776,-0.9844,0.327341
2014,1,27,36.8385,0.9844,0.327341
2014,1,27,36.8281,0.9948,0.327341
2014,1,27,36.776,0.9323,0.327341
2014,1,27,36.7656,0.9115,0.327341
2014,1,27,36.7656,0.9427,0.327341
2014,1,27,36.7656,0.9948,0.327341
2014,1,27,36.7552,0.9635,0.327341
2014,1,27,36.7135,0.901,0.327341
2014,1,27,36.7031,0.8177,0.327341
2014,1,27,36.7031,0.8281,0.327341
2014,1,27,36.7031,0.849,0.327341
2014,1,27,36.7031,0.8594,0.327341
2014,1,27,36.6927,0.8281,0.327341
2014,1,27,36.6927,0.8385,0.327341
2014,1,27,36.6927,0.849,0.327341
2014,1,27,36.6927,0.8594,0.327341
2014,1,27,36.6927,0.8698,0.327341
2014,1,27,36.6823,0.7135,0.327341
2014,1,27,36.6823,0.7865,0.327341
2014,1,27,36.6823,0.8594,0.327341
2014,1,27,36.6615,0.7552,0.327341
2014,1,27,36.6615,0.7865,0.327341
2014,1,27,36.651,0.7552,0.327341
2014,1,27,36.6406,0.7135,0.327341
2014,1,27,36.6406,0.724,0.327341
2014,1,27,36.6302,0.776,0.327341
2014,1,27,36.6198,0.6615,0.327341
2014,1,27,36.6094,0.6615,0.327341
2014,1,27,36.5885,0.651,0.327341
2014,1,27,36.5365,0.6198,0.327341
2014,1,27,36.526,0.6302,0.327341
2014,1,27,36.5156,0.6198,0.327341
2014,1,27,36.5052,0.5156,0.327341
2014,1,27,36.4948,0.5365,0.327341
2014,1,27,36.4844,0.3594,0.327341
2014,1,27,36.4844,0.599,0.327341
2014,1,27,36.474,0.5052,0.327341
2014,1,27,36.474,0.6094,0.327341
2014,1,27,36.4635,0.5885,0.327341
2014,1,27,36.4531,0.2344,0.327341
2014,1,27,36.4531,0.4844,0.327341
2014,1,27,36.4427,0.2448,0.327341
2014,1,27,36.4427,0.2552,0.327341
2014,1,27,36.4323,0.2552,0.327341
2014,1,27,36.4323,0.2969,0.327341
2014,1,27,36.4323,0.3073,0.327341
2014,1,27,36.4323,0.3594,0.327341
2014,1,27,36.4323,0.401,0.327341
2014,1,27,36.4323,0.4323,0.327341
2014,1,27,36.4323,0.4635,0.327341
2014,1,27,36.4323,0.474,0.327341
2014,1,27,36.4219,0.1927,0.327341
2014,1,27,36.4219,0.276,0.327341
2014,1,27,36.4219,0.2865,0.327341
2014,1,27,36.4219,0.2969,0.327341
2014,1,27,36.4219,0.4531,0.327341
2014,1,27,36.4219,0.474,0.327341
2014,1,27,36.4219,0.5365,0.327341
2014,1,27,36.4115,0.2135,0.327341
2014,1,27,36.4115,0.276,0.327341
2014,1,27,36.4115,0.2969,0.327341
2014,1,27,36.401,0.1823,0.327341
2014,1,27,36.401,0.2031,0.327341
2014,1,27,36.401,0.276,0.327341
2014,1,27,36.3906,0.0885,0.327341
2014,1,27,36.3906,0.1823,0.327341
2014,1,27,36.3906,0.1927,0.327341
2014,1,27,36.3906,0.6094,0.327341
2014,1,27,36.3802,-0.0365,0.327341
2014,1,27,36.3802,0.0885,0.327341
2014,1,27,36.3802,0.1927,0.327341
2014,1,27,36.3802,0.2448,0.327341
2014,1,27,36.3802,0.2552,0.327341
2014,1,27,36.3698,0.0677,0.327341
2014,1,27,36.3698,0.099,0.327341
2014,1,27,36.3698,0.1823,0.327341
2014,1,27,36.3698,0.2135,0.327341
2014,1,27,36.3698,0.224,0.327341
2014,1,27,36.3698,0.2344,0.327341
2014,1,27,36.3698,0.5156,0.327341
2014,1,27,36.3594,0.0677,0.327341
2014,1,27,36.3594,0.0885,0.327341
2014,1,27,36.3594,0.1198,0.327341
2014,1,27,36.3594,0.474,0.327341
2014,1,27,36.3594,0.4844,0.327341
2014,1,27,36.3594,0.526,0.327341
2014,1,27,36.349,0.4948,0.327341
2014,1,27,36.349,0.5156,0.327341
2014,1,27,36.349,0.5469,0.327341
2014,1,27,36.349,0.5573,0.327341
2014,1,27,36.3385,0.4635,0.327341
2014,1,27,36.3385,0.4844,0.327341
2014,1,27,36.3177,0.4427,0.327341
2014,1,27,36.3073,0.4115,0.327341
2014,1,27,36.3073,0.4219,0.327341
2014,1,27,36.2969,-0.3281,0.327341
2014,1,27,36.2865,0.1302,0.327341
2014,1,27,36.2865,0.3698,0.327341
2014,1,27,36.276,0.1094,0.327341
2014,1,27,36.276,0.1302,0.327341
2014,1,27,36.2656,0.0677,0.327341
2014,1,27,36.2656,0.1302,0.327341
2014,1,27,36.2656,0.1406,0.327341
2014,1,27,36.2552,0.1198,0.327341
2014,1,27,36.2344,0.1198,0.327341
2014,1,27,35.9844,-0.6094,0.327341
2014,1,27,35.9844,-0.5573,0.327341
2014,1,27,35.974,-0.651,0.327341
2014,1,27,35.974,-0.6406,0.327341
2014,1,27,35.974,-0.599,0.327341
2014,1,27,35.974,-0.5052,0.327341
2014,1,27,35.974,-0.2135,0.327341
2014,1,27,35.9635,-0.6198,0.327341
2014,1,27,35.9219,-0.6615,0.327341
2014,1,27,35.9115,-0.6615,0.327341
2014,1,27,35.9115,-0.651,0.327341
2014,1,27,35.9115,-0.6406,0.327341
2014,1,27,35.8906,-0.6406,0.327341
2014,1,27,35.8698,-0.6615,0.327341
2014,1,27,35.849,-0.6302,0.327341
2014,1,27,35.8385,-0.6198,0.327341
2014,1,27,35.8177,-0.6198,0.327341
2014,1,27,35.8177,-0.599,0.327341
2014,1,28,36.8073,0.8906,0.327341
2014,1,28,36.7865,0.8385,0.327341
2014,1,28,36.7865,0.8594,0.327341
2014,1,28,36.776,-0.4219,0.327341
2014,1,28,36.776,-0.3906,0.327341
2014,1,28,36.776,-0.3281,0.327341
2014,1,28,36.776,0.8177,0.327341
2014,1,28,36.776,0.8281,0.327341
2014,1,28,36.7656,-0.4635,0.327341
2014,1,28,36.7656,-0.401,0.327341
2014,1,28,36.7656,-0.3698,0.327341
2014,1,28,36.7656,-0.349,0.327341
2014,1,28,36.7656,-0.3385,0.327341
2014,1,28,36.7656,-0.3281,0.327341
2014,1,28,36.7656,-0.2552,0.327341
2014,1,28,36.7656,-0.2344,0.327341
2014,1,28,36.7656,-0.224,0.327341
2014,1,28,36.7552,-0.3385,0.327341
2014,1,28,36.7552,-0.3281,0.327341
2014,1,28,36.7552,-0.2656,0.327341
2014,1,28,36.7448,-0.3385,0.327341
2014,1,28,36.7448,-0.2969,0.327341
2014,1,28,36.7448,0.7344,0.327341
2014,1,28,36.7448,0.7969,0.327341
2014,1,28,36.7448,0.8385,0.327341
2014,1,28,36.7344,0.7135,0.327341
2014,1,28,36.7344,0.7969,0.327341
2014,1,28,36.7344,0.8177,0.327341
2014,1,28,36.7135,0.7135,0.327341
2014,1,28,36.7135,0.7552,0.327341
2014,1,28,36.7135,0.7656,0.327341
2014,1,28,36.7031,0.6615,0.327341
2014,1,28,36.7031,0.724,0.327341
2014,1,28,36.7031,0.7344,0.327341
2014,1,28,36.6927,0.6927,0.327341
2014,1,28,36.6823,0.651,0.327341
2014,1,28,36.6823,0.6719,0.327341
2014,1,28,36.6615,0.2448,0.327341
2014,1,28,36.6615,0.2552,0.327341
2014,1,28,36.6615,0.276,0.327341
2014,1,28,36.6615,0.6406,0.327341
2014,1,28,36.651,0.2865,0.327341
2014,1,28,36.651,0.3177,0.327341
2014,1,28,36.651,0.3385,0.327341
2014,1,28,36.651,0.5365,0.327341
2014,1,28,36.6406,0.2865,0.327341
2014,1,28,36.6406,0.2969,0.327341
2014,1,28,36.6406,0.3281,0.327341
2014,1,28,36.6406,0.4844,0.327341
2014,1,28,36.6406,0.5052,0.327341
2014,1,28,36.6302,0.3177,0.327341
2014,1,28,36.6198,0.3698,0.327341
2014,1,28,36.2344,0.1823,0.327341
2014,1,28,36.224,0.1823,0.327341
2014,1,28,36.224,0.2135,0.327341
2014,1,28,36.224,0.2552,0.327341
2014,1,28,36.224,0.2656,0.327341
2014,1,28,36.2135,0.2344,0.327341
2014,1,28,36.2031,0.1719,0.327341
2014,1,30,36.4948,-0.6927,0.327341
2014,1,30,36.2969,-0.9427,0.327341
2014,1,30,36.0781,-0.6719,0.327341
2014,1,30,36.0677,-0.6927,0.327341
2014,1,30,36.0573,-0.776,0.327341
2014,1,30,35.9531,-0.8802,0.327341
2014,1,30,35.8906,-0.9844,0.327341
2014,1,30,35.8906,-0.974,0.327341
2014,1,30,35.8802,-0.849,0.327341
2014,1,30,35.8802,-0.8177,0.327341
2014,1,30,35.8698,-0.6719,0.327341
2014,1,30,35.8385,-0.8385,0.327341
2014,1,30,35.7969,-0.9323,0.327341
2014,1,30,36.7552,0.9531,0.327341
2014,1,30,36.7344,0.9531,0.327341
2014,1,30,36.7135,0.9323,0.327341
2014,1,30,36.7031,0.9219,0.327341
2014,1,30,36.6615,0.8594,0.327341
2014,1,30,36.651,0.8385,0.327341
2014,1,30,36.651,0.849,0.327341
2014,1,30,36.6406,0.7552,0.327341
2014,1,30,36.6406,0.776,0.327341
2014,1,30,36.6302,0.7865,0.327341
2014,1,30,36.6302,0.8073,0.327341
2014,1,30,36.6302,0.8177,0.327341
2014,1,30,36.6198,0.6719,0.327341
2014,1,30,36.6198,0.6823,0.327341
2014,1,30,36.6198,0.724,0.327341
2014,1,30,36.6094,0.6406,0.327341
2014,1,30,36.6094,0.7031,0.327341
2014,1,30,36.6094,0.724,0.327341
2014,1,30,36.6094,0.8073,0.327341
2014,1,30,36.6094,0.849,0.327341
2014,1,30,36.599,0.599,0.327341
2014,1,30,36.599,0.7031,0.327341
2014,1,30,36.599,0.8073,0.327341
2014,1,30,36.599,0.8281,0.327341
2014,1,30,36.599,0.8802,0.327341
2014,1,30,36.5885,0.7031,0.327341
2014,1,30,36.5885,0.7344,0.327341
2014,1,30,36.5781,0.7135,0.327341
2014,1,30,36.5781,0.7865,0.327341
2014,1,30,36.5781,0.7969,0.327341
2014,1,30,36.5781,0.8802,0.327341
2014,1,30,36.5677,0.7135,0.327341
2014,1,30,36.5677,0.7656,0.327341
2014,1,30,36.5677,0.8594,0.327341
2014,1,30,36.5677,0.8802,0.327341
2014,1,30,36.5573,0.7135,0.327341
2014,1,30,36.5573,0.724,0.327341
2014,1,30,36.5573,0.7344,0.327341
2014,1,30,36.5573,0.8594,0.327341
2014,1,30,36.5469,0.724,0.327341
2014,1,30,36.5469,0.9948,0.327341
2014,1,30,36.526,0.8281,0.327341
2014,1,30,36.526,0.849,0.327341
2014,1,30,36.5156,0.8281,0.327341
2014,1,30,36.5156,0.8906,0.327341
2014,1,30,36.5156,0.901,0.327341
2014,1,30,36.5156,0.9219,0.327341
2014,1,30,36.5052,0.4219,0.327341
2014,1,30,36.5052,0.8385,0.327341
2014,1,30,36.4948,0.4323,0.327341
2014,1,30,36.4844,0.349,0.327341
2014,1,30,36.4844,0.3594,0.327341
2014,1,30,36.4844,0.3906,0.327341
2014,1,30,36.4844,0.401,0.327341
2014,1,30,36.4844,0.4219,0.327341
2014,1,30,36.474,0.3177,0.327341
2014,1,30,36.474,0.3594,0.327341
2014,1,30,36.474,0.3906,0.327341
2014,1,30,36.474,0.5469,0.327341
2014,1,30,36.4635,0.2656,0.327341
2014,1,30,36.4635,0.3594,0.327341
2014,1,30,36.4635,0.5052,0.327341
2014,1,30,36.4531,0.2656,0.327341
2014,1,30,36.4531,0.3177,0.327341
2014,1,30,36.4531,0.474,0.327341
2014,1,30,36.4531,0.4948,0.327341
2014,1,30,36.4427,0.2969,0.327341
2014,1,30,36.4427,0.3073,0.327341
2014,1,30,36.4427,0.4635,0.327341
2014,1,30,36.4427,0.5573,0.327341
2014,1,30,36.4323,0.1927,0.327341
2014,1,30,36.4323,0.2135,0.327341
2014,1,30,36.4323,0.2656,0.327341
2014,1,30,36.4323,0.4323,0.327341
2014,1,30,36.4323,0.5469,0.327341
2014,1,30,36.4219,0.2448,0.327341
2014,1,30,36.4219,0.4219,0.327341
2014,1,30,36.4115,0.3906,0.327341
2014,1,30,36.4115,0.401,0.327341
2014,1,30,36.4115,0.4115,0.327341
2014,1,30,36.4115,0.526,0.327341
2014,1,30,36.3906,0.3594,0.327341
2014,1,30,36.3802,0.2344,0.327341
2014,1,30,36.3802,0.276,0.327341
2014,1,30,36.3802,0.2969,0.327341
2014,1,30,36.3802,0.3073,0.327341
2014,1,30,36.3802,0.3177,0.327341
2014,1,30,36.3802,0.4844,0.327341
2014,1,30,36.3802,0.4948,0.327341
2014,1,30,36.3698,0.2135,0.327341
2014,1,30,36.3698,0.2448,0.327341
2014,1,30,36.3385,0.1615,0.327341
2014,1,30,36.3281,0.1719,0.327341
2014,1,30,36.3177,0.1719,0.327341
2014,1,30,36.3073,0.1615,0.327341
2014,1,30,36.3073,0.3802,0.327341
2014,1,30,36.2969,0.1406,0.327341
2014,1,30,36.2865,0.1198,0.327341
2014,1,30,36.276,0.1094,0.327341
2014,1,30,36.276,0.1198,0.327341
2014,1,30,36.2656,0.0677,0.327341
2014,1,30,36.2656,0.0885,0.327341
2014,1,30,36.2656,0.099,0.327341
2014,1,30,36.2552,0.0365,0.327341
2014,1,30,36.2552,0.0573,0.327341
2014,1,30,36.2552,0.0885,0.327341
2014,1,30,36.2448,-0.0469,0.327341
2014,1,30,36.2448,0.0052,0.327341
2014,1,30,36.2448,0.0156,0.327341
2014,1,30,36.2448,0.0469,0.327341
2014,1,30,36.2448,0.276,0.327341
2014,1,30,36.2344,-0.099,0.327341
2014,1,30,36.2344,-0.0365,0.327341
2014,1,30,36.2344,-0.026,0.327341
2014,1,30,36.2344,0.026,0.327341
2014,1,30,36.2344,0.0365,0.327341
2014,1,30,36.224,-0.1927,0.327341
2014,1,30,36.224,-0.1406,0.327341
2014,1,30,36.224,-0.0781,0.327341
2014,1,30,36.2135,-0.1615,0.327341
2014,1,30,36.2135,-0.1302,0.327341
2014,1,30,36.2031,-0.2031,0.327341
2014,1,30,36.2031,-0.1823,0.327341
2014,1,30,36.2031,-0.0885,0.327341
2014,1,30,36.1927,-0.2344,0.327341
2014,1,30,36.1927,-0.2031,0.327341
2014,1,30,36.1823,-0.3385,0.327341
2014,1,30,36.1823,-0.2656,0.327341
2014,1,30,36.1823,-0.2448,0.327341
2014,1,30,36.1823,-0.1823,0.327341
2014,1,30,36.1823,0.1719,0.327341
2014,1,30,36.151,-0.3802,0.327341
2014,1,30,36.151,-0.3698,0.327341
2014,1,30,36.1302,-0.401,0.327341
2014,1,30,36.1094,-0.4635,0.327341
2014,1,30,36.1094,-0.4115,0.327341
2014,1,30,36.1094,-0.1615,0.327341
2014,1,30,36.099,-0.4844,0.327341
2014,1,30,36.0885,-0.5885,0.327341
2014,1,30,36.0885,-0.5469,0.327341
2014,1,30,36.0885,-0.4948,0.327341
2014,1,30,36.0885,-0.474,0.327341
2014,1,30,36.0885,-0.2969,0.327341
2014,1,30,36.0885,0.0677,0.327341
2014,1,30,36.0885,0.0781,0.327341
2014,1,30,36.0781,-0.651,0.327341
2014,1,30,36.0781,-0.6302,0.327341
2014,1,30,36.0781,-0.5677,0.327341
2014,1,30,36.0677,0.0677,0.327341
2014,1,31,36.6302,-0.8906,0.327341
2014,1,31,36.6198,-0.901,0.327341
2014,1,31,36.6198,-0.8073,0.327341
2014,1,31,36.6094,-0.849,0.327341
2014,1,31,36.6094,-0.7552,0.327341
2014,1,31,36.599,-0.8802,0.327341
2014,1,31,36.599,-0.8698,0.327341
2014,1,31,36.599,-0.8281,0.327341
2014,1,31,36.599,-0.776,0.327341
2014,1,31,36.599,-0.7656,0.327341
2014,1,31,36.5885,-0.8802,0.327341
2014,1,31,36.5885,-0.8698,0.327341
2014,1,31,36.5885,-0.8385,0.327341
2014,1,31,36.5781,-0.8698,0.327341
2014,1,31,36.5781,-0.849,0.327341
2014,1,31,36.5677,-0.8906,0.327341
2014,1,31,36.5677,-0.8594,0.327341
2014,1,31,36.5573,-0.9219,0.327341
2014,1,31,36.5573,-0.8802,0.327341
2014,1,31,36.5573,-0.8698,0.327341
2014,1,31,36.5573,-0.8594,0.327341
2014,1,31,36.5469,-0.901,0.327341
2014,1,31,36.5469,-0.8906,0.327341
2014,1,31,36.5469,-0.8698,0.327341
2014,1,31,36.5365,-0.9323,0.327341
2014,1,31,36.5365,-0.9115,0.327341
2014,1,31,36.5365,-0.8906,0.327341
2014,1,31,36.5365,-0.8802,0.327341
2014,1,31,36.526,-0.9115,0.327341
2014,1,31,36.5156,-0.9635,0.327341
2014,1,31,36.5156,-0.9323,0.327341
2014,1,31,36.5156,-0.9219,0.327341
2014,1,31,36.5156,-0.9115,0.327341
2014,1,31,36.5156,-0.901,0.327341
2014,1,31,36.5052,-1.0052,0.327341
2014,1,31,36.5052,-0.9844,0.327341
2014,1,31,36.5052,-0.974,0.327341
2014,1,31,36.5052,-0.9531,0.327341
2014,1,31,36.5052,-0.9323,0.327341
2014,1,31,36.5052,-0.9115,0.327341
2014,1,31,36.4948,-1.0052,0.327341
2014,1,31,36.4948,-0.974,0.327341
2014,1,31,36.4948,-0.9115,0.327341
2014,1,31,36.4844,-0.9948,0.327341
2014,1,31,36.4844,-0.9635,0.327341
2014,1,31,36.4844,-0.9531,0.327341
2014,1,31,36.474,-0.9844,0.327341
2014,1,31,36.474,-0.9635,0.327341
2014,1,31,36.474,-0.901,0.327341
2014,1,31,36.4635,-0.9219,0.327341
2014,1,31,36.4531,-0.9219,0.327341
2014,1,31,36.276,-0.9635,0.327341
2014,1,31,36.2448,-0.901,0.327341
2014,1,31,36.2344,-0.9427,0.327341
2014,1,31,36.2031,-0.9531,0.327341
2014,1,31,35.776,-0.7344 *,0.327341
2014,1,31,36.7656,-0.5469,0.327341
2014,1,31,36.6927,-0.5052,0.327341
2014,1,31,36.6719,-0.6615,0.327341
2014,1,31,36.6719,0.9635,0.327341
2014,1,31,36.6719,0.974,0.327341
2014,1,31,36.6719,0.9948,0.327341
2014,1,31,36.6615,0.9115,0.327341
2014,1,31,36.6615,0.9219,0.327341
2014,1,31,36.6615,0.9427,0.327341
2014,1,31,36.6615,0.9635,0.327341
2014,1,31,36.651,-0.4844,0.327341
2014,1,31,36.651,0.9531,0.327341
2014,1,31,36.651,0.974,0.327341
2014,1,31,36.6406,0.901,0.327341
2014,1,31,36.6406,0.9323,0.327341
2014,1,31,36.6406,0.9427,0.327341
2014,1,31,36.6406,0.9531,0.327341
2014,1,31,36.6406,0.9844,0.327341
2014,1,31,36.6406,0.9948,0.327341
2014,1,31,36.6302,0.9219,0.327341
2014,1,31,36.6198,0.9844,0.327341
2014,1,31,36.6094,0.9115,0.327341
2014,1,31,36.6094,0.9219,0.327341
2014,1,31,36.6094,0.9323,0.327341
2014,1,31,36.6094,0.9531,0.327341
2014,1,31,36.599,-0.4635,0.327341
2014,1,31,36.599,0.8906,0.327341
2014,1,31,36.599,0.901,0.327341
2014,1,31,36.599,0.9323,0.327341
2014,1,31,36.599,0.974,0.327341
2014,1,31,36.599,0.9844,0.327341
2014,1,31,36.5885,0.8802,0.327341
2014,1,31,36.5885,0.8906,0.327341
2014,1,31,36.5885,0.9427,0.327341
2014,1,31,36.5885,0.9948,0.327341
2014,1,31,36.5781,0.901,0.327341
2014,1,31,36.5781,0.974,0.327341
2014,1,31,36.5677,0.8594,0.327341
2014,1,31,36.5677,0.8906,0.327341
2014,1,31,36.5573,0.8594,0.327341
2014,1,31,36.5573,0.901,0.327341
2014,1,31,36.5469,0.8594,0.327341
2014,1,31,36.5365,-0.4531,0.327341
2014,1,31,36.526,-0.4531,0.327341
2014,1,31,36.4948,0.651,0.327341
2014,1,31,36.4948,0.7135,0.327341
2014,1,31,36.4844,-0.4635,0.327341
2014,1,31,36.4844,0.6406,0.327341
2014,1,31,36.4844,0.6719,0.327341
2014,1,31,36.4844,0.6927,0.327341
2014,1,31,36.474,-0.474,0.327341
2014,1,31,36.474,-0.4635,0.327341
2014,1,31,36.474,-0.4219,0.327341
2014,1,31,36.474,0.6198,0.327341
2014,1,31,36.474,0.724,0.327341
2014,1,31,36.4635,0.6615,0.327341
2014,1,31,36.4635,0.6823,0.327341
2014,1,31,36.4635,0.6927,0.327341
2014,1,31,36.4531,-0.5156,0.327341
2014,1,31,36.4531,0.6094,0.327341
2014,1,31,36.4531,0.6198,0.327341
2014,1,31,36.4531,0.6406,0.327341
2014,1,31,36.4427,0.5885,0.327341
2014,1,31,36.4427,0.6094,0.327341
2014,1,31,36.4427,0.6198,0.327341
2014,1,31,36.4427,0.6406,0.327341
2014,1,31,36.4427,0.6615,0.327341
2014,1,31,36.4323,-0.4531,0.327341
2014,1,31,36.4323,0.5885,0.327341
2014,1,31,36.4323,0.6094,0.327341
2014,1,31,36.4219,0.5573,0.327341
2014,1,31,36.4219,0.5677,0.327341
2014,1,31,36.4219,0.5885,0.327341
2014,1,31,36.4219,0.599,0.327341
2014,1,31,36.4219,0.6094,0.327341
2014,1,31,36.4219,0.6302,0.327341
2014,1,31,36.4115,-0.2448,0.327341
2014,1,31,36.4115,0.5365,0.327341
2014,1,31,36.4115,0.5677,0.327341
2014,1,31,36.4115,0.599,0.327341
2014,1,31,36.4115,0.6198,0.327341
2014,1,31,36.401,0.3177,0.327341
2014,1,31,36.401,0.5052,0.327341
2014,1,31,36.401,0.5156,0.327341
2014,1,31,36.401,0.5573,0.327341
2014,1,31,36.401,0.5677,0.327341
2014,1,31,36.401,0.5885,0.327341
2014,1,31,36.401,0.6094,0.327341
2014,1,31,36.3906,0.3385,0.327341
2014,1,31,36.3906,0.349,0.327341
2014,1,31,36.3906,0.4427,0.327341
2014,1,31,36.3906,0.474,0.327341
2014,1,31,36.3802,-0.3073,0.327341
2014,1,31,36.3802,0.276,0.327341
2014,1,31,36.3802,0.349,0.327341
2014,1,31,36.3802,0.3802,0.327341
2014,1,31,36.3802,0.4427,0.327341
2014,1,31,36.3802,0.5781,0.327341
2014,1,31,36.3698,0.276,0.327341
2014,1,31,36.3698,0.3698,0.327341
2014,1,31,36.3698,0.3802,0.327341
2014,1,31,36.3698,0.401,0.327341
2014,1,31,36.3594,-0.1927,0.327341
2014,1,31,36.3594,0.5573,0.327341
2014,1,31,36.349,-0.2552,0.327341
2014,1,31,36.349,0.3281,0.327341
2014,1,31,36.3385,-0.2344,0.327341
2014,1,31,36.3385,0.2344,0.327341
2014,1,31,36.3385,0.5052,0.327341
2014,1,31,36.3073,0.1927,0.327341
2014,1,31,36.2865,0.1615,0.327341
2014,1,31,36.2865,0.3906,0.327341
2014,1,31,36.2656,0.3385,0.327341
2014,1,31,36.2552,0.2135,0.327341
2014,1,31,36.2344,0.2135,0.327341
2014,1,31,35.974,-0.2448,0.327341
2014,1,31,35.9635,-0.2552,0.327341
2014,1,31,35.9219,-0.3281,0.327341
2014,1,31,35.7865,-0.6094,0.327341
2014,1,1,36.7135,-0.6823,0.338844
2014,1,1,36.6927,-0.6823,0.338844
2014,1,1,36.6927,-0.6719,0.338844
2014,1,1,36.6615,-0.6823,0.338844
2014,1,1,36.6406,-0.776,0.338844
2014,1,1,36.6406,-0.7031,0.338844
2014,1,1,36.599,-0.6823,0.338844
2014,1,1,36.5885,-0.8594,0.338844
2014,1,1,36.5885,-0.849,0.338844
2014,1,1,36.5885,-0.8281,0.338844
2014,1,1,36.5885,-0.776,0.338844
2014,1,1,36.5885,-0.724,0.338844
2014,1,1,36.5781,-0.8698,0.338844
2014,1,1,36.5573,-0.6927,0.338844
2014,1,1,36.526,-0.776,0.338844
2014,1,1,36.5156,-0.7552,0.338844
2014,1,1,36.5156,-0.6719,0.338844
2014,1,1,36.151,-0.6719,0.338844
2014,1,1,36.1406,-0.6927,0.338844
2014,1,1,36.1406,-0.6823,0.338844
2014,1,1,36.1406,-0.6719,0.338844
2014,1,1,36.1198,-0.7031,0.338844
2014,1,1,36.0781,-0.849,0.338844
2014,1,1,36.0781,-0.8385,0.338844
2014,1,1,36.0365,-0.9323,0.338844
2014,1,1,36.026,-0.9531,0.338844
2014,1,1,36.026,-0.9323,0.338844
2014,1,1,35.9427,-0.8698,0.338844
2014,1,1,35.9323,-0.8802,0.338844
2014,1,1,35.9323,-0.8698,0.338844
2014,1,1,35.9219,-0.9115,0.338844
2014,1,1,35.9115,-0.9531,0.338844
2014,1,1,35.9115,-0.9323,0.338844
2014,1,1,35.9115,-0.9219,0.338844
2014,1,1,35.9115,-0.9115,0.338844
2014,1,1,35.901,-0.9323,0.338844
2014,1,1,35.8906,-0.9844,0.338844
2014,1,1,35.8906,-0.9427,0.338844
2014,1,1,35.8906,-0.9323,0.338844
2014,1,1,35.8802,-0.9844,0.338844
2014,1,1,35.8802,-0.9427,0.338844
2014,1,1,35.8698,-0.9948,0.338844
2014,1,1,35.8698,-0.974,0.338844
2014,1,1,35.8698,-0.9635,0.338844
2014,1,1,35.8594,-0.9948,0.338844
2014,1,1,35.8594,-0.9844,0.338844
2014,1,1,35.8594,-0.974,0.338844
2014,1,1,35.8594,-0.9635,0.338844
2014,1,1,35.849,-0.9844,0.338844
2014,1,1,37.2031,0.5885,0.338844
2014,1,1,37.1719,0.5781,0.338844
2014,1,1,37.1719,0.9427,0.338844
2014,1,1,37.1406,0.5781,0.338844
2014,1,1,37.1094,0.5156,0.338844
2014,1,1,37.1094,0.5677,0.338844
2014,1,1,37.099,0.4427,0.338844
2014,1,1,37.0781,0.5156,0.338844
2014,1,1,37.0677,0.5156,0.338844
2014,1,1,37.0677,0.6094,0.338844
2014,1,1,37.0677,0.6198,0.338844
2014,1,1,37.0573,0.4948,0.338844
2014,1,1,37.0573,0.5052,0.338844
2014,1,1,37.0573,0.6094,0.338844
2014,1,1,37.0469,0.5052,0.338844
2014,1,1,37.0469,0.5156,0.338844
2014,1,1,37.0469,0.526,0.338844
2014,1,1,37.0469,0.5677,0.338844
2014,1,1,37.0469,0.5781,0.338844
2014,1,1,37.0469,0.599,0.338844
2014,1,1,37.0469,0.6094,0.338844
2014,1,1,37.0365,0.526,0.338844
2014,1,1,37.0365,0.5573,0.338844
2014,1,1,37.0365,0.5677,0.338844
2014,1,1,37.0365,0.599,0.338844
2014,1,1,37.0365,0.6302,0.338844
2014,1,1,37.026,0.5365,0.338844
2014,1,1,37.026,0.6615,0.338844
2014,1,1,37.026,0.6719,0.338844
2014,1,1,37.026,0.6823,0.338844
2014,1,1,37.0156,0.6823,0.338844
2014,1,1,37.0052,0.651,0.338844
2014,1,1,37.0052,0.6823,0.338844
2014,1,1,37.0052,0.6927,0.338844
2014,1,1,36.9948,0.6615,0.338844
2014,1,1,36.9948,0.6927,0.338844
2014,1,1,36.9844,0.6823,0.338844
2014,1,1,36.9844,0.6927,0.338844
2014,1,1,36.9844,0.7031,0.338844
2014,1,1,36.9844,0.7448,0.338844
2014,1,1,36.974,0.7031,0.338844
2014,1,1,36.9531,0.6927,0.338844
2014,1,1,36.9531,0.724,0.338844
2014,1,1,36.9531,0.7448,0.338844
2014,1,1,36.9219,0.7552,0.338844
2014,1,1,36.9219,0.7656,0.338844
2014,1,1,36.9219,0.9427,0.338844
2014,1,1,36.9115,0.7969,0.338844
2014,1,1,36.9115,0.901,0.338844
2014,1,1,36.901,0.7969,0.338844
2014,1,1,36.724,-0.6615,0.338844
2014,1,1,36.724,-0.651,0.338844
2014,1,1,36.7031,0.974,0.338844
2014,1,1,36.7031,0.9844,0.338844
2014,1,1,36.6823,0.9427,0.338844
2014,1,1,36.6719,0.7135,0.338844
2014,1,1,36.6615,-0.6406,0.338844
2014,1,1,36.6615,-0.5677,0.338844
2014,1,1,36.651,-0.6094,0.338844
2014,1,1,36.651,-0.599,0.338844
2014,1,1,36.6406,0.8073,0.338844
2014,1,1,36.6198,-0.651,0.338844
2014,1,1,36.6198,-0.6302,0.338844
2014,1,1,36.6198,-0.4844,0.338844
2014,1,1,36.6198,0.7969,0.338844
2014,1,1,36.6198,0.8281,0.338844
2014,1,1,36.6094,-0.6615,0.338844
2014,1,1,36.599,-0.651,0.338844
2014,1,1,36.599,-0.6094,0.338844
2014,1,1,36.5885,-0.5885,0.338844
2014,1,1,36.5885,0.6719,0.338844
2014,1,1,36.5885,0.7552,0.338844
2014,1,1,36.5781,-0.5885,0.338844
2014,1,1,36.5781,0.6927,0.338844
2014,1,1,36.5469,-0.5885,0.338844
2014,1,1,36.5365,-0.5781,0.338844
2014,1,1,36.5052,0.599,0.338844
2014,1,1,36.5052,0.6302,0.338844
2014,1,1,36.4948,0.599,0.338844
2014,1,1,36.4844,0.5885,0.338844
2014,1,1,36.4844,0.599,0.338844
2014,1,1,36.474,0.599,0.338844
2014,1,1,36.4427,0.526,0.338844
2014,1,1,36.4427,0.5469,0.338844
2014,1,1,36.4427,0.5885,0.338844
2014,1,1,36.4427,0.599,0.338844
2014,1,1,36.4323,0.151,0.338844
2014,1,1,36.4323,0.1615,0.338844
2014,1,1,36.4323,0.526,0.338844
2014,1,1,36.4323,0.5677,0.338844
2014,1,1,36.4323,0.5781,0.338844
2014,1,1,36.4323,0.5885,0.338844
2014,1,1,36.4219,0.1198,0.338844
2014,1,1,36.4219,0.1302,0.338844
2014,1,1,36.4219,0.1719,0.338844
2014,1,1,36.4219,0.1823,0.338844
2014,1,1,36.4219,0.1927,0.338844
2014,1,1,36.4219,0.2135,0.338844
2014,1,1,36.4219,0.5365,0.338844
2014,1,1,36.4115,0.2031,0.338844
2014,1,1,36.4115,0.5469,0.338844
2014,1,1,36.401,0.5469,0.338844
2014,1,1,36.3906,0.151,0.338844
2014,1,1,36.3906,0.5469,0.338844
2014,1,1,36.3802,0.5365,0.338844
2014,1,1,36.3698,0.0885,0.338844
2014,1,1,36.3698,0.3802,0.338844
2014,1,1,36.3698,0.401,0.338844
2014,1,1,36.3594,0.401,0.338844
2014,1,1,36.3594,0.4323,0.338844
2014,1,1,36.349,0.0781,0.338844
2014,1,1,36.349,0.224,0.338844
2014,1,1,36.349,0.3594,0.338844
2014,1,1,36.349,0.3698,0.338844
2014,1,1,36.349,0.4323,0.338844
2014,1,1,36.3385,-0.276,0.338844
2014,1,1,36.3385,-0.2031,0.338844
2014,1,1,36.3385,-0.1719,0.338844
2014,1,1,36.3385,0.0885,0.338844
2014,1,1,36.3385,0.2865,0.338844
2014,1,1,36.3385,0.3385,0.338844
2014,1,1,36.3385,0.349,0.338844
2014,1,1,36.3385,0.4531,0.338844
2014,1,1,36.3281,-0.2865,0.338844
2014,1,1,36.3281,-0.1927,0.338844
2014,1,1,36.3281,0.0885,0.338844
2014,1,1,36.3281,0.2448,0.338844
2014,1,1,36.3281,0.3698,0.338844
2014,1,1,36.3177,-0.3281,0.338844
2014,1,1,36.3177,-0.3177,0.338844
2014,1,1,36.3177,-0.1615,0.338844
2014,1,1,36.3177,-0.151,0.338844
2014,1,1,36.3177,-0.1302,0.338844
2014,1,1,36.3177,0.0781,0.338844
2014,1,1,36.3073,-0.1406,0.338844
2014,1,1,36.3073,-0.1094,0.338844
2014,1,1,36.2969,-0.3698,0.338844
2014,1,1,36.2969,-0.3594,0.338844
2014,1,1,36.2969,-0.349,0.338844
2014,1,1,36.2865,-0.3698,0.338844
2014,1,1,36.2865,0.0469,0.338844
2014,1,1,36.276,0.0573,0.338844
2014,1,1,36.2656,-0.3802,0.338844
2014,1,1,36.2656,-0.1719,0.338844
2014,1,1,36.2656,0.0365,0.338844
2014,1,1,36.2552,0.026,0.338844
2014,1,1,36.2448,-0.4323,0.338844
2014,1,1,36.2344,-0.474,0.338844
2014,1,1,36.2344,-0.099,0.338844
2014,1,1,36.2344,-0.0052,0.338844
2014,1,1,36.2344,0.0156,0.338844
2014,1,1,36.224,-0.5052,0.338844
2014,1,1,36.224,-0.4948,0.338844
2014,1,1,36.224,-0.099,0.338844
2014,1,1,36.224,-0.026,0.338844
2014,1,1,36.224,-0.0052,0.338844
2014,1,1,36.2135,-0.526,0.338844
2014,1,1,36.2135,-0.5156,0.338844
2014,1,1,36.2135,-0.1406,0.338844
2014,1,1,36.2031,-0.5365,0.338844
2014,1,1,36.2031,-0.526,0.338844
2014,1,1,36.2031,-0.1406,0.338844
2014,1,1,36.1927,-0.5677,0.338844
2014,1,1,36.1927,-0.5573,0.338844
2014,1,1,36.1823,-0.224,0.338844
2014,1,1,36.1719,-0.651,0.338844
2014,1,1,36.1719,-0.599,0.338844
2014,1,1,36.1719,-0.2448,0.338844
2014,1,1,36.1719,-0.2344,0.338844
2014,1,1,36.1719,-0.224,0.338844
2014,1,1,36.1615,-0.651,0.338844
2014,1,1,36.1615,-0.599,0.338844
2014,1,1,36.1615,-0.224,0.338844
2014,1,1,36.151,-0.6615,0.338844
2014,1,1,36.151,-0.2552,0.338844
2014,1,1,36.151,-0.224,0.338844
2014,1,1,36.151,-0.2031,0.338844
2014,1,1,36.1406,-0.6615,0.338844
2014,1,1,36.1406,-0.2448,0.338844
2014,1,1,36.1302,-0.2344,0.338844
2014,1,1,35.9635,-0.651,0.338844
2014,1,4,35.974,-0.8802,0.338844
2014,1,4,35.9531,-0.9219,0.338844
2014,1,4,37.3177,0.8906,0.338844
2014,1,4,37.2656,0.6719,0.338844
2014,1,4,37.2552,0.6719,0.338844
2014,1,4,37.2552,0.6823,0.338844
2014,1,4,37.2448,0.7031,0.338844
2014,1,4,37.2344,0.6823,0.338844
2014,1,4,37.224,0.724,0.338844
2014,1,4,37.2135,0.7448,0.338844
2014,1,4,37.2031,0.6719,0.338844
2014,1,4,37.2031,0.8385,0.338844
2014,1,4,37.1927,0.7135,0.338844
2014,1,4,37.1927,0.7552,0.338844
2014,1,4,37.1823,0.7656,0.338844
2014,1,4,37.1823,0.776,0.338844
2014,1,4,37.1615,0.7031,0.338844
2014,1,4,37.1615,0.7656,0.338844
2014,1,4,37.151,0.7135,0.338844
2014,1,4,37.151,0.7656,0.338844
2014,1,4,37.1406,0.6927,0.338844
2014,1,4,37.1406,0.9427,0.338844
2014,1,4,37.1302,0.7031,0.338844
2014,1,4,37.1302,0.7344,0.338844
2014,1,4,37.1302,0.7448,0.338844
2014,1,4,37.1302,0.9427,0.338844
2014,1,4,37.1198,0.6719,0.338844
2014,1,4,37.1198,0.6823,0.338844
2014,1,4,37.1198,0.7135,0.338844
2014,1,4,37.1198,0.7344,0.338844
2014,1,4,37.1094,0.6823,0.338844
2014,1,4,37.1094,0.7031,0.338844
2014,1,4,37.1094,0.7135,0.338844
2014,1,4,37.1094,0.7344,0.338844
2014,1,4,37.099,0.2552,0.338844
2014,1,4,37.099,0.6719,0.338844
2014,1,4,37.099,0.6823,0.338844
2014,1,4,37.099,0.6927,0.338844
2014,1,4,37.099,0.7135,0.338844
2014,1,4,37.099,0.724,0.338844
2014,1,4,37.099,0.7344,0.338844
2014,1,4,37.099,0.849,0.338844
2014,1,4,37.0885,0.6615,0.338844
2014,1,4,37.0885,0.7135,0.338844
2014,1,4,37.0885,0.724,0.338844
2014,1,4,37.0781,0.2656,0.338844
2014,1,4,37.0781,0.349,0.338844
2014,1,4,37.0781,0.6615,0.338844
2014,1,4,37.0781,0.6719,0.338844
2014,1,4,37.0781,0.6823,0.338844
2014,1,4,37.0781,0.7135,0.338844
2014,1,4,37.0677,0.7135,0.338844
2014,1,4,37.0573,0.1719,0.338844
2014,1,4,37.0573,0.1823,0.338844
2014,1,4,37.0573,0.6719,0.338844
2014,1,4,37.0573,0.724,0.338844
2014,1,4,37.0573,0.7344,0.338844
2014,1,4,37.0573,0.7448,0.338844
2014,1,4,37.0573,0.8906,0.338844
2014,1,4,37.0469,0.224,0.338844
2014,1,4,37.0469,0.7344,0.338844
2014,1,4,37.0469,0.776,0.338844
2014,1,4,37.0052,0.6198,0.338844
2014,1,4,37.0052,0.9844,0.338844
2014,1,4,36.9948,0.474,0.338844
2014,1,4,36.9948,0.4844,0.338844
2014,1,4,36.9948,0.5573,0.338844
2014,1,4,36.9948,0.5781,0.338844
2014,1,4,36.9948,0.6094,0.338844
2014,1,4,36.9844,0.4115,0.338844
2014,1,4,36.9844,0.5573,0.338844
2014,1,4,36.9635,0.401,0.338844
2014,1,4,36.9531,0.5052,0.338844
2014,1,4,36.9531,0.5677,0.338844
2014,1,4,36.9427,0.4531,0.338844
2014,1,4,36.9427,0.4844,0.338844
2014,1,4,36.9427,0.5156,0.338844
2014,1,4,36.9427,0.5469,0.338844
2014,1,4,36.9427,0.5573,0.338844
2014,1,4,36.9427,0.5677,0.338844
2014,1,4,36.9323,0.3906,0.338844
2014,1,4,36.9323,0.401,0.338844
2014,1,4,36.9323,0.5052,0.338844
2014,1,4,36.9323,0.526,0.338844
2014,1,4,36.9323,0.5469,0.338844
2014,1,4,36.9323,0.5573,0.338844
2014,1,4,36.9219,0.3594,0.338844
2014,1,4,36.9219,0.4844,0.338844
2014,1,4,36.9219,0.4948,0.338844
2014,1,4,36.9219,0.5365,0.338844
2014,1,4,36.9219,0.5781,0.338844
2014,1,4,36.9219,0.5885,0.338844
2014,1,4,36.9115,0.526,0.338844
2014,1,4,36.9115,0.5365,0.338844
2014,1,7,36.6406,-0.0573,0.338844
2014,1,7,36.5677,0.4844,0.338844
2014,1,8,36.9844,-0.0156,0.338844
2014,1,8,36.974,-0.0156,0.338844
2014,1,8,36.9635,-0.0052,0.338844
2014,1,8,36.9635,0.0052,0.338844
2014,1,8,36.9531,-0.1094,0.338844
2014,1,8,36.9323,0.1302,0.338844
2014,1,8,36.9219,-0.0781,0.338844
2014,1,8,36.9115,0.1302,0.338844
2014,1,8,36.901,0.1406,0.338844
2014,1,8,36.8698,0.151,0.338844
2014,1,8,36.8594,0.151,0.338844
2014,1,8,36.8385,0.151,0.338844
2014,1,8,36.8177,0.151,0.338844
2014,1,8,36.8073,0.151,0.338844
2014,1,8,36.7969,0.151,0.338844
2014,1,8,36.7969,0.8177,0.338844
2014,1,8,36.7865,0.7344,0.338844
2014,1,8,36.776,0.1615,0.338844
2014,1,8,36.776,0.7031,0.338844
2014,1,8,36.776,0.7135,0.338844
2014,1,8,36.7656,0.6615,0.338844
2014,1,8,36.7656,0.6823,0.338844
2014,1,8,36.7656,0.6927,0.338844
2014,1,8,36.7656,0.7031,0.338844
2014,1,8,36.7656,0.7135,0.338844
2014,1,8,36.7552,0.151,0.338844
2014,1,8,36.7552,0.1615,0.338844
2014,1,8,36.7552,0.6615,0.338844
2014,1,8,36.7552,0.6719,0.338844
2014,1,8,36.7552,0.6823,0.338844
2014,1,8,36.7448,0.151,0.338844
2014,1,8,36.7448,0.1615,0.338844
2014,1,8,36.7448,0.1719,0.338844
2014,1,8,36.7448,0.1823,0.338844
2014,1,8,36.7448,0.651,0.338844
2014,1,8,36.7448,0.6719,0.338844
2014,1,8,36.7344,0.1094,0.338844
2014,1,8,36.7344,0.1406,0.338844
2014,1,8,36.7344,0.1615,0.338844
2014,1,8,36.7344,0.1823,0.338844
2014,1,8,36.7344,0.1927,0.338844
2014,1,8,36.7344,0.6719,0.338844
2014,1,8,36.7344,0.6823,0.338844
2014,1,8,36.724,0.1302,0.338844
2014,1,8,36.724,0.1406,0.338844
2014,1,8,36.724,0.151,0.338844
2014,1,8,36.724,0.1823,0.338844
2014,1,8,36.724,0.2135,0.338844
2014,1,8,36.7031,0.1094,0.338844
2014,1,8,36.6198,0.0156,0.338844
2014,1,8,36.6094,0.0052,0.338844
2014,1,8,36.6094,0.0156,0.338844
2014,1,8,36.5365,-0.0365,0.338844
2014,1,8,36.5365,-0.026,0.338844
2014,1,8,36.5365,-0.0156,0.338844
2014,1,8,36.526,-0.0365,0.338844
2014,1,8,36.5156,-0.0469,0.338844
2014,1,8,36.4948,-0.0469,0.338844
2014,1,8,36.4948,-0.0365,0.338844
2014,1,8,36.4844,-0.0469,0.338844
2014,1,8,36.4844,-0.0365,0.338844
2014,1,8,36.474,-0.0365,0.338844
2014,1,8,36.4635,-0.0677,0.338844
2014,1,8,36.4635,-0.0469,0.338844
2014,1,8,36.4635,-0.0365,0.338844
2014,1,8,36.4427,-0.0573,0.338844
2014,1,8,36.4219,-0.0677,0.338844
2014,1,8,36.3906,-0.1094,0.338844
2014,1,8,36.3906,-0.0885,0.338844
2014,1,8,36.3802,-0.1198,0.338844
2014,1,8,36.3594,-0.1719,0.338844
2014,1,8,36.3594,0.651,0.338844
2014,1,8,36.349,-0.1823,0.338844
2014,1,8,36.349,-0.1719,0.338844
2014,1,8,36.3385,-0.2344,0.338844
2014,1,8,36.3385,-0.1927,0.338844
2014,1,8,36.3281,-0.2031,0.338844
2014,1,8,36.3177,-0.2552,0.338844
2014,1,8,36.3177,-0.2344,0.338844
2014,1,8,36.3073,-0.5781,0.338844
2014,1,8,36.3073,-0.4219,0.338844
2014,1,8,36.3073,-0.2969,0.338844
2014,1,8,36.3073,-0.2656,0.338844
2014,1,8,36.3073,-0.2552,0.338844
2014,1,8,36.2969,-0.5781,0.338844
2014,1,8,36.2969,-0.474,0.338844
2014,1,8,36.2969,-0.4115,0.338844
2014,1,8,36.2969,-0.3906,0.338844
2014,1,8,36.2969,-0.3594,0.338844
2014,1,8,36.2969,-0.349,0.338844
2014,1,8,36.2969,-0.3385,0.338844
2014,1,8,36.2969,-0.2656,0.338844
2014,1,8,36.2865,-0.6094,0.338844
2014,1,8,36.2865,-0.599,0.338844
2014,1,8,36.2865,-0.5781,0.338844
2014,1,8,36.2865,-0.5052,0.338844
2014,1,8,36.2865,-0.4844,0.338844
2014,1,8,36.2865,-0.4635,0.338844
2014,1,8,36.2865,-0.4531,0.338844
2014,1,8,36.2865,-0.4323,0.338844
2014,1,8,36.276,-0.5365,0.338844
2014,1,8,36.276,-0.4844,0.338844
2014,1,8,36.2656,-0.526,0.338844
2014,1,8,36.2552,-0.349,0.338844
2014,1,8,36.2552,-0.2969,0.338844
2014,1,8,36.2344,-0.3698,0.338844
2014,1,8,36.224,-0.474,0.338844
2014,1,8,36.224,-0.3594,0.338844
2014,1,8,36.224,-0.3281,0.338844
2014,1,8,36.2135,-0.3385,0.338844
2014,1,8,36.2031,-0.474,0.338844
2014,1,8,36.2031,-0.4323,0.338844
2014,1,8,36.2031,-0.4219,0.338844
2014,1,8,36.2031,-0.3802,0.338844
2014,1,8,36.1927,-0.4427,0.338844
2014,1,8,36.1927,-0.4323,0.338844
2014,1,8,36.1927,-0.4219,0.338844
2014,1,8,36.1927,-0.4115,0.338844
2014,1,8,36.1927,-0.401,0.338844
2014,1,8,36.1927,-0.3906,0.338844
2014,1,8,36.1823,-0.526,0.338844
2014,1,8,36.1823,-0.4635,0.338844
2014,1,8,36.1823,-0.4219,0.338844
2014,1,8,36.1823,-0.3906,0.338844
2014,1,8,36.1719,-0.4948,0.338844
2014,1,8,36.151,-0.5052,0.338844
2014,1,8,35.849,-0.5156,0.338844
2014,1,9,36.5573,-0.6927,0.338844
2014,1,9,36.7552,-0.3177,0.338844
2014,1,9,36.7552,-0.276,0.338844
2014,1,9,36.7448,-0.3073,0.338844
2014,1,9,36.6823,-0.2031,0.338844
2014,1,9,36.6302,-0.4635,0.338844
2014,1,9,36.6094,-0.474,0.338844
2014,1,9,36.599,-0.2865,0.338844
2014,1,9,36.5781,-0.474,0.338844
2014,1,9,36.3802,-0.0677,0.338844
2014,1,9,36.3698,-0.1406,0.338844
2014,1,9,36.224,-0.3698,0.338844
